0,0.025,0.025,0,0,0,0,0,0,0,0.025,0,0,0.075,0,0.025,0.075,0.1,0.025,0.025,0.05,0.025,0.025,0,0.025,0,0,0.025,0,0,0.025,0.025,0,0,0,0,0,0.025,0.025,0,0.075,0,0.025,0,0.05,0,0.025,0.025,0.05,0.025,0,0,0,0,0.025,0.05,0,0,0,0,0,0,0,0
0.034483,0.017241,0.017241,0.017241,0.017241,0,0,0.017241,0.051724,0,0.017241,0,0.051724,0.017241,0.017241,0.034483,0.034483,0.034483,0,0.051724,0.017241,0,0,0,0.068966,0,0.017241,0,0,0,0,0,0.017241,0.034483,0.017241,0,0.017241,0,0,0,0.017241,0.068966,0,0,0,0,0.017241,0.034483,0.034483,0.017241,0,0.017241,0.017241,0,0,0.017241,0.034483,0.034483,0.017241,0,0.034483,0,0,0.017241
0.042553,0,0.021277,0,0,0.021277,0,0.021277,0.021277,0,0.021277,0.042553,0.021277,0,0,0.021277,0,0.06383,0,0,0.06383,0.042553,0.021277,0.042553,0,0.042553,0,0,0,0,0,0.06383,0.021277,0,0,0.042553,0.021277,0,0,0,0,0,0.021277,0,0,0.021277,0.021277,0.021277,0,0,0,0.021277,0.06383,0.021277,0,0.042553,0.021277,0,0.021277,0.021277,0.021277,0.021277,0,0
0,0.045455,0.045455,0,0.090909,0,0,0,0,0.090909,0,0.045455,0,0,0,0,0,0,0,0,0.045455,0,0,0,0,0,0,0,0,0,0.045455,0,0.045455,0.045455,0.045455,0,0,0,0,0.045455,0,0.045455,0,0,0,0,0.045455,0.045455,0.090909,0,0.045455,0,0.045455,0,0.045455,0,0,0,0,0,0.045455,0,0,0
0.037975,0,0.037975,0.037975,0.037975,0.012658,0,0,0.012658,0.012658,0.050633,0.012658,0.037975,0.025316,0.025316,0,0.037975,0,0.012658,0,0.037975,0.012658,0.012658,0.025316,0,0.025316,0.025316,0,0,0,0.012658,0.012658,0,0.025316,0.025316,0,0.012658,0,0.012658,0,0,0.025316,0.025316,0.012658,0.037975,0,0.012658,0,0.025316,0,0.012658,0.012658,0.012658,0.025316,0.012658,0.012658,0.025316,0.037975,0.025316,0,0,0,0.012658,0.037975
0,0.04,0,0,0,0,0,0,0,0,0,0,0,0,0,0.08,0,0.08,0,0.04,0,0,0,0.08,0,0,0,0.04,0.04,0.04,0,0,0,0.04,0.04,0.04,0,0.04,0,0.04,0.08,0.04,0.04,0,0,0,0,0,0,0,0,0,0,0,0,0.08,0,0.08,0,0,0,0,0,0.04
0,0,0,0,0,0,0,0.027778,0,0,0,0,0,0,0,0.027778,0.027778,0,0,0,0.027778,0.027778,0,0.027778,0.027778,0.027778,0,0.083333,0.027778,0,0.027778,0,0.055556,0,0,0,0.027778,0,0,0.055556,0.027778,0,0,0.027778,0.055556,0.055556,0,0,0.027778,0.027778,0.027778,0.055556,0,0,0,0.027778,0,0.027778,0.055556,0.027778,0,0,0.027778,0.027778
0.025641,0,0,0,0.025641,0,0.051282,0,0.025641,0.025641,0.025641,0.025641,0,0,0,0,0,0.025641,0,0.025641,0.051282,0.025641,0.025641,0.025641,0.076923,0.051282,0.025641,0.025641,0,0.025641,0,0,0,0,0,0,0.025641,0.051282,0.025641,0.051282,0,0,0.051282,0,0,0,0,0.025641,0,0,0,0,0.051282,0.025641,0,0,0,0.025641,0.051282,0.025641,0,0,0,0
0,0,0,0,0,0,0.032258,0.032258,0.032258,0.064516,0.032258,0.032258,0,0,0,0,0.032258,0,0,0,0.064516,0,0.032258,0,0.096774,0.032258,0.032258,0.032258,0,0,0,0,0,0,0,0,0,0,0,0.032258,0,0,0.032258,0,0,0,0.032258,0,0,0,0.032258,0,0,0.032258,0.032258,0.12903,0.032258,0.032258,0.032258,0,0,0.032258,0,0
0,0,0,0,0,0,0,0.043478,0.043478,0,0,0,0,0,0,0,0.086957,0,0,0,0.086957,0,0,0.086957,0,0.043478,0,0,0,0,0,0,0,0,0,0.043478,0,0,0,0.086957,0,0.043478,0.043478,0,0,0.043478,0,0.043478,0,0,0,0.086957,0,0,0,0.043478,0.043478,0,0.043478,0.043478,0.043478,0,0,0
0,0,0,0,0,0,0,0.02381,0,0.02381,0,0,0,0,0,0,0.02381,0,0,0.047619,0.02381,0.02381,0.02381,0.095238,0.02381,0.02381,0.02381,0,0.02381,0,0,0.02381,0,0,0.02381,0.02381,0.02381,0,0.02381,0.16667,0.02381,0.02381,0,0.02381,0,0,0,0,0,0,0,0,0.02381,0.02381,0.02381,0.02381,0.071429,0.047619,0.02381,0,0,0,0,0.02381
0,0,0.025641,0.025641,0.025641,0,0,0,0,0,0,0.051282,0,0,0.025641,0,0,0.025641,0.025641,0.025641,0.051282,0.025641,0,0.025641,0,0,0,0.051282,0.051282,0,0,0.025641,0,0,0,0.025641,0.025641,0,0.025641,0.051282,0.025641,0,0,0.025641,0,0,0,0.025641,0.025641,0,0,0.025641,0,0,0,0.051282,0.025641,0,0.076923,0.051282,0.025641,0,0.025641,0.025641
0,0,0,0.04,0,0.04,0,0,0,0,0,0,0.04,0,0,0,0,0,0.04,0.04,0.08,0,0,0.04,0.08,0,0.04,0.04,0,0.04,0,0.04,0,0,0,0,0,0,0,0,0,0,0.12,0,0,0,0,0,0,0,0,0,0.08,0.04,0,0.04,0.04,0.04,0.04,0,0,0,0,0.04
0,0,0,0,0,0.047619,0,0,0.047619,0.047619,0,0,0,0,0,0,0,0,0,0,0,0.047619,0.095238,0,0,0.095238,0,0,0,0,0,0,0,0,0,0.047619,0.095238,0,0.047619,0.047619,0,0,0,0,0.047619,0,0,0.047619,0,0,0,0,0.047619,0.047619,0,0.047619,0.047619,0,0.047619,0.047619,0,0,0,0
0.013889,0,0.013889,0.041667,0.083333,0.013889,0.013889,0.027778,0.013889,0.027778,0.013889,0,0.013889,0.013889,0,0.041667,0.013889,0,0.027778,0.013889,0.027778,0,0.041667,0,0.027778,0,0,0,0.027778,0,0,0,0.027778,0,0,0.013889,0.055556,0.027778,0.041667,0,0.027778,0,0,0,0.013889,0.013889,0.013889,0,0.013889,0.027778,0.013889,0.013889,0.041667,0.027778,0.013889,0.041667,0,0.013889,0,0.013889,0,0,0.013889,0.013889
0,0.027778,0,0.013889,0.027778,0,0,0.041667,0.013889,0.027778,0,0,0,0.013889,0.027778,0.013889,0.013889,0,0.013889,0,0.041667,0.027778,0.041667,0.013889,0.013889,0.027778,0,0,0,0,0,0.013889,0,0,0,0,0.027778,0.041667,0.013889,0.013889,0,0,0.013889,0.055556,0.013889,0,0.013889,0,0.013889,0,0,0,0.041667,0.097222,0.055556,0.041667,0.013889,0.013889,0,0.041667,0.041667,0.013889,0.013889,0
0,0,0,0,0.022222,0,0,0,0.044444,0,0.022222,0,0,0,0.044444,0,0.022222,0,0.022222,0,0.022222,0.022222,0,0.022222,0.044444,0.044444,0,0.044444,0.022222,0,0.022222,0,0,0.022222,0.022222,0.044444,0.022222,0,0.044444,0.044444,0.022222,0.022222,0.022222,0,0.022222,0,0,0,0,0,0,0,0.022222,0,0.044444,0.044444,0.022222,0.088889,0.022222,0.022222,0.022222,0,0,0
0.014085,0,0,0,0.014085,0,0,0.028169,0,0.014085,0.042254,0.028169,0,0,0.014085,0,0.042254,0.014085,0.028169,0,0.070423,0.014085,0.014085,0.014085,0.042254,0,0.014085,0.028169,0,0,0,0,0,0,0.014085,0,0.070423,0,0,0,0,0,0.014085,0.014085,0,0,0.042254,0.014085,0.028169,0,0,0.028169,0.056338,0.028169,0,0.028169,0.042254,0.014085,0.042254,0.042254,0,0.014085,0.028169,0.042254
0.029412,0,0.029412,0,0.058824,0,0,0,0,0,0,0,0.029412,0.088235,0.029412,0.029412,0.029412,0,0,0,0.029412,0,0.029412,0.029412,0,0,0.058824,0,0,0.029412,0.029412,0.058824,0,0,0,0,0.058824,0,0,0.029412,0.029412,0,0,0,0.058824,0.029412,0,0,0.058824,0,0.029412,0,0,0,0,0,0,0.058824,0,0,0,0,0.029412,0.029412
0,0.028169,0.014085,0.014085,0,0.014085,0.028169,0,0.014085,0.056338,0.042254,0,0,0.014085,0.042254,0.014085,0,0,0,0,0.028169,0.014085,0.070423,0.042254,0,0.014085,0.028169,0.014085,0,0.014085,0.014085,0.014085,0,0.014085,0.014085,0,0.042254,0.014085,0.056338,0.014085,0,0,0,0,0,0,0.014085,0,0.014085,0.014085,0,0.014085,0.028169,0,0.014085,0.014085,0.014085,0.056338,0.056338,0.028169,0,0.042254,0,0
0,0.045455,0,0,0,0,0,0,0.045455,0.045455,0.13636,0.045455,0.045455,0,0.045455,0,0,0,0,0,0,0,0.045455,0.045455,0,0.045455,0.045455,0,0,0,0,0,0,0.090909,0,0,0,0.045455,0,0,0,0,0,0,0,0,0,0,0,0,0,0,0,0,0.045455,0,0.045455,0.13636,0,0,0,0,0,0.045455
0.11765,0.058824,0,0,0,0,0.058824,0,0.058824,0.11765,0,0,0,0,0,0.058824,0,0,0,0,0.058824,0,0,0,0.058824,0,0,0,0,0,0,0,0,0,0,0,0,0,0,0,0,0,0,0,0.058824,0.058824,0,0,0,0,0.058824,0,0,0.058824,0,0,0.11765,0,0.058824,0,0,0,0,0
0.010753,0,0.021505,0,0.010753,0.010753,0.053763,0.021505,0.043011,0.043011,0.021505,0.021505,0.010753,0,0.053763,0.010753,0.010753,0,0,0,0.021505,0.010753,0.043011,0,0.032258,0.010753,0.053763,0,0,0.010753,0,0,0,0.010753,0.010753,0,0.032258,0,0.010753,0.021505,0,0,0.021505,0.010753,0.010753,0,0.021505,0.010753,0.010753,0,0.010753,0.010753,0.043011,0,0.043011,0.010753,0.043011,0.032258,0.043011,0.021505,0.010753,0.010753,0.021505,0
0,0,0,0,0.037037,0,0.074074,0,0.037037,0,0.037037,0,0,0,0.037037,0,0.074074,0,0,0,0,0,0,0,0.11111,0,0.037037,0,0,0,0,0,0,0.037037,0,0,0,0,0.037037,0.074074,0,0,0,0.037037,0.074074,0.037037,0,0.037037,0,0,0,0,0,0.037037,0,0.037037,0.037037,0.074074,0.037037,0,0,0,0,0
0.090909,0.018182,0,0.018182,0.036364,0,0.018182,0,0.036364,0,0.018182,0.018182,0,0,0,0,0.018182,0,0.054545,0,0.036364,0,0.018182,0,0,0.072727,0.018182,0,0.018182,0,0.036364,0,0.018182,0,0,0,0,0,0.018182,0,0,0.036364,0,0,0.018182,0.036364,0.054545,0,0.018182,0,0.018182,0,0.036364,0,0,0,0.054545,0.018182,0.036364,0,0,0.036364,0.018182,0.054545
0,0,0,0,0,0,0,0,0,0,0,0.090909,0,0,0.090909,0,0,0,0,0.090909,0,0,0,0,0.090909,0,0,0,0,0,0.090909,0,0,0,0.090909,0,0,0,0,0,0,0,0,0,0,0,0.090909,0,0,0,0,0,0,0,0,0,0.090909,0,0,0.090909,0.090909,0,0.090909,0
0.030303,0.060606,0,0,0,0.030303,0,0.030303,0.030303,0,0,0.030303,0.030303,0.030303,0,0.060606,0.030303,0,0,0,0,0.030303,0,0,0,0.030303,0,0.030303,0,0,0,0,0.060606,0,0,0,0.060606,0,0.030303,0,0.030303,0,0,0,0,0.030303,0.030303,0,0.060606,0.060606,0,0,0,0,0,0.060606,0.060606,0,0.030303,0,0,0,0.030303,0
0,0.019231,0.019231,0,0.019231,0,0,0.019231,0.019231,0,0.019231,0,0,0.019231,0.019231,0.019231,0,0.076923,0.038462,0,0.038462,0,0.038462,0.038462,0.019231,0.019231,0,0,0,0,0.019231,0.038462,0,0,0.038462,0,0,0,0.019231,0.019231,0.019231,0.019231,0.019231,0,0,0,0,0.019231,0.038462,0.019231,0,0,0.019231,0,0,0.038462,0.019231,0,0.11538,0.019231,0,0,0.019231,0.057692
0,0.028571,0,0.014286,0,0.028571,0.057143,0,0.014286,0,0.042857,0,0.014286,0.014286,0.014286,0,0.014286,0,0.014286,0,0.057143,0,0.014286,0.028571,0.028571,0,0,0,0,0.042857,0.014286,0.014286,0.014286,0.014286,0.014286,0.028571,0.028571,0.028571,0.028571,0.042857,0,0,0.014286,0,0,0,0.014286,0,0,0.028571,0,0,0.028571,0.028571,0.028571,0.057143,0.028571,0.028571,0.071429,0,0,0,0.014286,0
0,0.012346,0,0,0.074074,0.024691,0,0.024691,0.024691,0.098765,0.012346,0.012346,0.012346,0,0.012346,0,0.024691,0.012346,0,0,0.061728,0.024691,0.012346,0.024691,0.012346,0.074074,0.012346,0,0,0.024691,0.024691,0,0.024691,0.012346,0,0,0.074074,0.024691,0.012346,0.037037,0,0,0,0,0.012346,0.074074,0.012346,0.012346,0.037037,0,0,0,0,0,0,0.012346,0,0,0,0.012346,0,0,0.024691,0
0,0,0.016129,0,0.048387,0,0.016129,0.016129,0.016129,0,0.064516,0.016129,0,0,0,0,0,0.016129,0,0.016129,0.032258,0.016129,0.048387,0.016129,0.032258,0.032258,0.032258,0,0,0,0,0,0,0,0.032258,0.016129,0.048387,0.016129,0.032258,0.032258,0.032258,0.032258,0.016129,0.032258,0.032258,0,0,0,0.016129,0,0,0.016129,0.048387,0,0.032258,0.064516,0.016129,0.016129,0.032258,0,0,0,0,0
0.04,0,0,0.04,0.04,0,0,0,0.04,0.04,0,0,0,0,0,0,0.04,0,0.04,0,0,0,0,0,0,0,0,0.04,0,0,0,0,0.04,0,0,0,0.04,0,0.08,0,0.04,0.04,0,0.08,0.08,0.04,0.08,0,0,0,0,0,0,0,0.04,0,0.04,0,0,0,0.04,0,0.04,0
0,0.020408,0.020408,0,0.040816,0.020408,0,0.020408,0.020408,0.040816,0,0,0.020408,0.020408,0,0,0,0,0.020408,0,0.020408,0,0,0,0,0,0.040816,0,0,0,0,0.020408,0,0,0,0,0.040816,0.040816,0.040816,0.061224,0.040816,0.020408,0.020408,0,0.020408,0,0.020408,0.020408,0.020408,0.040816,0.020408,0,0,0.040816,0.040816,0.020408,0.040816,0.020408,0.040816,0.040816,0,0,0,0.020408
0,0,0,0,0,0.1,0,0,0.1,0,0,0,0,0,0,0.1,0,0,0,0,0,0,0,0.1,0,0,0,0,0.1,0,0,0,0,0,0,0.1,0,0,0,0,0,0,0,0,0,0,0,0,0,0,0,0,0,0,0,0.1,0.1,0,0,0,0,0,0.1,0.1
0.028571,0,0.028571,0,0.028571,0.014286,0.028571,0.014286,0.042857,0.042857,0.057143,0.042857,0,0,0.014286,0,0.028571,0.014286,0,0.014286,0.042857,0.014286,0.028571,0.014286,0,0.014286,0.042857,0,0,0,0.014286,0.014286,0.028571,0,0,0.014286,0.042857,0,0.014286,0.014286,0.028571,0,0.028571,0,0,0.014286,0.014286,0,0.014286,0.028571,0,0,0.014286,0.014286,0,0.014286,0,0.057143,0.014286,0,0,0,0.042857,0.014286
0,0,0,0.015152,0.030303,0,0,0.045455,0,0,0,0,0.015152,0,0,0,0,0.030303,0.015152,0,0.045455,0,0,0.015152,0.045455,0.060606,0.030303,0.030303,0,0,0,0.015152,0.015152,0,0,0.015152,0.015152,0,0.045455,0.075758,0.030303,0.030303,0,0.015152,0.015152,0,0.015152,0.045455,0.030303,0,0.015152,0.015152,0,0.015152,0,0.045455,0.060606,0,0.060606,0.015152,0,0,0.015152,0.015152
0,0,0,0,0.017544,0.035088,0.017544,0.017544,0,0.052632,0.035088,0.017544,0,0.035088,0.017544,0,0.017544,0.017544,0,0.035088,0.035088,0.017544,0.035088,0,0,0.017544,0.035088,0,0,0.017544,0.052632,0.017544,0,0.017544,0,0,0.035088,0,0,0,0.017544,0,0,0,0.017544,0.035088,0,0,0.017544,0,0,0,0.017544,0,0,0.035088,0.035088,0.052632,0.087719,0.035088,0.017544,0,0.035088,0
0,0.037736,0,0.018868,0.037736,0.018868,0.037736,0.037736,0,0.018868,0,0.018868,0,0.056604,0,0,0,0,0,0.018868,0.018868,0.018868,0.09434,0.018868,0.037736,0,0.018868,0,0.018868,0,0,0,0,0,0,0.018868,0,0.037736,0.037736,0.018868,0.037736,0,0.037736,0.018868,0,0.018868,0.018868,0.018868,0,0,0,0.018868,0.018868,0,0,0.018868,0.018868,0.037736,0.018868,0.037736,0,0,0,0.037736
0,0,0,0,0,0,0,0,0,0,0.055556,0.055556,0,0,0,0,0,0.055556,0,0,0.055556,0,0.11111,0.055556,0,0,0,0,0.055556,0,0,0,0,0,0,0,0,0,0,0.055556,0,0,0,0,0,0,0,0,0,0,0,0,0.11111,0.055556,0.11111,0,0.055556,0.055556,0.11111,0,0,0,0,0
0,0.039474,0.013158,0,0.026316,0,0.026316,0,0,0.19737,0.013158,0.026316,0,0.039474,0.065789,0.013158,0.013158,0,0,0.013158,0.039474,0,0.013158,0.026316,0.013158,0.078947,0.013158,0.013158,0,0.013158,0,0.013158,0,0.013158,0,0,0.013158,0.013158,0.013158,0.013158,0,0.013158,0.026316,0,0,0.013158,0,0,0.026316,0.013158,0,0.013158,0,0,0.026316,0,0,0.026316,0.026316,0,0.013158,0.013158,0.013158,0
0,0,0,0.071429,0,0,0.071429,0,0.071429,0,0,0,0.14286,0,0,0,0,0,0,0,0,0,0,0,0,0,0,0,0.071429,0,0,0,0,0,0,0,0,0,0,0,0,0,0,0.071429,0,0,0,0.21429,0,0,0,0.071429,0,0,0,0,0,0,0,0,0.14286,0,0,0.071429
0,0.033333,0,0,0.066667,0,0.033333,0.033333,0.033333,0.033333,0,0,0,0,0,0,0,0,0,0,0,0,0.066667,0.033333,0.066667,0,0.033333,0.066667,0,0,0,0.033333,0,0,0.033333,0,0,0,0.033333,0.033333,0,0,0.033333,0.033333,0,0,0.033333,0,0,0,0,0,0.066667,0.033333,0,0.033333,0.066667,0,0.066667,0,0,0,0,0
0.015625,0.015625,0.015625,0,0,0.015625,0.03125,0,0,0.015625,0,0,0,0.015625,0.046875,0.015625,0.046875,0.015625,0.015625,0.046875,0.015625,0,0.046875,0.015625,0,0.015625,0.015625,0.015625,0,0,0.015625,0,0.03125,0.03125,0.03125,0.015625,0,0.015625,0,0.015625,0.015625,0,0.015625,0.015625,0,0,0.015625,0,0.015625,0,0.046875,0.03125,0.03125,0.015625,0.03125,0.078125,0,0.015625,0.015625,0,0,0.03125,0.015625,0.015625
0,0.027778,0.027778,0.055556,0,0,0,0,0.027778,0,0,0,0,0,0.027778,0,0.027778,0,0,0.027778,0.027778,0,0.027778,0.055556,0.027778,0,0.027778,0.027778,0,0,0,0.027778,0.027778,0.027778,0.055556,0,0,0.027778,0.055556,0.027778,0,0,0.027778,0,0,0,0,0,0,0,0,0,0.027778,0.027778,0,0,0.027778,0,0.027778,0.13889,0.027778,0,0.027778,0
0,0,0,0.041667,0,0,0,0.041667,0.041667,0,0,0,0,0,0,0.041667,0.083333,0.083333,0,0.041667,0,0,0,0.041667,0,0.041667,0.16667,0.041667,0,0,0,0,0,0,0,0,0,0,0,0,0,0.041667,0,0.083333,0,0,0,0,0.041667,0,0,0,0.041667,0,0,0.041667,0,0.041667,0.041667,0,0,0,0,0
0,0.043478,0,0.043478,0,0,0.043478,0.043478,0,0,0,0,0,0,0,0,0,0,0,0,0,0.043478,0.043478,0.043478,0.043478,0,0,0,0,0,0,0,0,0,0,0.086957,0.086957,0,0.043478,0.086957,0,0,0,0,0,0,0,0,0.043478,0,0,0,0,0,0.043478,0.043478,0,0,0.086957,0.086957,0,0,0.043478,0
0.19444,0.055556,0,0.055556,0.055556,0,0,0,0,0.027778,0.027778,0,0.027778,0.027778,0,0,0.083333,0.027778,0.055556,0,0.027778,0,0,0,0.027778,0,0,0,0,0,0,0,0,0,0.027778,0,0,0,0.055556,0,0.055556,0,0,0,0.027778,0,0,0,0,0.027778,0,0,0,0,0,0,0.055556,0.027778,0,0,0.027778,0,0,0
0.04878,0.04878,0.04878,0.02439,0.02439,0,0,0.02439,0,0,0.073171,0.04878,0.02439,0,0.04878,0,0,0,0,0,0.02439,0,0.02439,0,0,0,0,0,0,0,0.02439,0,0,0.02439,0,0,0,0.04878,0,0,0.02439,0.02439,0.02439,0,0,0,0,0,0,0.02439,0.02439,0,0,0,0.073171,0.097561,0,0.04878,0,0.02439,0,0,0.02439,0.04878
0.084507,0.042254,0.056338,0,0.028169,0.014085,0.042254,0.028169,0.014085,0.028169,0.014085,0.014085,0.014085,0.014085,0.028169,0,0.028169,0,0.028169,0.014085,0.028169,0.014085,0.028169,0.014085,0.042254,0.014085,0.028169,0,0.014085,0,0.014085,0,0,0.028169,0,0,0,0,0.042254,0.014085,0,0,0,0,0,0,0,0,0.028169,0.014085,0.014085,0.014085,0.014085,0.014085,0.028169,0,0,0.014085,0.028169,0.014085,0.014085,0,0.028169,0
0,0,0,0.016129,0.016129,0,0.016129,0.048387,0,0,0.016129,0.016129,0,0.032258,0.016129,0,0.032258,0.016129,0,0.016129,0.064516,0,0,0.016129,0.032258,0.032258,0.016129,0,0.016129,0.016129,0.016129,0.016129,0.016129,0,0.016129,0,0,0.016129,0,0,0.032258,0,0,0.016129,0,0.032258,0.016129,0.016129,0,0.032258,0.032258,0,0,0.048387,0.016129,0.016129,0.064516,0.032258,0.016129,0.032258,0.016129,0.016129,0,0.048387
0.035714,0,0,0,0,0,0.035714,0,0,0,0,0,0,0.035714,0.035714,0.10714,0.035714,0.035714,0,0.035714,0,0,0.035714,0,0.071429,0.035714,0,0,0,0,0,0,0,0,0,0,0,0,0,0,0,0.035714,0,0,0,0,0,0,0.14286,0.035714,0,0.035714,0,0,0,0,0.10714,0,0,0.035714,0,0.035714,0.035714,0.035714
0,0,0,0,0.035714,0.035714,0.02381,0.02381,0.02381,0.059524,0.059524,0.035714,0.02381,0.02381,0.02381,0,0,0,0,0.011905,0.035714,0,0.011905,0,0.02381,0.02381,0.02381,0,0,0.011905,0.011905,0.011905,0,0,0.011905,0.011905,0.035714,0.02381,0.02381,0.02381,0,0.02381,0.011905,0,0,0.011905,0,0,0,0,0.011905,0.02381,0.059524,0.02381,0,0.011905,0.02381,0.035714,0.047619,0,0.035714,0,0,0.011905
0.044444,0.044444,0,0.011111,0.044444,0.011111,0.022222,0.011111,0.022222,0.044444,0.022222,0,0.011111,0,0.011111,0.022222,0.055556,0.011111,0.011111,0.011111,0.011111,0.022222,0,0,0.011111,0,0.011111,0.011111,0.011111,0.011111,0,0,0,0.022222,0.022222,0.011111,0.033333,0,0.022222,0,0.011111,0.011111,0,0,0,0.022222,0.022222,0,0,0.033333,0.011111,0.022222,0.022222,0,0.044444,0.033333,0.033333,0.033333,0.011111,0.011111,0.022222,0,0.022222,0.022222
0.050847,0.016949,0.016949,0.016949,0.016949,0,0.016949,0,0,0.033898,0.033898,0.016949,0.016949,0,0,0,0.033898,0,0.016949,0,0,0.016949,0.016949,0.033898,0.033898,0.016949,0,0,0.016949,0,0.033898,0.016949,0.033898,0,0.016949,0.016949,0.016949,0,0,0.016949,0,0.033898,0.016949,0.016949,0,0.016949,0.033898,0,0.033898,0.016949,0.016949,0.033898,0.016949,0,0.016949,0,0.033898,0.016949,0.033898,0,0.033898,0,0.050847,0
0,0,0.039216,0.039216,0.019608,0.019608,0.019608,0.039216,0,0.019608,0.039216,0.019608,0.019608,0.019608,0.078431,0.019608,0.019608,0,0,0,0.019608,0,0.019608,0,0,0.019608,0,0.019608,0.019608,0,0.039216,0.039216,0,0,0,0,0.019608,0,0.019608,0,0,0,0.019608,0,0.019608,0.019608,0.019608,0.019608,0.058824,0.019608,0,0,0.098039,0,0.019608,0,0,0.039216,0.019608,0,0.019608,0,0,0
0.016667,0,0.016667,0.016667,0,0,0.016667,0,0.066667,0.05,0.05,0,0.033333,0,0.016667,0.016667,0.05,0.016667,0.033333,0,0.016667,0,0.016667,0.016667,0.016667,0.05,0,0,0,0,0.016667,0,0,0,0.016667,0,0.033333,0,0,0.033333,0,0,0.016667,0.033333,0.016667,0,0.016667,0,0.05,0,0.033333,0.016667,0.016667,0,0,0,0.016667,0.033333,0.016667,0,0.066667,0,0.016667,0.033333
0.027778,0.055556,0.027778,0.027778,0,0,0.027778,0,0,0.083333,0.027778,0.027778,0.055556,0,0.055556,0.055556,0.083333,0,0,0,0,0,0,0,0.027778,0,0.027778,0,0.027778,0.055556,0.027778,0,0,0,0,0,0.027778,0,0,0.027778,0,0,0,0,0.055556,0,0,0,0,0,0,0,0.027778,0,0,0.027778,0,0,0,0.027778,0,0,0.055556,0.027778
0.013889,0,0,0,0.013889,0.013889,0,0.013889,0.013889,0,0.013889,0.041667,0.013889,0,0.013889,0.013889,0.027778,0.013889,0.041667,0.027778,0.069444,0.027778,0,0.027778,0.027778,0,0.013889,0.027778,0,0.013889,0.013889,0,0,0.013889,0,0.013889,0,0.013889,0,0.013889,0.027778,0,0.013889,0,0,0.013889,0,0.041667,0,0,0,0,0.041667,0.027778,0,0.055556,0.041667,0.027778,0.055556,0.041667,0,0.027778,0.027778,0
0,0,0,0,0.037037,0,0,0.037037,0.037037,0,0.11111,0,0,0,0,0.074074,0,0,0,0.037037,0,0.037037,0,0,0,0,0.074074,0,0,0,0.037037,0,0.074074,0,0,0,0,0,0.037037,0.074074,0,0,0,0,0,0.037037,0,0.037037,0,0,0.037037,0,0.037037,0,0,0.037037,0.037037,0.074074,0,0,0.037037,0,0,0
0,0.035714,0,0,0.035714,0,0,0,0.035714,0.035714,0.035714,0,0.035714,0.035714,0.035714,0,0,0,0,0.035714,0,0,0.035714,0,0,0.035714,0,0,0,0,0,0,0,0,0,0,0,0,0.035714,0.035714,0,0,0,0,0.035714,0.071429,0,0,0.035714,0.035714,0,0.071429,0.035714,0,0,0,0.071429,0,0.071429,0.035714,0.035714,0.035714,0,0
0,0,0.024691,0,0.037037,0.012346,0.049383,0.024691,0.024691,0.012346,0.024691,0.012346,0,0,0.037037,0,0.012346,0,0.024691,0,0.037037,0,0.024691,0.012346,0,0.061728,0.037037,0.012346,0,0,0.037037,0.012346,0.012346,0.012346,0,0.012346,0.037037,0.037037,0.012346,0.012346,0.012346,0,0.012346,0.024691,0,0,0.037037,0,0.012346,0,0.012346,0,0,0.024691,0,0.012346,0.037037,0,0.037037,0,0.024691,0.049383,0.012346,0.024691
0,0,0,0,0.025,0,0.025,0.05,0,0.025,0.025,0,0,0,0,0.025,0,0.025,0.05,0.05,0.05,0,0.05,0.075,0,0.075,0.025,0.025,0,0,0,0,0.025,0,0.025,0,0.05,0.025,0,0.025,0,0,0,0,0,0,0.075,0.025,0,0,0,0,0,0,0.075,0,0,0,0.025,0.025,0,0,0.025,0
0.014925,0.014925,0.029851,0,0.059701,0.044776,0.014925,0.029851,0,0,0.074627,0.014925,0,0.029851,0.029851,0.014925,0.014925,0,0.029851,0.014925,0,0.014925,0.014925,0.014925,0.014925,0,0,0.014925,0.014925,0,0.014925,0,0.014925,0.029851,0,0.014925,0,0,0,0.029851,0.014925,0,0.014925,0,0,0.014925,0,0,0,0.014925,0,0.014925,0.10448,0.014925,0.014925,0.014925,0.029851,0.029851,0.029851,0.014925,0.014925,0,0,0.029851
0.011494,0.022989,0,0.011494,0.011494,0.011494,0,0.057471,0.034483,0.045977,0.045977,0.045977,0.011494,0.011494,0,0.022989,0.011494,0.011494,0.011494,0.011494,0.091954,0.011494,0.011494,0.011494,0.034483,0,0.034483,0,0.011494,0,0.011494,0.011494,0.011494,0,0,0.011494,0.057471,0,0.034483,0.091954,0.022989,0,0.011494,0,0,0,0.011494,0,0.022989,0,0,0,0,0.034483,0.022989,0,0,0.011494,0.011494,0.011494,0,0,0.011494,0
0,0.013699,0.013699,0.013699,0.013699,0.068493,0.013699,0.013699,0.041096,0,0.013699,0.027397,0,0.041096,0.054795,0.027397,0.027397,0,0.013699,0.013699,0.013699,0,0.013699,0.013699,0,0,0.027397,0.027397,0,0.013699,0.013699,0,0,0.013699,0,0,0.027397,0.027397,0.054795,0,0,0.013699,0.013699,0.027397,0,0,0.027397,0,0.013699,0.013699,0.013699,0,0.013699,0.027397,0.013699,0.041096,0.027397,0.013699,0.041096,0,0.013699,0,0.027397,0
0,0,0,0.039216,0,0,0.039216,0.019608,0,0,0.019608,0,0.019608,0.039216,0,0.019608,0,0.039216,0.019608,0.019608,0,0.039216,0.039216,0,0.019608,0.019608,0.039216,0,0.019608,0,0.058824,0.019608,0.019608,0,0.019608,0.019608,0.019608,0,0.039216,0.019608,0.019608,0.019608,0.019608,0,0,0.078431,0.039216,0,0.019608,0,0.019608,0,0,0.019608,0.019608,0,0,0.078431,0,0,0,0,0,0
0.04,0,0.04,0,0,0,0,0.04,0,0.04,0,0,0,0,0,0,0,0,0,0,0.04,0.08,0,0.12,0,0,0,0.04,0,0,0,0,0,0,0,0,0.08,0,0.04,0.08,0,0.12,0,0,0,0.04,0,0.08,0,0,0,0,0,0,0,0,0,0,0.04,0.08,0,0,0,0
0.0625,0,0.03125,0,0.0625,0,0,0,0,0.03125,0,0,0,0,0.03125,0,0,0,0.03125,0.03125,0.0625,0,0,0,0,0,0,0,0,0,0.03125,0,0,0,0,0,0.03125,0.03125,0,0,0,0.0625,0,0.03125,0.0625,0,0,0,0.03125,0,0,0,0.0625,0,0,0,0.125,0.03125,0,0.0625,0,0,0,0.09375
0,0.035714,0,0,0.071429,0,0,0.071429,0,0,0.035714,0.035714,0,0.035714,0,0,0,0,0.035714,0.035714,0,0,0,0.071429,0.071429,0.035714,0,0.035714,0,0.035714,0,0,0,0.035714,0,0,0,0,0,0.035714,0,0.035714,0,0.035714,0,0,0,0,0,0,0,0,0.035714,0,0.035714,0.035714,0.035714,0.071429,0,0.035714,0,0,0,0
0.036585,0.012195,0.02439,0,0.04878,0.012195,0,0.02439,0.012195,0.036585,0.012195,0.012195,0.012195,0.036585,0.036585,0,0.036585,0.012195,0,0,0.02439,0,0,0.012195,0.012195,0,0,0,0,0,0.02439,0.012195,0,0.012195,0.012195,0,0.012195,0.02439,0,0.012195,0.012195,0.02439,0.012195,0,0,0,0,0.036585,0.02439,0.012195,0,0.02439,0.04878,0.02439,0.012195,0,0.036585,0.036585,0.04878,0,0.036585,0.012195,0.02439,0.04878
0,0,0,0,0,0,0,0,0,0,0.2,0,0,0.1,0,0,0,0,0,0,0,0,0,0,0,0,0,0.1,0,0.1,0,0,0,0,0,0,0,0,0,0,0,0,0,0,0,0,0,0,0,0,0,0,0.1,0,0.1,0,0,0,0.2,0,0,0,0,0.1
0,0,0,0,0,0,0.022222,0.022222,0.044444,0,0.022222,0,0,0.022222,0,0.022222,0,0.022222,0,0,0.066667,0,0,0.022222,0,0,0,0,0,0,0.022222,0,0,0,0,0,0.044444,0,0.044444,0.17778,0,0.022222,0.022222,0,0,0.022222,0,0.088889,0,0,0,0,0.044444,0,0,0.022222,0.022222,0.044444,0.088889,0,0,0,0.022222,0.044444
0,0,0,0,0,0,0,0.090909,0,0,0.045455,0,0,0,0.045455,0,0.045455,0,0.045455,0.045455,0.045455,0,0,0,0,0,0,0,0.045455,0,0,0,0,0,0,0,0,0,0,0.045455,0.045455,0.045455,0.045455,0.045455,0,0,0,0.045455,0,0,0,0.045455,0,0,0,0.045455,0.045455,0.045455,0.045455,0,0.045455,0,0.045455,0
0,0.012987,0,0,0.038961,0,0.025974,0.025974,0.012987,0.012987,0,0.025974,0.025974,0.025974,0,0.025974,0.012987,0,0,0.012987,0.025974,0.025974,0,0.025974,0,0.025974,0,0.012987,0,0.012987,0.012987,0.038961,0.025974,0,0,0.025974,0.025974,0.038961,0.025974,0,0,0.012987,0,0,0,0.012987,0,0.025974,0,0.012987,0.051948,0,0.038961,0,0.025974,0.025974,0,0.064935,0.051948,0.012987,0.038961,0,0.025974,0.012987
0.029412,0,0,0,0.014706,0,0,0.014706,0,0.029412,0.058824,0.014706,0.014706,0.044118,0.058824,0,0.014706,0,0,0,0.014706,0.044118,0.014706,0.014706,0.044118,0.029412,0.044118,0.014706,0.014706,0.014706,0.014706,0,0.014706,0,0.029412,0.014706,0,0,0.014706,0.014706,0.014706,0.014706,0,0,0.029412,0.014706,0.029412,0,0,0.029412,0,0.014706,0.029412,0.014706,0.029412,0.029412,0,0.044118,0.014706,0,0.029412,0,0,0.014706
0,0,0,0,0.027027,0,0,0.027027,0,0,0,0,0,0.013514,0,0.013514,0,0.040541,0,0.013514,0.054054,0.054054,0,0.054054,0,0.013514,0,0.013514,0.027027,0.054054,0,0.027027,0,0.013514,0,0.027027,0.027027,0.040541,0.013514,0.2027,0.040541,0.040541,0.027027,0.013514,0.013514,0.013514,0,0.013514,0,0,0,0,0,0,0,0.027027,0,0.013514,0,0.013514,0,0,0,0.027027
0,0,0.05,0,0,0,0,0,0,0,0.05,0,0,0,0,0,0,0,0,0,0.05,0,0.05,0,0,0,0.05,0,0,0,0,0,0.05,0,0,0.1,0.05,0,0.15,0,0.1,0,0,0,0,0,0,0,0,0,0,0,0.1,0,0,0.05,0,0.05,0.05,0.05,0,0,0,0
0,0,0,0,0.015385,0.015385,0.030769,0.015385,0.015385,0,0,0,0,0.030769,0.015385,0,0,0.030769,0.015385,0,0.061538,0.030769,0.015385,0.015385,0,0.046154,0.015385,0,0.015385,0.030769,0.030769,0,0.015385,0.030769,0.015385,0,0.046154,0.030769,0.015385,0.046154,0.015385,0.030769,0,0,0.015385,0,0.061538,0.015385,0,0,0,0,0,0.015385,0.015385,0.046154,0.015385,0.061538,0,0,0.015385,0.015385,0.015385,0.015385
0,0.020408,0.020408,0.010204,0,0,0.020408,0.020408,0.040816,0.071429,0.040816,0.061224,0,0.030612,0.010204,0,0,0,0.010204,0,0.061224,0,0.030612,0.010204,0,0.030612,0.040816,0.010204,0.010204,0,0.010204,0,0,0.010204,0.020408,0.010204,0.020408,0.020408,0,0.010204,0,0.030612,0.030612,0,0,0.010204,0,0,0,0.010204,0,0.010204,0.020408,0.030612,0.040816,0.020408,0.061224,0,0.05102,0.020408,0,0,0.010204,0
0,0.014706,0.014706,0.014706,0,0.014706,0.014706,0.014706,0.044118,0.044118,0.044118,0.014706,0,0,0.044118,0.014706,0,0.029412,0.029412,0,0.058824,0.014706,0.058824,0.014706,0,0.014706,0.029412,0.029412,0,0.029412,0.014706,0,0,0.014706,0,0.014706,0.029412,0.014706,0.029412,0.029412,0,0,0.029412,0,0,0,0,0.014706,0,0,0,0,0.044118,0.029412,0.044118,0.014706,0.029412,0.044118,0,0,0,0,0,0
0.029412,0.014706,0.014706,0.014706,0.044118,0.029412,0.029412,0.029412,0.044118,0.058824,0.014706,0.014706,0,0.029412,0,0.014706,0,0,0,0,0,0.029412,0.029412,0,0.014706,0.014706,0,0,0,0,0,0.014706,0.014706,0.014706,0.029412,0,0.029412,0.014706,0.014706,0.014706,0,0.014706,0.014706,0,0,0,0,0.044118,0.044118,0,0,0.014706,0.014706,0,0,0,0.014706,0.029412,0.058824,0,0.029412,0.088235,0,0.014706
0.046512,0.011628,0.011628,0.011628,0.023256,0,0.011628,0.034884,0.023256,0,0.023256,0.011628,0.023256,0,0.023256,0.023256,0,0.023256,0.023256,0,0.011628,0.011628,0.023256,0.011628,0.023256,0,0,0,0,0.011628,0.034884,0.011628,0.011628,0,0.023256,0.023256,0.034884,0.023256,0.034884,0.023256,0,0,0,0.011628,0,0.011628,0.023256,0,0.011628,0,0,0,0.011628,0.034884,0.023256,0.011628,0.011628,0.023256,0.046512,0.034884,0.023256,0.034884,0.023256,0.023256
0.010753,0.053763,0,0.010753,0.032258,0,0.010753,0.010753,0,0.032258,0.021505,0.010753,0,0,0.043011,0,0,0.021505,0.010753,0.032258,0.021505,0.032258,0.021505,0.053763,0.010753,0.021505,0.021505,0,0,0,0.043011,0,0,0.010753,0.010753,0.021505,0.032258,0,0,0.021505,0.021505,0.010753,0.010753,0,0,0.010753,0.021505,0.010753,0.021505,0,0,0,0.032258,0.021505,0,0.043011,0.032258,0.032258,0.032258,0.010753,0.010753,0.043011,0,0.010753
0,0,0,0.030769,0.030769,0.015385,0.030769,0.015385,0.015385,0,0,0.015385,0.015385,0,0.046154,0.015385,0.015385,0.015385,0,0.015385,0.030769,0.030769,0.046154,0,0,0.046154,0.015385,0.015385,0,0,0,0,0.015385,0.030769,0,0.015385,0.030769,0.015385,0.030769,0.015385,0,0.030769,0.015385,0,0.030769,0.030769,0,0,0.015385,0,0,0,0.046154,0.015385,0.015385,0.015385,0.046154,0.046154,0.030769,0,0.015385,0,0.030769,0
0.012195,0,0,0.04878,0.04878,0.012195,0.060976,0,0.012195,0.012195,0.073171,0.02439,0.02439,0.02439,0,0.012195,0,0,0,0.012195,0.02439,0.02439,0.02439,0.012195,0,0.036585,0.012195,0,0,0,0,0,0,0,0,0,0.060976,0.02439,0.012195,0.036585,0,0.012195,0,0,0.02439,0.012195,0,0,0.02439,0,0,0.02439,0.04878,0.02439,0.012195,0.02439,0.02439,0.02439,0.02439,0,0.012195,0,0.036585,0.02439
0,0,0,0,0.030303,0,0,0.060606,0,0,0,0,0.030303,0.030303,0.030303,0,0,0,0,0,0.060606,0,0.060606,0.060606,0.030303,0.030303,0,0.060606,0,0,0,0,0,0,0,0.030303,0,0.030303,0,0.060606,0,0,0.060606,0.030303,0,0,0,0.030303,0,0,0,0,0.060606,0,0,0,0.030303,0.060606,0.060606,0.030303,0,0,0.030303,0
0,0,0,0.045455,0,0,0,0.045455,0.045455,0,0.045455,0,0,0,0,0,0.045455,0.045455,0,0,0.045455,0.090909,0,0,0.045455,0,0.045455,0.045455,0,0,0,0,0,0,0,0,0.045455,0,0.045455,0,0,0.090909,0,0,0,0,0,0,0,0,0,0,0.045455,0,0,0.090909,0,0,0.090909,0,0,0,0,0.045455
0,0,0,0,0,0,0,0.058824,0,0,0.058824,0,0,0,0,0,0,0.058824,0,0.058824,0.17647,0,0,0,0,0.058824,0,0,0,0,0,0,0.058824,0,0,0.058824,0,0.058824,0.058824,0.058824,0,0,0,0,0,0.058824,0.058824,0,0,0,0,0,0,0,0,0,0,0,0.058824,0,0,0,0,0.058824
0.019608,0,0,0,0.039216,0.039216,0,0.019608,0.019608,0,0,0.039216,0,0.019608,0,0,0,0.019608,0,0.058824,0.039216,0,0,0.078431,0,0.039216,0.019608,0.019608,0,0,0,0,0.039216,0,0,0.019608,0,0,0,0.039216,0.019608,0.019608,0.058824,0,0,0.039216,0,0,0,0,0.019608,0,0.019608,0.019608,0.039216,0.019608,0.058824,0.058824,0.019608,0.039216,0,0,0,0
0,0,0,0,0,0.071429,0,0,0,0.14286,0.071429,0,0,0,0,0,0,0.14286,0,0,0,0.071429,0,0,0.071429,0,0,0,0,0,0,0,0,0,0.071429,0,0.14286,0,0,0,0,0.071429,0,0,0,0,0,0,0,0,0,0.071429,0,0,0,0,0.071429,0,0,0,0,0,0,0
0.14286,0,0,0.071429,0.071429,0,0.071429,0,0.071429,0,0,0,0,0,0,0,0,0.071429,0,0.071429,0,0,0,0,0.071429,0,0.14286,0,0,0,0,0,0,0,0,0,0,0,0,0.071429,0,0,0,0,0,0,0,0,0.071429,0,0,0,0,0,0,0,0,0,0,0,0,0.071429,0,0
0,0,0,0,0.12903,0.22581,0,0.032258,0.032258,0,0.032258,0.032258,0.032258,0.032258,0,0,0,0,0,0,0.064516,0,0,0,0,0,0,0,0,0,0,0,0,0,0,0,0,0.032258,0.032258,0.032258,0,0.032258,0.032258,0,0,0,0.064516,0,0,0.032258,0,0,0,0.064516,0.032258,0,0.032258,0,0,0,0,0,0,0
0,0,0,0,0,0,0,0,0.052632,0,0,0.052632,0,0,0.052632,0,0.052632,0,0,0,0,0,0,0.052632,0,0,0,0,0.052632,0,0.10526,0.052632,0,0,0,0,0,0,0,0.052632,0,0,0,0.052632,0,0.052632,0,0,0.052632,0,0.052632,0,0,0,0,0,0.10526,0,0.052632,0,0.10526,0,0,0
0.034483,0,0.034483,0,0.068966,0.034483,0.034483,0.034483,0,0.17241,0,0.034483,0,0,0,0,0,0,0,0,0,0,0,0,0,0,0.034483,0,0,0.034483,0,0,0.034483,0,0,0,0.034483,0,0.034483,0.034483,0.034483,0,0,0,0,0,0,0,0,0,0,0,0,0.034483,0,0,0.034483,0.068966,0.034483,0.068966,0,0.034483,0.034483,0
0.061224,0,0,0,0.061224,0,0.020408,0,0.020408,0.040816,0.040816,0,0.020408,0.081633,0.020408,0,0,0.020408,0,0,0.081633,0.020408,0.020408,0.020408,0,0,0.040816,0,0,0,0,0,0,0,0,0,0.040816,0.020408,0,0.020408,0.020408,0,0.020408,0,0,0,0.020408,0,0.061224,0,0.020408,0.020408,0,0,0.040816,0.020408,0.040816,0.020408,0.040816,0,0,0,0.020408,0
0,0.016393,0,0,0.032787,0.016393,0.016393,0,0.081967,0,0.081967,0,0,0,0.032787,0,0.016393,0.032787,0,0.016393,0.065574,0.016393,0.04918,0.065574,0,0.04918,0.016393,0.016393,0,0.032787,0.032787,0,0,0,0,0,0,0.032787,0,0,0,0,0,0,0,0.016393,0.016393,0,0,0,0.016393,0,0.065574,0.016393,0,0.016393,0.032787,0.04918,0.016393,0,0,0.016393,0.016393,0
0,0,0,0,0,0,0,0,0,0,0,0.066667,0,0,0,0,0,0,0.066667,0,0,0,0,0,0,0.066667,0,0.066667,0,0,0,0,0,0,0,0,0,0,0,0.066667,0,0,0,0,0,0,0.13333,0,0,0,0,0,0,0,0.066667,0.13333,0,0.066667,0,0,0.066667,0.13333,0,0.066667
0,0,0,0,0,0.034483,0.034483,0.034483,0,0.068966,0,0,0.034483,0,0.034483,0,0,0,0,0,0.034483,0,0,0,0,0,0.034483,0,0,0,0,0,0,0,0,0,0.13793,0.034483,0.068966,0.034483,0,0,0.13793,0,0,0,0.034483,0,0,0,0,0,0,0.068966,0,0,0,0.10345,0.034483,0,0,0.034483,0,0
0.046512,0.046512,0.023256,0.046512,0.023256,0,0,0.023256,0.046512,0.023256,0,0,0,0.023256,0.023256,0.093023,0,0.023256,0,0,0.023256,0,0.023256,0,0.023256,0,0.023256,0,0.069767,0.023256,0,0,0.046512,0.046512,0,0,0,0,0,0,0,0,0,0,0,0,0,0,0.023256,0,0.023256,0.023256,0.023256,0,0,0,0.023256,0,0.023256,0.023256,0.046512,0.023256,0,0.046512
0.11111,0,0,0.037037,0.074074,0,0.037037,0.037037,0,0,0,0.11111,0,0,0.037037,0,0,0,0,0,0.037037,0,0,0,0.037037,0,0,0,0.037037,0,0,0,0.037037,0,0,0,0.037037,0,0.037037,0.037037,0,0,0,0.037037,0.037037,0,0,0,0.074074,0,0,0,0.037037,0,0,0,0,0.037037,0,0,0.037037,0,0.037037,0
0.03125,0,0,0.03125,0.09375,0,0.03125,0.03125,0.03125,0,0,0.0625,0.0625,0,0,0,0.0625,0.03125,0,0,0,0,0,0,0,0,0,0.03125,0,0,0,0,0,0,0,0.03125,0.0625,0,0.0625,0.03125,0,0,0,0.03125,0.03125,0.03125,0,0,0.03125,0,0,0,0.03125,0.03125,0.03125,0.03125,0.0625,0,0,0,0,0,0,0
0,0,0,0.038462,0,0,0.019231,0,0,0.038462,0,0.019231,0,0,0.019231,0.019231,0.038462,0,0.019231,0,0.019231,0,0.019231,0,0.057692,0,0,0.019231,0,0.019231,0.019231,0,0,0.019231,0.057692,0,0.019231,0,0.076923,0.019231,0,0,0.038462,0.019231,0,0,0,0,0,0,0,0.038462,0.019231,0.019231,0.019231,0.038462,0.038462,0.019231,0.076923,0.038462,0.019231,0,0.019231,0.038462
0,0.03125,0,0,0,0,0,0,0,0.03125,0,0.0625,0,0.03125,0,0.09375,0.09375,0.0625,0.03125,0,0.03125,0,0.03125,0,0.09375,0,0,0,0,0.03125,0.03125,0,0.0625,0,0,0,0.03125,0,0,0,0.03125,0,0,0,0,0,0,0.03125,0.03125,0.0625,0,0.03125,0,0,0,0,0,0.03125,0,0,0.03125,0,0,0
0,0,0,0,0.029412,0,0,0,0.014706,0.014706,0.014706,0.044118,0,0.014706,0.014706,0.014706,0.044118,0.029412,0.014706,0.014706,0.058824,0.044118,0.029412,0.073529,0,0,0.014706,0.058824,0.029412,0.029412,0.014706,0.014706,0,0,0,0,0,0,0.014706,0.029412,0.029412,0.014706,0,0.029412,0,0,0,0,0,0.029412,0,0,0.029412,0.014706,0,0.044118,0.029412,0,0.058824,0.044118,0,0,0,0
0,0,0,0,0.025,0.075,0,0,0.025,0.025,0.025,0,0,0,0,0,0,0,0.025,0,0.05,0.125,0.025,0.025,0,0,0,0,0,0,0,0.05,0,0,0,0,0.025,0,0.075,0.025,0,0,0,0,0,0.025,0.025,0.025,0,0,0,0,0.025,0,0.05,0,0.025,0,0.125,0.025,0,0.05,0.025,0
0.025641,0,0,0,0.051282,0,0.051282,0.025641,0.025641,0.025641,0,0,0,0.025641,0.025641,0.025641,0,0.025641,0.025641,0.025641,0.051282,0,0.025641,0,0.025641,0.076923,0.076923,0,0,0,0,0,0.051282,0,0.025641,0.025641,0.025641,0,0.051282,0,0,0,0,0,0,0,0,0.051282,0.051282,0,0,0,0.051282,0,0,0,0,0.025641,0,0,0,0,0.025641,0
0.033333,0,0,0,0.066667,0.033333,0.1,0,0.033333,0.066667,0,0.033333,0,0,0.066667,0,0,0,0,0,0,0.033333,0.066667,0,0,0.033333,0.066667,0,0,0,0.033333,0.033333,0.033333,0.033333,0,0,0,0.033333,0,0,0,0,0,0,0,0,0.033333,0,0,0,0,0,0.066667,0,0.033333,0.033333,0,0.033333,0,0,0,0,0,0
0.034483,0,0,0.034483,0.10345,0.034483,0,0,0.034483,0,0,0.034483,0,0.034483,0,0,0.068966,0,0.034483,0.068966,0,0,0,0,0,0,0,0,0,0,0,0,0.068966,0,0,0.034483,0.034483,0,0,0,0,0,0,0,0,0,0.068966,0,0.068966,0,0,0.034483,0.034483,0.034483,0,0,0,0.034483,0,0,0,0.068966,0.034483,0
0,0,0,0,0.04878,0,0,0.02439,0.097561,0,0.04878,0,0,0.02439,0,0,0,0.02439,0.02439,0,0.073171,0.02439,0.04878,0,0,0,0.02439,0,0,0.02439,0.02439,0.02439,0,0.02439,0.02439,0,0.04878,0.02439,0.073171,0.097561,0,0,0,0,0,0.02439,0.02439,0.02439,0,0.02439,0,0,0.04878,0,0,0,0,0.02439,0,0,0,0,0,0
0.029412,0.029412,0.029412,0,0.058824,0,0.029412,0,0.058824,0.058824,0.088235,0.029412,0,0,0,0,0,0,0,0,0.11765,0,0.029412,0,0,0.029412,0,0.029412,0.029412,0,0.029412,0,0,0.029412,0,0,0.029412,0,0,0.029412,0,0,0,0,0,0,0,0.029412,0.058824,0,0.029412,0,0,0,0,0,0.029412,0,0.029412,0,0,0.029412,0.029412,0
0.023529,0.023529,0.035294,0,0.082353,0.035294,0.011765,0,0.023529,0.023529,0.023529,0.011765,0.047059,0,0.011765,0,0.035294,0.011765,0.011765,0,0.035294,0,0.023529,0.011765,0.035294,0,0.023529,0,0.023529,0.011765,0,0,0.023529,0,0.023529,0.011765,0.047059,0.023529,0.035294,0,0.023529,0.011765,0.011765,0,0,0,0,0,0.035294,0.011765,0,0.011765,0,0,0.011765,0.047059,0,0.035294,0,0,0.011765,0.011765,0.023529,0.011765
0.033333,0.011111,0.055556,0.033333,0.022222,0.011111,0.011111,0.022222,0.088889,0.011111,0.055556,0,0.011111,0.022222,0,0,0.011111,0,0.022222,0.022222,0.066667,0,0.055556,0,0.011111,0.022222,0.055556,0,0.022222,0,0.011111,0,0.011111,0,0.011111,0,0.011111,0,0.055556,0.011111,0.022222,0,0,0,0.022222,0.022222,0.011111,0,0.011111,0,0,0,0.022222,0,0.022222,0,0.022222,0.022222,0,0.011111,0,0.011111,0.011111,0
0.022727,0,0.022727,0.045455,0,0.045455,0.022727,0.045455,0.022727,0,0.045455,0,0.022727,0,0.068182,0.022727,0.022727,0.022727,0,0,0.045455,0,0,0.022727,0.022727,0.022727,0.022727,0,0.045455,0.022727,0,0,0.022727,0,0,0,0,0,0.022727,0.022727,0,0,0,0,0.022727,0.022727,0.022727,0,0.045455,0.022727,0,0.022727,0,0,0,0,0.022727,0.045455,0.045455,0.022727,0,0,0,0
0.015873,0,0,0.031746,0.047619,0,0,0.047619,0.015873,0.015873,0,0,0.015873,0.031746,0.031746,0.063492,0.015873,0,0,0.015873,0.031746,0,0.015873,0,0.015873,0,0.015873,0.015873,0,0,0.015873,0.015873,0.015873,0,0.015873,0,0.047619,0.031746,0.015873,0.031746,0,0.031746,0,0,0,0.015873,0,0,0.047619,0,0,0.015873,0.015873,0.031746,0,0.031746,0,0.015873,0.031746,0.015873,0.031746,0,0.031746,0.047619
0,0,0.034483,0,0.068966,0.034483,0,0.034483,0.068966,0.068966,0,0,0,0.034483,0,0.034483,0,0,0.034483,0,0.034483,0.034483,0,0,0,0,0,0.034483,0,0,0,0,0,0,0,0,0,0.068966,0,0,0.034483,0,0,0,0,0,0,0,0.10345,0,0.034483,0,0.10345,0,0,0,0.034483,0.10345,0,0,0,0,0,0
0.052632,0.052632,0,0,0,0,0,0,0,0.052632,0.052632,0,0,0.052632,0,0,0,0.052632,0.052632,0,0.10526,0,0,0.052632,0.052632,0.052632,0,0,0,0,0,0,0,0,0,0,0,0,0.10526,0,0,0,0.052632,0,0,0,0,0,0,0,0,0,0.052632,0,0,0,0,0.052632,0.052632,0,0,0.052632,0,0
0,0.032258,0,0.032258,0,0,0,0.032258,0,0,0,0,0,0,0.032258,0,0.032258,0,0,0.032258,0,0,0,0.032258,0.032258,0.032258,0,0,0,0,0,0,0,0,0,0,0,0.032258,0,0,0.032258,0.032258,0,0.096774,0.032258,0,0.032258,0,0.032258,0,0,0,0.12903,0,0,0.12903,0.096774,0,0.064516,0,0,0,0,0
0.0125,0,0,0,0.0125,0,0,0.0125,0,0.0375,0.0125,0.0125,0,0,0,0,0,0.0125,0,0.0125,0.0625,0,0,0.0625,0.05,0.075,0.0375,0,0,0,0,0,0.0125,0.025,0,0.0125,0.05,0.0125,0.0125,0.075,0.0125,0,0,0.025,0.0125,0.0125,0.0125,0,0,0,0,0,0.05,0.0125,0.0125,0.05,0.0125,0.075,0.05,0.0125,0,0.0125,0,0.025
0,0,0,0,0,0,0,0,0,0,0,0,0.058824,0.058824,0,0,0.058824,0.058824,0,0,0.11765,0,0.058824,0,0,0.058824,0,0.058824,0,0,0,0,0,0.058824,0,0,0.058824,0,0,0.11765,0,0.058824,0,0,0,0,0.058824,0,0,0,0,0,0,0,0,0,0,0,0,0.11765,0,0,0,0
0,0,0,0,0,0,0.012346,0.037037,0,0.012346,0.012346,0.012346,0,0.024691,0,0,0,0.012346,0,0.012346,0.037037,0.049383,0,0.037037,0.012346,0.037037,0.012346,0.024691,0,0,0.024691,0,0,0,0,0.024691,0.1358,0,0.061728,0.074074,0.037037,0.012346,0,0.012346,0,0,0,0,0,0,0,0.012346,0.024691,0.024691,0.024691,0.074074,0.037037,0.024691,0.037037,0.012346,0,0,0,0
0,0,0,0,0,0,0,0.05,0.025,0,0,0.05,0,0,0,0.025,0.025,0.025,0.025,0.05,0.025,0.025,0.05,0,0.025,0.05,0.025,0,0,0,0,0,0,0,0,0.025,0.025,0.025,0.075,0.025,0,0,0.025,0,0,0,0.025,0,0,0,0,0,0.05,0.025,0,0.025,0.05,0.025,0.075,0,0.025,0,0,0.025
0.02381,0,0,0,0.047619,0,0.02381,0,0.02381,0,0,0,0.047619,0,0.095238,0,0.02381,0.02381,0,0,0.02381,0.02381,0.047619,0.047619,0,0,0,0.02381,0,0,0.02381,0,0,0,0,0.02381,0,0.02381,0.047619,0.071429,0,0,0,0,0,0,0,0.02381,0.047619,0.02381,0,0,0.02381,0.02381,0.02381,0.047619,0.02381,0.02381,0.047619,0,0,0,0,0.02381
0,0,0.021505,0.021505,0.043011,0.010753,0.032258,0,0.021505,0.021505,0.021505,0.032258,0,0.010753,0.032258,0,0.010753,0.010753,0.010753,0.010753,0.010753,0.010753,0.032258,0.010753,0,0.021505,0.053763,0.010753,0,0,0,0.010753,0.010753,0.010753,0,0.010753,0.021505,0,0.010753,0.010753,0,0,0,0,0,0.010753,0.021505,0.010753,0.021505,0.032258,0.010753,0.010753,0.010753,0.053763,0.032258,0.010753,0.053763,0.053763,0.043011,0.010753,0.010753,0.010753,0.032258,0.010753
0.023529,0,0.023529,0.011765,0.011765,0.011765,0.047059,0.011765,0.047059,0.023529,0.011765,0.035294,0.047059,0.047059,0.023529,0,0.023529,0,0.011765,0.011765,0.047059,0,0,0.035294,0.011765,0.035294,0.011765,0,0,0.011765,0,0,0.023529,0.023529,0.011765,0.011765,0.023529,0.011765,0.047059,0.011765,0.011765,0,0,0,0.011765,0,0,0.011765,0,0,0.011765,0.011765,0.047059,0.047059,0,0,0.035294,0,0.035294,0,0,0.023529,0,0.011765
0.041667,0,0,0,0.041667,0,0,0,0,0.013889,0,0,0.013889,0,0,0.013889,0,0.027778,0.027778,0,0.083333,0.013889,0,0.013889,0.013889,0.013889,0.041667,0.041667,0,0,0.013889,0.027778,0,0.013889,0.013889,0.027778,0.097222,0.027778,0.013889,0.013889,0.041667,0.027778,0,0,0,0.027778,0,0.013889,0,0,0,0.013889,0.013889,0,0,0.027778,0.055556,0.013889,0.027778,0.027778,0.013889,0.041667,0,0
0,0,0.015873,0,0,0,0,0,0,0.015873,0,0.031746,0.015873,0,0.031746,0,0.015873,0,0.031746,0.047619,0.047619,0,0.031746,0.031746,0,0.063492,0.015873,0.015873,0,0.031746,0.031746,0.015873,0,0,0.015873,0,0.063492,0,0.031746,0.015873,0,0.015873,0,0,0,0,0.015873,0.047619,0.031746,0,0.031746,0,0.015873,0.015873,0.031746,0.015873,0,0.031746,0.063492,0.031746,0.015873,0,0.015873,0
0.055556,0,0.11111,0,0,0,0,0,0,0,0.055556,0,0,0,0,0,0,0,0,0.055556,0.055556,0,0.055556,0,0,0,0.055556,0,0,0,0,0.055556,0,0,0,0,0,0,0,0,0,0.11111,0,0,0,0,0,0,0.055556,0.055556,0,0,0.055556,0,0,0.055556,0,0.11111,0,0,0,0.055556,0,0
0,0.051724,0,0,0.034483,0.034483,0.017241,0.034483,0.10345,0,0.034483,0,0,0.068966,0.034483,0,0.017241,0.051724,0.017241,0,0.051724,0.017241,0,0.017241,0.017241,0.017241,0.017241,0.034483,0,0.017241,0,0.017241,0,0,0,0,0.017241,0,0,0,0.017241,0,0.017241,0,0.017241,0,0.017241,0.017241,0.034483,0.034483,0.017241,0.017241,0,0.017241,0,0,0,0.017241,0,0,0.017241,0,0,0.034483
0.011905,0.011905,0.011905,0.035714,0.035714,0,0.035714,0.02381,0.035714,0.011905,0.02381,0.02381,0,0.035714,0.02381,0,0,0.011905,0,0,0.011905,0.035714,0.011905,0.011905,0.02381,0.02381,0.02381,0.035714,0,0,0.02381,0.011905,0,0,0,0.02381,0.011905,0,0.011905,0,0.035714,0,0,0.011905,0,0.011905,0.011905,0,0.02381,0,0,0,0.047619,0.059524,0.011905,0,0,0.011905,0.035714,0.035714,0.011905,0.02381,0.059524,0.011905
0,0,0.019231,0.019231,0.019231,0.038462,0,0.057692,0.019231,0.019231,0,0.038462,0,0.076923,0.019231,0,0.019231,0.019231,0.096154,0.019231,0.076923,0,0.038462,0,0,0.019231,0,0,0,0.019231,0.057692,0.019231,0,0,0.019231,0,0,0,0,0,0,0.019231,0,0,0,0,0.019231,0,0,0.019231,0,0.019231,0,0,0.019231,0.038462,0.019231,0.057692,0,0,0.038462,0,0,0.019231
0,0,0,0,0,0,0,0,0.076923,0,0.076923,0,0.076923,0,0,0.076923,0,0,0,0,0,0,0,0.076923,0.076923,0,0,0,0.076923,0,0,0,0,0,0,0,0,0,0,0,0.076923,0,0,0,0,0,0,0,0.076923,0,0,0,0.076923,0,0,0,0,0,0,0,0.076923,0,0.076923,0.076923
0.010753,0.010753,0.021505,0.021505,0.010753,0,0.032258,0.021505,0.032258,0.010753,0.021505,0.010753,0.010753,0.021505,0.021505,0,0,0.010753,0.021505,0.010753,0.043011,0.010753,0,0.010753,0.032258,0.053763,0.032258,0.021505,0,0.021505,0.021505,0.043011,0.032258,0.010753,0.010753,0.010753,0.021505,0.010753,0,0.010753,0,0,0,0.010753,0.010753,0.010753,0.010753,0.010753,0.032258,0.021505,0,0.010753,0.032258,0.010753,0,0,0.010753,0.010753,0.053763,0,0.010753,0.010753,0.032258,0.010753
0.015873,0,0.015873,0,0.031746,0.031746,0,0.031746,0.079365,0.031746,0.079365,0.015873,0,0,0.015873,0,0,0,0,0,0,0.047619,0.015873,0.015873,0,0.015873,0,0.031746,0,0,0.047619,0,0,0,0.015873,0,0.015873,0.047619,0.079365,0,0.015873,0,0,0,0,0.031746,0.031746,0,0,0,0.015873,0,0.031746,0.031746,0.063492,0.015873,0.031746,0.015873,0.031746,0,0,0,0,0
0,0,0,0,0,0.066667,0.066667,0.066667,0,0.066667,0.066667,0,0,0,0,0,0,0,0,0.066667,0,0,0,0,0,0,0,0,0.066667,0,0,0,0,0,0,0,0,0,0,0,0,0,0,0,0,0,0,0,0,0,0,0.066667,0,0.066667,0,0,0.066667,0,0,0,0.066667,0.13333,0,0.13333
0.035294,0,0,0.047059,0.035294,0,0.082353,0.035294,0,0.011765,0.058824,0.011765,0.023529,0.023529,0.070588,0.011765,0.011765,0.011765,0.023529,0,0.023529,0,0.047059,0.023529,0.011765,0.011765,0.011765,0,0,0.011765,0.023529,0,0.011765,0,0.023529,0,0.011765,0.023529,0.035294,0.023529,0.011765,0,0.011765,0,0,0.011765,0.023529,0,0,0,0,0,0.011765,0,0.011765,0,0.011765,0.035294,0.011765,0,0,0.011765,0.047059,0.011765
0.025974,0.038961,0.025974,0.025974,0.025974,0.025974,0.025974,0,0.012987,0.025974,0.012987,0.012987,0.025974,0,0.051948,0.012987,0.025974,0.012987,0.012987,0,0.025974,0.038961,0.038961,0.025974,0,0,0.025974,0,0.012987,0.025974,0.012987,0.025974,0.012987,0,0,0,0.038961,0,0.012987,0.012987,0,0,0.025974,0,0,0.012987,0.012987,0.012987,0.025974,0.012987,0.025974,0,0.025974,0.038961,0,0,0.025974,0.025974,0.012987,0.012987,0.012987,0,0,0
0,0,0,0.014085,0.028169,0.028169,0.014085,0.014085,0.028169,0.028169,0.042254,0.014085,0,0.042254,0.042254,0,0,0,0.028169,0,0.11268,0,0.014085,0,0.014085,0.014085,0.056338,0.028169,0,0,0,0.014085,0.014085,0,0,0,0.042254,0,0.014085,0.014085,0,0,0,0.014085,0.014085,0.014085,0.028169,0,0,0.014085,0,0,0.028169,0,0.042254,0.042254,0.028169,0,0.042254,0,0,0.014085,0.056338,0
0.012987,0.051948,0,0.012987,0.012987,0.012987,0.012987,0.012987,0,0.012987,0.025974,0.012987,0.064935,0.012987,0.051948,0.038961,0,0,0.012987,0.012987,0.025974,0,0.012987,0.064935,0,0,0.012987,0,0.012987,0,0.025974,0.012987,0.012987,0,0.012987,0.012987,0.025974,0,0.012987,0,0.012987,0.012987,0.025974,0.012987,0,0.012987,0.012987,0,0.012987,0.012987,0,0.012987,0,0.025974,0.038961,0.012987,0.038961,0.038961,0.025974,0.012987,0.025974,0,0.012987,0.012987
0.073529,0,0,0.029412,0.029412,0,0,0.014706,0,0,0,0,0.014706,0.029412,0.014706,0.029412,0.014706,0,0.014706,0.014706,0.058824,0.014706,0.044118,0.014706,0.014706,0,0,0.029412,0.014706,0,0,0.014706,0,0,0.014706,0.014706,0.014706,0,0,0.014706,0.029412,0.014706,0.014706,0,0.014706,0.014706,0.014706,0,0.044118,0.014706,0.044118,0.014706,0.014706,0,0.014706,0.044118,0.029412,0.029412,0.014706,0,0.073529,0,0,0.014706
0.010638,0.010638,0,0.042553,0.010638,0.042553,0.042553,0.021277,0.021277,0,0.042553,0.021277,0.042553,0.010638,0.042553,0,0.021277,0,0.010638,0,0.074468,0.010638,0.021277,0.042553,0.010638,0,0,0.010638,0,0.021277,0,0,0.010638,0,0.010638,0.010638,0.031915,0.021277,0.021277,0.031915,0,0.010638,0.010638,0,0,0.031915,0,0.010638,0,0.010638,0,0,0,0,0.031915,0,0.042553,0.031915,0.042553,0.021277,0.010638,0,0.010638,0.010638
0.11111,0,0.022222,0.022222,0,0,0.022222,0,0.088889,0.022222,0.11111,0.022222,0,0,0.022222,0,0,0,0,0,0.066667,0,0.022222,0,0.044444,0,0.066667,0.022222,0,0,0,0,0,0.022222,0.022222,0,0,0,0.044444,0,0,0,0,0,0,0,0,0,0,0,0,0,0.022222,0.022222,0.044444,0,0.022222,0.044444,0.044444,0,0.044444,0,0,0
0.017544,0,0,0,0,0.035088,0,0.052632,0,0,0.017544,0.017544,0.017544,0,0,0.017544,0.017544,0.017544,0.052632,0,0,0.035088,0.017544,0.070175,0.035088,0.017544,0,0.035088,0,0,0.017544,0,0,0.017544,0,0.017544,0.035088,0.017544,0.035088,0.070175,0.070175,0,0,0,0.035088,0,0.017544,0,0,0,0,0,0,0,0,0.052632,0.035088,0.052632,0.035088,0.017544,0,0,0,0
0,0,0,0,0,0,0.066667,0,0.13333,0,0,0,0,0,0,0,0,0,0,0,0.066667,0.066667,0.066667,0,0,0,0,0,0,0,0,0,0,0,0,0,0,0.066667,0,0,0,0,0,0,0,0,0,0,0,0,0,0.066667,0,0.13333,0,0.066667,0,0,0.2,0,0,0,0.066667,0
0,0,0,0,0.0625,0,0,0.0625,0,0.0625,0,0,0,0,0,0,0,0,0,0,0.0625,0,0.0625,0,0.0625,0.0625,0.0625,0,0,0,0,0,0,0,0,0,0.0625,0.125,0,0,0,0,0.0625,0,0,0,0,0.0625,0,0.0625,0,0,0,0,0,0.0625,0,0,0,0,0.0625,0,0,0
0,0,0,0,0,0.055556,0,0,0,0.055556,0,0,0,0,0,0.055556,0,0,0,0,0.11111,0.055556,0,0.055556,0.055556,0.11111,0.055556,0,0,0,0.055556,0,0,0,0,0,0,0,0,0,0.055556,0,0.055556,0,0,0,0.055556,0.055556,0,0,0,0,0,0,0,0,0,0,0,0.055556,0,0,0,0.055556
0.045455,0,0,0.045455,0,0.045455,0.045455,0.045455,0,0,0,0,0,0,0.045455,0,0.045455,0,0.045455,0,0,0,0.090909,0,0,0,0.045455,0.045455,0,0,0,0,0.045455,0,0,0,0.045455,0,0,0.090909,0,0,0,0.045455,0.045455,0,0,0,0.045455,0,0,0,0,0.045455,0,0,0,0.045455,0,0.045455,0,0,0,0
0,0,0,0,0.078947,0,0,0,0.026316,0.052632,0,0,0,0,0,0.026316,0,0,0.052632,0.052632,0.052632,0.026316,0,0.026316,0.026316,0,0,0.052632,0,0,0,0,0.026316,0,0,0.026316,0,0.026316,0,0.026316,0,0,0,0,0.026316,0,0.026316,0,0.026316,0.026316,0,0,0,0.052632,0,0.052632,0.026316,0.13158,0,0.026316,0,0,0,0.026316
0,0.041667,0,0,0,0,0,0,0,0,0,0,0.041667,0,0.041667,0.041667,0.041667,0,0,0.041667,0.041667,0,0.083333,0,0.083333,0.041667,0.041667,0,0,0,0,0,0,0,0,0,0,0,0,0,0,0,0.041667,0,0,0,0.041667,0,0.041667,0,0,0,0.041667,0,0,0.083333,0.041667,0,0.041667,0,0.041667,0,0.083333,0
0.076923,0.025641,0,0,0.025641,0,0,0,0,0,0.051282,0,0.025641,0.025641,0,0.051282,0,0,0,0,0,0.025641,0.025641,0,0.025641,0.025641,0,0,0.025641,0,0,0.025641,0.025641,0.025641,0,0.025641,0.025641,0,0.025641,0.025641,0,0,0,0,0,0.025641,0,0,0.025641,0.025641,0.025641,0,0.051282,0,0.025641,0.025641,0,0.076923,0.076923,0,0.025641,0.025641,0,0
0.024691,0.024691,0.037037,0.037037,0.049383,0,0.024691,0,0,0.012346,0.061728,0,0.024691,0.012346,0.012346,0.012346,0,0.024691,0.012346,0,0.037037,0.012346,0,0,0.012346,0.012346,0,0,0.012346,0.012346,0,0.012346,0.012346,0.012346,0,0.037037,0.012346,0.012346,0.012346,0.024691,0,0,0,0,0,0.012346,0.024691,0.012346,0.049383,0.012346,0.024691,0.024691,0,0,0.024691,0,0.012346,0,0.012346,0.012346,0.049383,0.037037,0.049383,0.037037
0,0,0.033333,0,0,0.033333,0,0.033333,0.066667,0.033333,0.033333,0,0.066667,0.033333,0.033333,0.033333,0,0.033333,0,0.033333,0.066667,0.033333,0,0,0,0,0.033333,0,0,0,0,0,0,0.033333,0,0,0,0,0.033333,0.033333,0,0,0,0,0.033333,0,0,0,0,0,0,0,0.033333,0.066667,0,0.033333,0.033333,0,0,0.033333,0,0.066667,0,0
0,0,0.083333,0,0,0,0.16667,0,0,0,0.25,0,0,0.083333,0,0,0,0,0,0,0,0,0.083333,0,0,0,0,0,0,0,0,0,0,0,0,0,0,0,0,0,0,0,0,0,0.083333,0,0,0,0,0,0,0,0,0,0.083333,0,0.083333,0,0.083333,0,0,0,0,0
0,0,0,0,0,0,0.04,0.04,0,0.04,0,0,0,0,0,0,0,0,0,0.04,0.08,0,0.12,0,0,0,0,0.04,0,0,0,0.08,0,0.04,0,0,0.04,0,0.04,0.12,0,0,0,0,0,0.04,0,0.04,0,0,0,0,0,0.08,0,0,0,0,0,0.04,0,0.04,0.04,0
0,0,0,0,0,0.055556,0,0.055556,0,0.16667,0.055556,0,0,0,0,0,0,0,0,0,0,0,0.11111,0,0,0,0,0,0,0,0,0,0,0,0,0.055556,0.055556,0.055556,0.055556,0.055556,0,0.055556,0,0.055556,0,0,0,0,0,0,0,0.055556,0,0,0,0,0.055556,0,0,0,0,0,0.055556,0
0.071429,0.071429,0.14286,0,0.14286,0,0,0,0,0,0,0,0,0.071429,0,0,0,0,0,0.14286,0,0,0,0,0,0,0,0,0,0,0,0,0,0,0.071429,0,0,0,0,0,0,0,0,0,0,0,0,0,0.071429,0.071429,0,0,0.071429,0,0.071429,0,0,0,0,0,0,0,0,0
0.020833,0.0625,0.041667,0.020833,0.020833,0,0,0,0.041667,0,0,0.020833,0.041667,0.020833,0.041667,0,0,0.020833,0.0625,0.020833,0,0,0.020833,0,0,0.020833,0,0,0,0,0.041667,0.020833,0,0.020833,0,0.020833,0,0,0,0.020833,0,0,0.020833,0,0,0,0,0.020833,0.10417,0.020833,0,0.020833,0,0,0,0.020833,0,0,0.041667,0.041667,0,0.041667,0.041667,0.020833
0.025974,0.012987,0.012987,0.012987,0.012987,0.012987,0.025974,0.012987,0.012987,0.012987,0.012987,0.012987,0,0.012987,0.012987,0.025974,0.038961,0,0.012987,0.012987,0.012987,0.012987,0.025974,0.025974,0.012987,0.012987,0.025974,0,0,0,0.012987,0,0,0.012987,0,0.012987,0.012987,0.025974,0.025974,0.025974,0.012987,0.025974,0.012987,0,0.038961,0.012987,0,0.012987,0.012987,0.012987,0.012987,0,0.025974,0,0.025974,0.025974,0.025974,0.025974,0.025974,0.051948,0.012987,0.025974,0.025974,0.012987
0,0,0.047619,0.047619,0,0.047619,0,0,0.047619,0.095238,0,0,0,0,0,0,0.047619,0,0,0,0,0,0.047619,0.047619,0,0,0.047619,0,0.047619,0,0,0,0.047619,0,0,0,0,0,0,0,0,0,0,0,0.047619,0,0.047619,0.047619,0.047619,0,0.047619,0,0.047619,0,0,0,0,0,0.047619,0,0.047619,0,0.047619,0
0.045455,0.045455,0,0.045455,0,0,0,0.045455,0.045455,0,0,0.045455,0,0,0.045455,0.045455,0.045455,0,0,0,0,0,0,0,0,0,0,0.045455,0,0,0,0.045455,0.045455,0,0,0,0,0,0.045455,0,0,0,0,0,0,0.090909,0,0,0,0,0,0,0,0,0,0,0.13636,0,0,0.045455,0.090909,0.045455,0,0
0.05102,0,0.020408,0.05102,0.030612,0,0,0,0.010204,0.010204,0,0.030612,0,0,0.020408,0.040816,0.010204,0.030612,0.020408,0,0.040816,0.010204,0.020408,0.040816,0,0.010204,0.010204,0.020408,0.020408,0.010204,0.010204,0,0.010204,0.010204,0,0.010204,0.05102,0,0,0.010204,0,0,0.020408,0.010204,0,0,0.020408,0,0.030612,0.030612,0.010204,0.020408,0.030612,0,0,0.020408,0.010204,0.030612,0.020408,0.010204,0.040816,0,0.061224,0.020408
0,0.013889,0.013889,0.013889,0.027778,0,0.013889,0.013889,0.041667,0.055556,0.013889,0.013889,0,0.013889,0.013889,0,0.013889,0.013889,0,0,0.013889,0.013889,0.041667,0.013889,0,0.027778,0.027778,0,0.013889,0,0.013889,0,0.041667,0.013889,0.013889,0,0.055556,0.027778,0.041667,0.027778,0.027778,0.027778,0,0,0,0.027778,0.013889,0,0.013889,0.013889,0,0,0.041667,0.013889,0,0.013889,0.041667,0.027778,0,0.013889,0.013889,0.013889,0.013889,0.013889
0.066667,0,0,0.033333,0.033333,0,0.1,0,0.033333,0.033333,0,0,0,0,0.066667,0,0,0,0.033333,0,0,0,0,0,0,0,0,0,0,0,0,0,0.033333,0,0,0.033333,0.033333,0.033333,0.1,0,0,0,0.033333,0,0,0.033333,0.033333,0,0,0,0.033333,0,0.033333,0,0.033333,0,0,0.033333,0.033333,0,0.033333,0.033333,0.033333,0
0,0,0,0,0.033333,0.033333,0,0,0.033333,0,0.066667,0.033333,0.033333,0,0.033333,0,0.033333,0,0,0,0.033333,0,0.033333,0,0.066667,0.033333,0.033333,0,0.033333,0,0,0.033333,0.033333,0.033333,0,0,0,0,0,0,0,0.033333,0,0,0,0,0,0,0.033333,0,0,0,0.033333,0,0.033333,0.066667,0.033333,0.033333,0.1,0,0,0,0,0
0,0.071429,0,0.071429,0,0,0,0,0.071429,0,0,0.14286,0,0,0,0,0,0,0,0,0.071429,0,0,0,0.071429,0.071429,0,0,0,0,0,0.071429,0,0,0,0,0,0.071429,0,0,0,0,0,0,0.071429,0,0,0,0,0,0,0,0.14286,0,0,0,0,0,0,0,0,0,0,0.071429
0,0,0,0.027778,0,0.013889,0.013889,0.013889,0.041667,0.027778,0.013889,0.013889,0,0,0,0,0,0.027778,0,0,0.097222,0.041667,0.083333,0.013889,0.013889,0.041667,0,0,0,0,0,0,0,0,0,0,0.041667,0.027778,0.069444,0.041667,0,0.013889,0.013889,0,0,0.041667,0.013889,0,0,0,0,0,0.027778,0.013889,0.041667,0.027778,0.041667,0.013889,0.055556,0.027778,0,0,0,0
0,0,0,0,0.058824,0,0,0,0,0,0.11765,0,0,0.058824,0.058824,0,0,0,0.058824,0,0,0,0.058824,0,0,0.058824,0,0.058824,0,0,0,0,0,0.058824,0,0,0,0.058824,0.058824,0,0,0,0,0,0,0,0,0,0,0,0,0,0,0,0,0,0.058824,0,0.11765,0,0,0,0.058824,0.058824
0.03125,0.015625,0,0,0.015625,0.015625,0.015625,0.015625,0.015625,0.03125,0,0,0,0.046875,0.015625,0.015625,0.015625,0.03125,0,0.015625,0.0625,0.046875,0.015625,0.015625,0.03125,0.03125,0.015625,0,0.03125,0.03125,0.046875,0.046875,0,0,0,0,0.03125,0.015625,0.046875,0.03125,0,0,0.015625,0,0,0.03125,0,0.015625,0.03125,0,0,0,0,0,0.015625,0,0.03125,0.046875,0,0,0.015625,0,0,0
0,0,0.014085,0.014085,0.028169,0,0,0.014085,0.014085,0.014085,0,0,0,0.014085,0.014085,0,0.084507,0,0.028169,0.014085,0.056338,0.042254,0,0.042254,0.028169,0.028169,0,0.014085,0.014085,0.014085,0,0.014085,0.014085,0,0,0.028169,0.014085,0.014085,0.014085,0.028169,0.056338,0,0.042254,0.042254,0.014085,0.014085,0,0.014085,0,0,0.014085,0.014085,0.014085,0.014085,0,0.028169,0.014085,0.042254,0.028169,0.014085,0,0,0,0.014085
0,0,0,0,0,0,0,0,0,0,0.043478,0,0,0,0,0,0,0,0,0.043478,0,0,0,0.043478,0.043478,0.043478,0.043478,0.043478,0,0,0.043478,0,0,0,0,0,0.043478,0,0,0.086957,0.043478,0,0.043478,0,0,0,0.043478,0.043478,0,0,0,0,0,0.043478,0,0,0,0.043478,0.13043,0.043478,0.043478,0.043478,0,0
0.017857,0.035714,0,0.017857,0.035714,0.053571,0,0.053571,0,0.017857,0,0.017857,0,0.19643,0,0.017857,0,0.053571,0.017857,0,0,0.053571,0,0.017857,0,0.23214,0,0,0,0,0,0,0.017857,0,0,0,0,0,0,0,0,0,0,0,0.017857,0,0,0,0,0,0,0,0,0.017857,0.017857,0,0,0.035714,0,0.017857,0,0.017857,0,0.017857
0,0,0,0.04,0,0.04,0,0,0.04,0,0,0.04,0,0.04,0.04,0,0,0,0,0.04,0.08,0,0,0,0,0.04,0,0,0,0,0.04,0.04,0,0,0,0.04,0,0,0,0,0,0.04,0,0.04,0,0,0.12,0,0.04,0,0,0,0,0,0,0,0.04,0.04,0,0,0.08,0,0.04,0.04
0,0,0,0,0,0,0,0,0,0.0625,0,0,0,0,0,0,0,0.0625,0.0625,0,0.125,0,0,0,0,0.0625,0.0625,0,0,0.0625,0.0625,0,0,0,0,0,0.0625,0.0625,0,0,0,0,0,0,0,0,0,0.0625,0.125,0,0,0,0.0625,0,0,0.0625,0,0,0,0,0,0,0,0
0.018519,0.037037,0,0,0.018519,0.055556,0,0,0.055556,0.037037,0.055556,0,0.018519,0.018519,0,0,0.037037,0.018519,0,0.037037,0.037037,0,0.037037,0,0.037037,0.037037,0.018519,0,0,0,0.074074,0,0,0.018519,0.018519,0.018519,0.018519,0,0.018519,0,0,0,0.018519,0,0,0.018519,0.018519,0,0.018519,0,0,0,0.018519,0.018519,0.018519,0.018519,0.055556,0.037037,0,0,0,0.018519,0,0
0.020408,0.020408,0.040816,0,0.061224,0,0.020408,0,0.040816,0,0.081633,0.040816,0.020408,0.040816,0,0.020408,0,0,0,0.020408,0,0.081633,0.040816,0,0,0,0,0.020408,0,0,0,0,0,0,0,0.040816,0,0,0.020408,0,0,0.020408,0,0.040816,0,0.020408,0,0,0.020408,0,0,0,0.061224,0.061224,0.020408,0.040816,0.020408,0.020408,0,0,0.020408,0,0.020408,0
0,0,0,0,0.083333,0,0,0.083333,0.083333,0,0,0,0.083333,0,0,0.083333,0,0,0,0,0,0,0,0.083333,0,0,0,0,0.083333,0,0,0,0,0,0,0,0,0.083333,0,0,0,0,0,0,0,0.083333,0,0,0,0,0,0,0,0.083333,0,0,0.083333,0,0.083333,0,0,0,0,0
0,0,0,0.055556,0,0,0.055556,0,0,0,0,0,0,0,0.055556,0,0,0,0,0.11111,0.055556,0,0,0.055556,0,0.055556,0,0,0,0,0,0,0.11111,0,0.055556,0,0,0.055556,0,0,0,0.055556,0,0,0.055556,0,0,0,0,0,0,0,0,0,0,0,0.16667,0.055556,0,0,0,0,0,0
0.083333,0,0,0,0,0,0,0,0,0,0,0,0.16667,0.083333,0.083333,0,0,0,0,0.083333,0,0,0,0,0,0,0.083333,0,0,0,0,0.083333,0,0,0,0,0,0,0,0,0,0,0,0,0,0.083333,0,0.083333,0,0,0,0,0,0,0,0,0,0,0,0,0,0,0,0.16667
0.038462,0,0,0,0.076923,0,0.038462,0,0,0,0,0.038462,0,0,0,0,0,0,0.038462,0,0.076923,0,0.038462,0,0.076923,0.038462,0,0.076923,0,0,0,0,0.038462,0,0,0.076923,0,0,0.038462,0,0,0.038462,0,0,0.076923,0,0,0,0,0,0,0,0.11538,0,0,0,0.038462,0.038462,0,0,0,0,0,0
0,0.15385,0,0,0,0,0,0.076923,0.076923,0,0,0,0,0,0,0,0,0,0,0,0.076923,0,0,0,0,0.076923,0,0.076923,0,0.076923,0,0,0,0,0,0,0.076923,0,0,0,0,0,0,0,0,0,0,0,0,0,0,0,0,0,0.076923,0,0,0,0.15385,0,0.076923,0,0,0
0.011765,0,0.011765,0.011765,0.035294,0.035294,0,0.011765,0,0.011765,0.047059,0.023529,0,0,0.023529,0.011765,0,0.011765,0.011765,0,0.035294,0.023529,0.058824,0.011765,0.023529,0.023529,0,0.023529,0,0,0,0,0.035294,0.011765,0.047059,0.035294,0.035294,0,0.023529,0,0.023529,0,0,0,0.023529,0.011765,0,0,0.011765,0,0,0.011765,0,0.023529,0.070588,0.023529,0.047059,0.023529,0.035294,0.011765,0.011765,0.011765,0.011765,0
0,0,0,0,0,0,0,0.1,0,0,0,0,0,0,0,0,0.05,0,0.05,0,0.05,0,0.1,0.05,0,0,0.05,0.1,0.05,0,0,0,0,0,0,0,0.05,0,0.05,0.05,0,0,0,0,0,0,0,0,0,0,0,0,0.05,0,0,0.05,0,0,0,0.1,0,0,0.05,0
0.10606,0.030303,0.030303,0,0.030303,0.030303,0.015152,0,0.030303,0.045455,0,0.015152,0,0.015152,0.030303,0,0.015152,0.030303,0,0.015152,0.030303,0,0.015152,0,0.015152,0.015152,0,0,0,0.015152,0,0,0,0.015152,0.030303,0,0.030303,0,0.045455,0,0,0,0,0,0.015152,0.015152,0,0,0.030303,0,0.015152,0.015152,0,0,0.015152,0.015152,0,0.030303,0.060606,0.015152,0.060606,0.015152,0.030303,0.015152
0,0,0,0,0,0.10345,0,0,0.12644,0.18391,0,0,0,0,0,0,0,0,0,0,0,0.011494,0,0,0.011494,0.068966,0,0,0,0,0,0,0,0.011494,0,0,0,0.08046,0,0,0.068966,0.08046,0.011494,0,0.011494,0,0,0,0,0,0,0,0.011494,0.091954,0,0,0.068966,0.057471,0,0,0,0,0,0
0,0,0,0,0,0,0,0,0,0,0,0,0,0,0,0,0,0,0,0.125,0,0,0,0,0.375,0,0.125,0,0,0,0,0,0,0,0,0,0,0,0,0.125,0,0,0,0.125,0,0,0,0,0,0,0,0,0,0,0,0,0.125,0,0,0,0,0,0,0
0,0.018519,0,0,0.018519,0.055556,0,0.037037,0.018519,0.018519,0.018519,0.018519,0,0.037037,0.018519,0.018519,0,0.037037,0,0,0.055556,0.018519,0,0.018519,0.037037,0.018519,0.018519,0,0,0,0,0.018519,0,0,0,0,0.055556,0.037037,0.018519,0,0.018519,0,0.018519,0,0,0,0.018519,0.037037,0,0.018519,0,0,0,0.037037,0.018519,0.037037,0.018519,0.074074,0.037037,0.055556,0,0,0,0
0,0,0,0,0.026316,0,0,0,0,0.026316,0,0,0.026316,0.026316,0,0.026316,0.026316,0,0,0.026316,0.078947,0,0.026316,0.026316,0.026316,0.026316,0,0.052632,0,0,0,0.052632,0.026316,0.026316,0,0,0.026316,0,0.052632,0.078947,0.026316,0,0,0.026316,0,0,0.026316,0.026316,0.026316,0.026316,0,0,0,0.052632,0.026316,0,0.026316,0.026316,0,0,0,0.026316,0,0
0.036364,0,0.018182,0.018182,0.054545,0.018182,0.10909,0,0.018182,0.036364,0.036364,0,0.018182,0,0.036364,0.018182,0,0,0.018182,0.018182,0.036364,0,0.10909,0,0.018182,0,0.072727,0,0,0,0.036364,0,0,0,0,0.018182,0.018182,0.018182,0.036364,0.018182,0,0,0.018182,0.018182,0,0.018182,0.018182,0.018182,0.018182,0,0,0,0.018182,0,0,0,0.018182,0,0.018182,0,0,0,0,0
0.04878,0,0,0,0.02439,0.02439,0.073171,0,0.02439,0,0,0.02439,0.02439,0.02439,0.02439,0,0,0.04878,0,0.02439,0.02439,0.02439,0.02439,0.04878,0,0.073171,0.073171,0,0,0,0.02439,0.02439,0.02439,0,0,0.02439,0.073171,0,0.02439,0.04878,0,0,0,0,0,0,0,0.04878,0,0,0,0,0,0,0,0.02439,0,0,0.02439,0,0,0,0,0.02439
0,0,0,0.076923,0,0,0,0,0,0,0,0,0,0,0,0,0,0.076923,0,0,0.076923,0,0,0.15385,0,0.076923,0,0,0,0.076923,0,0,0,0,0,0,0.076923,0,0,0.076923,0,0,0.076923,0,0.076923,0,0,0,0,0,0,0,0,0,0,0,0.076923,0,0,0,0,0.076923,0,0
0,0,0,0,0,0,0.058824,0,0,0,0,0,0,0.058824,0,0,0.058824,0,0,0,0.17647,0.058824,0,0,0,0,0,0,0,0.11765,0,0,0.058824,0.058824,0,0,0,0,0,0,0,0.058824,0,0,0,0,0,0,0.11765,0,0,0,0,0,0,0,0.11765,0,0.058824,0,0,0,0,0
0.021739,0.021739,0,0,0,0.021739,0,0.021739,0.021739,0.021739,0.043478,0,0.065217,0.021739,0.021739,0.1087,0.021739,0,0,0,0,0.021739,0.021739,0,0,0,0,0,0.021739,0,0.021739,0,0.043478,0,0,0.021739,0.043478,0,0,0.021739,0.043478,0,0,0,0,0.021739,0.021739,0.021739,0.043478,0,0.021739,0,0,0.043478,0,0,0.043478,0.021739,0,0.021739,0.043478,0,0.021739,0
0.017241,0.017241,0.086207,0,0.034483,0.017241,0.017241,0.034483,0,0,0,0.017241,0.034483,0.017241,0.051724,0.034483,0,0,0.017241,0,0,0.017241,0,0.034483,0.017241,0,0,0.017241,0,0.034483,0.034483,0,0,0,0.051724,0.017241,0.017241,0.017241,0.034483,0,0.034483,0.017241,0,0,0,0.017241,0.017241,0,0,0,0,0,0,0.017241,0,0.051724,0.017241,0,0.034483,0.017241,0.017241,0.017241,0.017241,0.034483
0,0,0.035714,0,0,0,0,0,0.035714,0,0.071429,0,0.071429,0,0,0,0.071429,0,0,0,0.035714,0,0.035714,0,0,0,0.071429,0,0.035714,0,0,0.035714,0.035714,0,0.035714,0.035714,0,0,0.035714,0,0.035714,0,0,0,0,0,0,0.035714,0,0,0.035714,0,0,0.071429,0.071429,0,0,0,0.10714,0,0,0,0,0
0.01087,0,0,0,0.032609,0.021739,0.076087,0.021739,0.01087,0.01087,0.01087,0.01087,0,0.01087,0.032609,0.032609,0.01087,0.032609,0,0.032609,0.01087,0.054348,0.01087,0.01087,0.01087,0.16304,0.021739,0.01087,0.01087,0.021739,0,0,0,0.01087,0,0,0.01087,0.032609,0.021739,0,0.01087,0.032609,0.01087,0,0,0.01087,0.01087,0,0,0,0,0,0,0.01087,0.01087,0,0,0.054348,0.043478,0,0,0.021739,0.01087,0.01087
0.061538,0,0.015385,0.015385,0,0.015385,0.030769,0.030769,0.015385,0,0.015385,0.015385,0.015385,0.015385,0.030769,0.030769,0.015385,0.015385,0.046154,0.015385,0.030769,0.015385,0,0,0.015385,0,0,0,0,0,0.015385,0.015385,0.030769,0.030769,0.030769,0,0.061538,0.015385,0.015385,0,0,0,0.015385,0,0,0,0.046154,0,0.030769,0.030769,0.046154,0.015385,0,0.015385,0,0.046154,0,0,0,0.015385,0.015385,0.015385,0.015385,0.015385
0,0,0.027778,0.013889,0.027778,0,0.055556,0.027778,0.069444,0.069444,0.11111,0,0.041667,0.027778,0.027778,0.027778,0,0,0,0.013889,0.027778,0,0.013889,0.013889,0.013889,0,0.041667,0,0,0.013889,0.013889,0,0,0.013889,0.013889,0.013889,0.055556,0.013889,0.013889,0.013889,0.013889,0,0,0,0.027778,0.013889,0.027778,0,0.013889,0,0,0,0.013889,0,0.027778,0,0,0,0.013889,0,0,0.013889,0.013889,0
0,0,0,0,0.066667,0,0,0.033333,0,0,0.033333,0,0,0.033333,0,0.1,0.033333,0,0,0,0,0,0,0,0.066667,0,0,0,0,0,0,0,0.033333,0.066667,0.066667,0.033333,0.033333,0.033333,0,0,0,0,0,0,0,0,0.033333,0,0,0,0.066667,0.033333,0,0,0,0.033333,0,0,0,0.066667,0.033333,0.033333,0.066667,0
0.02439,0,0,0,0.04878,0,0,0.04878,0.073171,0.02439,0.02439,0.02439,0,0,0.02439,0.02439,0.02439,0.02439,0,0,0.02439,0,0,0.04878,0.073171,0.02439,0.02439,0.02439,0,0,0,0,0,0,0,0.02439,0,0.02439,0,0,0,0,0,0,0,0,0.02439,0.02439,0,0.02439,0.02439,0,0.04878,0.02439,0.02439,0,0.02439,0.04878,0.04878,0,0.02439,0,0,0.02439
0,0.018868,0.018868,0,0,0.037736,0.037736,0.018868,0.018868,0.018868,0.018868,0,0.018868,0.037736,0.037736,0,0.037736,0,0.018868,0.037736,0,0,0.018868,0.018868,0.037736,0.018868,0.037736,0,0,0,0,0,0,0.037736,0,0,0.037736,0,0.037736,0,0,0,0.018868,0,0,0,0.018868,0.018868,0.018868,0.018868,0,0.018868,0.075472,0,0.018868,0.018868,0.056604,0.018868,0.037736,0,0,0.018868,0.018868,0
0.032787,0.04918,0,0.04918,0.081967,0.032787,0.016393,0.016393,0,0.098361,0.032787,0.016393,0,0.016393,0.016393,0.081967,0,0,0.032787,0,0.016393,0.016393,0.032787,0.016393,0,0.032787,0.016393,0,0,0,0,0,0.016393,0,0,0.016393,0,0,0.016393,0.032787,0,0,0,0,0.016393,0,0,0,0.016393,0,0,0,0.016393,0,0,0.016393,0.032787,0.032787,0.016393,0,0,0,0.065574,0
0,0.011111,0,0,0,0.011111,0,0.011111,0.033333,0.011111,0.033333,0,0,0.011111,0.011111,0,0.022222,0.022222,0,0.044444,0.055556,0.011111,0,0.011111,0.044444,0.022222,0.022222,0.011111,0,0.022222,0.022222,0,0,0.022222,0.011111,0.022222,0.011111,0.011111,0,0.011111,0.022222,0.011111,0.022222,0,0,0.011111,0.033333,0,0.011111,0.011111,0.022222,0.011111,0.011111,0.044444,0,0.011111,0.044444,0.044444,0.033333,0.022222,0.011111,0.044444,0.044444,0
0.09375,0.03125,0.015625,0.046875,0.046875,0.03125,0,0.015625,0.078125,0.0625,0.10938,0.015625,0.015625,0,0.015625,0,0.078125,0.03125,0,0,0.03125,0,0,0,0.015625,0.015625,0,0,0,0.015625,0.015625,0.015625,0.03125,0,0,0,0.015625,0,0,0,0,0,0.03125,0,0,0.015625,0.015625,0,0,0.03125,0.03125,0,0.015625,0,0,0,0,0,0,0,0,0,0.015625,0
0,0,0,0,0,0,0,0.045455,0.045455,0,0.045455,0,0,0,0,0.045455,0,0,0,0,0.13636,0,0.045455,0.045455,0,0.045455,0,0.045455,0,0,0.045455,0,0,0.045455,0,0,0.090909,0,0,0,0,0,0,0,0,0,0,0.045455,0,0,0,0.045455,0.045455,0.045455,0,0,0.045455,0,0,0,0,0,0,0.090909
0.066667,0,0,0,0,0,0.066667,0.066667,0,0,0,0,0,0.066667,0,0,0,0,0,0,0.066667,0,0.066667,0,0.066667,0,0,0,0,0.066667,0,0.066667,0,0,0,0,0,0,0.066667,0,0,0,0,0,0,0.066667,0,0,0,0,0,0.13333,0,0,0,0,0,0,0,0,0,0,0,0.13333
0,0.014493,0,0,0.057971,0,0.028986,0.043478,0.014493,0.014493,0,0.014493,0.014493,0,0.043478,0.014493,0,0,0,0.014493,0.043478,0,0.028986,0,0.028986,0.072464,0.014493,0,0.014493,0.043478,0,0,0,0,0,0.014493,0.014493,0,0.014493,0,0.043478,0.014493,0,0.014493,0,0,0,0,0,0.014493,0,0.014493,0.028986,0.028986,0.028986,0.043478,0.057971,0.10145,0.014493,0.014493,0,0,0,0.014493
0.021739,0,0,0,0.021739,0,0,0.043478,0.086957,0.021739,0.021739,0.021739,0.043478,0.021739,0.021739,0,0.021739,0.043478,0,0,0.021739,0,0,0,0.021739,0,0.021739,0,0,0,0,0.021739,0,0.021739,0.043478,0,0.021739,0,0.021739,0.021739,0,0,0.021739,0,0.021739,0,0.021739,0,0,0,0,0,0.021739,0.043478,0.021739,0.021739,0.043478,0.065217,0.065217,0,0.021739,0,0.021739,0
0,0,0.076923,0,0,0,0.076923,0,0.076923,0,0.15385,0,0,0,0.15385,0,0,0,0,0,0,0,0,0,0,0,0,0.076923,0,0,0,0,0,0,0,0,0,0.076923,0.076923,0,0,0,0,0,0.076923,0,0,0.076923,0,0,0,0,0,0.076923,0,0,0,0,0,0,0,0,0,0
0,0,0,0,0.022727,0,0,0.022727,0.022727,0,0,0.022727,0,0,0,0.022727,0,0,0,0.022727,0.090909,0,0.068182,0.022727,0.090909,0.022727,0.022727,0.045455,0,0,0.022727,0,0,0.068182,0.022727,0.022727,0.022727,0,0.022727,0.022727,0,0.068182,0,0,0,0,0,0,0,0,0,0,0.045455,0,0,0,0,0.11364,0.022727,0.045455,0,0,0,0
0.02381,0.047619,0,0.02381,0.02381,0,0.02381,0,0,0,0,0,0.047619,0,0.02381,0.071429,0.047619,0,0,0.071429,0.02381,0,0,0,0,0.047619,0,0,0,0,0,0.02381,0,0,0,0,0.02381,0.02381,0,0,0,0,0,0.02381,0,0.02381,0.047619,0,0.047619,0,0.02381,0.02381,0.047619,0,0,0.047619,0.071429,0,0,0,0.071429,0,0,0.02381
0.18182,0.045455,0,0,0,0,0,0,0,0.045455,0,0.045455,0,0.045455,0,0,0.045455,0,0,0,0,0.045455,0,0,0,0,0.090909,0,0.045455,0,0,0.045455,0,0,0,0.045455,0,0,0,0,0,0,0,0,0,0,0,0,0,0,0,0,0,0,0,0,0,0,0,0,0.18182,0.045455,0.090909,0
0.047619,0,0,0.047619,0,0,0,0.047619,0,0,0,0,0,0,0,0.047619,0,0,0,0,0,0,0.095238,0,0.095238,0,0,0,0.047619,0,0,0.047619,0,0,0,0,0,0.047619,0.047619,0,0,0,0,0,0.047619,0.047619,0,0.047619,0,0,0,0,0,0,0.047619,0,0,0.095238,0.047619,0,0,0.095238,0,0
0.024096,0.012048,0.012048,0,0.036145,0.012048,0,0.012048,0.036145,0,0.024096,0.048193,0.012048,0.024096,0,0.048193,0,0,0,0,0.036145,0,0.012048,0.012048,0.024096,0,0.012048,0.012048,0,0,0.012048,0,0.024096,0.012048,0,0.012048,0.036145,0,0.024096,0,0.024096,0.024096,0,0,0.012048,0,0,0.012048,0.036145,0,0.012048,0.012048,0.048193,0.012048,0,0.012048,0.024096,0.048193,0.036145,0.012048,0.036145,0.036145,0.024096,0.048193
0,0,0,0,0,0,0,0,0.02381,0,0.02381,0.02381,0.02381,0.02381,0,0.071429,0.02381,0.02381,0.047619,0.071429,0.047619,0,0,0,0,0,0,0.02381,0.02381,0,0.047619,0.047619,0,0,0,0,0,0,0,0,0,0,0,0.02381,0.02381,0,0,0.047619,0.071429,0.071429,0.047619,0.02381,0,0,0,0,0,0.02381,0.047619,0,0,0,0.02381,0.047619
0,0,0,0,0,0.055556,0,0,0,0,0,0,0,0,0,0.11111,0.055556,0.055556,0,0,0,0,0,0.055556,0,0,0,0,0.055556,0,0.055556,0,0,0,0,0,0,0,0,0,0,0,0,0,0,0,0,0,0.055556,0,0.055556,0.11111,0,0,0.055556,0,0,0,0,0,0.11111,0,0,0.16667
0.041667,0,0,0,0,0,0,0,0,0,0,0,0,0,0.041667,0.16667,0.041667,0,0,0,0,0,0,0.041667,0,0,0,0,0,0,0,0,0,0,0,0,0,0,0,0,0,0,0,0,0,0,0.041667,0.041667,0.041667,0.041667,0.083333,0.16667,0,0,0,0,0,0,0,0.083333,0.041667,0,0,0.125
0,0,0.02439,0.012195,0,0,0,0,0.012195,0,0,0,0.04878,0.012195,0.02439,0.060976,0,0,0,0,0,0,0,0,0,0,0,0.012195,0.04878,0.012195,0.036585,0.073171,0.012195,0,0.02439,0.012195,0,0,0,0,0,0,0.012195,0.012195,0.012195,0,0.012195,0.073171,0.04878,0,0.04878,0.073171,0,0,0,0,0,0.012195,0.036585,0,0.04878,0,0.02439,0.15854
0.04,0,0,0,0,0,0,0.04,0,0,0.04,0.04,0,0,0,0,0.04,0,0,0,0.08,0.04,0.04,0.04,0.04,0,0,0,0.04,0,0,0,0,0,0,0.04,0.04,0,0.04,0,0,0,0,0,0,0,0.04,0.08,0,0,0,0,0.08,0,0,0.04,0.08,0.04,0,0.04,0,0,0,0
0.030303,0,0,0,0,0,0,0,0,0.030303,0,0.090909,0,0.060606,0,0,0.030303,0,0,0.030303,0.090909,0,0.030303,0,0.060606,0.030303,0.030303,0,0,0,0,0,0,0,0.060606,0,0.060606,0.030303,0,0,0.090909,0,0.030303,0.060606,0,0,0.030303,0,0,0,0,0,0,0,0,0,0,0.060606,0.060606,0,0,0,0,0
0,0.060606,0.030303,0,0,0,0.030303,0,0.060606,0.090909,0.12121,0,0,0.030303,0,0,0,0,0,0.060606,0,0,0,0,0.030303,0,0.030303,0,0,0.030303,0,0,0,0,0,0.030303,0.030303,0,0.030303,0,0.030303,0,0,0,0,0.030303,0,0,0,0,0,0,0.030303,0,0,0,0.060606,0.060606,0,0,0.12121,0,0,0
0,0,0,0,0,0.026316,0,0,0,0,0,0,0,0,0,0,0.026316,0,0.026316,0,0.078947,0,0.026316,0.078947,0,0.10526,0.026316,0,0,0,0,0.078947,0,0,0,0,0.026316,0.026316,0,0.026316,0.026316,0.026316,0,0.10526,0,0,0.026316,0,0.026316,0,0,0,0.026316,0,0,0.052632,0.078947,0,0,0.026316,0.026316,0.026316,0,0
0,0,0,0.020408,0.020408,0,0,0,0.020408,0,0.020408,0,0,0,0,0,0.040816,0,0.040816,0,0.040816,0.020408,0.020408,0.14286,0,0.040816,0.020408,0,0,0,0,0.020408,0,0,0.020408,0,0.10204,0.020408,0.020408,0,0,0.040816,0.061224,0.040816,0,0,0,0,0,0,0,0,0.020408,0,0,0.040816,0.020408,0.040816,0.020408,0.061224,0,0.020408,0,0
0,0,0,0,0.11429,0,0.028571,0.057143,0,0.028571,0,0,0,0,0,0,0,0,0,0,0.028571,0,0,0.028571,0.028571,0.028571,0.028571,0,0,0.028571,0.085714,0,0,0,0,0.028571,0.085714,0,0.085714,0,0,0,0,0,0,0,0,0,0,0,0,0,0.057143,0.028571,0.028571,0,0,0.057143,0.085714,0,0.028571,0,0,0.028571
0.043478,0.086957,0.021739,0.021739,0.021739,0,0,0.021739,0.021739,0.021739,0,0.021739,0.021739,0.021739,0,0,0,0,0,0.021739,0.021739,0.021739,0,0,0.043478,0.021739,0,0,0.021739,0.021739,0,0,0,0,0,0,0.065217,0.021739,0.086957,0.065217,0.021739,0.043478,0,0,0,0.021739,0.021739,0,0.021739,0.021739,0,0.021739,0,0,0.021739,0,0,0.021739,0,0.021739,0,0,0,0.021739
0.027027,0.027027,0,0,0.027027,0,0,0.027027,0,0,0.027027,0.054054,0,0,0,0,0.054054,0,0,0.027027,0,0,0.027027,0.054054,0.027027,0.027027,0,0,0.027027,0,0,0.027027,0.027027,0,0,0,0.054054,0,0.081081,0,0,0,0,0,0.027027,0.054054,0,0.027027,0,0.027027,0,0.027027,0.054054,0.027027,0.027027,0,0.027027,0.027027,0.054054,0,0,0,0,0
0.028571,0.028571,0,0,0.028571,0,0,0,0.028571,0.057143,0.057143,0.085714,0,0.057143,0.028571,0.028571,0,0,0,0.028571,0.057143,0.028571,0.028571,0.028571,0.057143,0,0.057143,0.028571,0,0,0,0,0.028571,0,0.028571,0.028571,0,0.028571,0.028571,0,0,0.028571,0,0,0,0,0,0,0,0,0,0,0,0,0,0.028571,0,0.028571,0,0,0.028571,0,0,0
0,0,0,0,0,0,0,0.1,0,0,0,0.1,0,0,0,0,0,0,0,0.1,0,0,0,0,0,0,0,0,0.1,0,0,0,0,0,0,0,0,0,0,0,0,0,0,0,0.1,0,0,0,0,0,0,0,0,0,0,0,0,0,0,0.2,0,0,0,0.3
0,0,0,0,0.014085,0.042254,0,0.014085,0.028169,0.084507,0.028169,0,0,0.042254,0,0,0.014085,0.014085,0,0,0.15493,0.014085,0.014085,0.014085,0,0.042254,0.014085,0,0.014085,0,0,0,0,0,0,0,0.070423,0,0.014085,0.014085,0.014085,0.028169,0.028169,0.014085,0,0.028169,0.042254,0,0.014085,0,0,0,0.056338,0,0.014085,0,0.014085,0.028169,0.042254,0,0,0,0.014085,0.014085
0.021505,0.010753,0,0.021505,0.043011,0.043011,0.032258,0.021505,0.032258,0.053763,0.032258,0,0,0.021505,0.043011,0.032258,0,0.021505,0,0.010753,0.032258,0.010753,0.010753,0.010753,0.032258,0.032258,0.010753,0,0,0.010753,0.021505,0,0,0.010753,0,0.010753,0.010753,0.021505,0.032258,0.010753,0,0,0.021505,0.010753,0.010753,0.021505,0,0,0,0.010753,0.010753,0,0.021505,0.010753,0.053763,0,0,0.043011,0.053763,0,0,0.021505,0,0
0,0.033898,0,0.016949,0.033898,0,0.033898,0.016949,0,0.033898,0.050847,0.016949,0,0.016949,0.016949,0,0,0,0,0,0.067797,0,0.033898,0,0.033898,0.016949,0.050847,0,0,0,0.016949,0,0,0,0,0,0.050847,0.016949,0.016949,0.050847,0.016949,0.033898,0,0,0,0,0.016949,0,0,0,0,0,0.033898,0.050847,0.016949,0.016949,0,0.050847,0.067797,0.016949,0,0.033898,0,0.016949
0,0,0.086957,0,0.043478,0,0,0,0,0,0,0,0,0,0.086957,0,0.043478,0.043478,0.043478,0,0,0,0,0,0,0.043478,0.043478,0,0,0,0.043478,0,0,0.043478,0,0.043478,0.043478,0,0,0,0,0,0,0,0,0.043478,0.13043,0,0,0.043478,0,0,0,0,0.043478,0,0.043478,0.043478,0,0.043478,0,0,0,0
0.022727,0.022727,0,0,0.022727,0.022727,0,0.045455,0,0,0,0,0,0.022727,0.022727,0.045455,0,0,0.045455,0,0.045455,0,0.022727,0.022727,0.022727,0.045455,0.022727,0,0,0,0.022727,0.045455,0,0,0,0.022727,0,0.022727,0,0,0.022727,0,0.022727,0.022727,0,0,0,0.022727,0.045455,0.022727,0,0,0.045455,0,0,0.068182,0,0,0,0.068182,0,0.022727,0.045455,0.022727
0,0,0,0.033333,0.033333,0.033333,0.033333,0,0.033333,0.033333,0.1,0.066667,0,0,0,0,0.033333,0,0,0,0.033333,0,0,0,0,0,0.033333,0,0.033333,0,0,0.033333,0,0,0,0,0.033333,0,0.066667,0,0,0,0,0,0.033333,0,0.066667,0,0,0,0,0.033333,0.066667,0.033333,0,0,0.066667,0,0,0.066667,0,0,0,0
0,0,0,0,0,0,0,0.04,0,0,0,0,0,0,0.04,0,0,0,0,0.04,0,0.04,0,0,0,0,0,0,0.04,0,0,0,0,0,0,0,0.04,0,0,0.04,0,0,0,0,0.04,0.04,0,0,0.04,0,0.08,0,0.04,0.04,0.08,0.04,0.08,0.04,0.04,0,0.08,0,0.04,0.04
0.041667,0.010417,0,0.010417,0,0,0,0.03125,0,0.041667,0.041667,0.010417,0.020833,0.020833,0.041667,0,0.020833,0.010417,0.052083,0,0.0625,0,0.03125,0.010417,0.010417,0.020833,0.03125,0,0,0,0.020833,0.03125,0.03125,0.010417,0,0,0.03125,0.010417,0,0.010417,0,0,0,0.010417,0.010417,0.010417,0.010417,0.010417,0.020833,0.03125,0.010417,0,0.052083,0,0.010417,0,0.03125,0.03125,0.041667,0,0.010417,0,0.020833,0.020833
0,0,0,0,0.020408,0,0.040816,0,0.040816,0,0,0,0,0,0,0,0.040816,0,0.020408,0.020408,0.020408,0,0.020408,0.020408,0.040816,0.040816,0.040816,0.040816,0,0.040816,0.020408,0.020408,0.020408,0.020408,0,0,0.020408,0,0,0,0,0.020408,0,0.020408,0.020408,0.020408,0.020408,0,0.020408,0.020408,0,0.020408,0.040816,0.020408,0.040816,0.040816,0.020408,0.040816,0.040816,0,0.020408,0,0,0.020408
0,0.041667,0,0,0.125,0,0,0.041667,0.041667,0,0,0.041667,0.041667,0.041667,0,0,0,0,0,0,0.125,0.041667,0,0,0,0,0.041667,0,0,0,0,0,0,0,0,0,0.041667,0.041667,0.041667,0,0,0.041667,0,0,0,0,0.041667,0,0,0,0,0,0,0.041667,0,0.041667,0,0.041667,0.041667,0,0,0,0.041667,0
0,0,0.012346,0,0.024691,0.012346,0.061728,0.049383,0.024691,0.049383,0.049383,0.061728,0.012346,0,0.024691,0.024691,0,0,0.024691,0,0.024691,0.012346,0.012346,0.012346,0.012346,0.024691,0.037037,0.012346,0,0,0,0.012346,0.012346,0,0,0.012346,0.037037,0.012346,0.012346,0,0,0,0,0.012346,0,0,0,0.012346,0.012346,0,0,0,0.037037,0.012346,0.012346,0.049383,0.012346,0.049383,0.049383,0.012346,0,0.037037,0.012346,0
0.0625,0,0,0,0,0,0,0.0625,0.0625,0,0,0,0,0,0.0625,0,0.0625,0,0,0,0,0,0,0,0,0,0.0625,0,0,0,0,0,0,0,0,0,0.0625,0,0,0,0.0625,0,0,0.0625,0,0,0,0,0.125,0,0,0.0625,0.0625,0,0,0.0625,0,0,0,0.0625,0.0625,0,0,0
0,0.02,0,0.04,0,0,0,0,0.02,0,0,0,0,0,0.02,0,0,0.08,0,0.02,0.02,0.02,0,0,0,0,0.04,0.02,0,0.02,0,0,0.02,0,0,0.02,0.06,0,0,0,0.06,0.04,0.02,0,0,0.04,0.02,0,0,0.04,0,0,0.02,0.04,0,0,0.06,0.08,0.06,0.02,0,0.02,0.04,0.02
0,0,0,0,0.11538,0.076923,0,0.038462,0.11538,0,0,0.038462,0.038462,0,0,0,0,0,0,0,0.076923,0.076923,0,0.038462,0,0,0,0,0,0,0.038462,0,0.038462,0,0,0.076923,0,0.038462,0,0,0,0,0,0,0,0.038462,0,0,0,0,0,0,0.038462,0,0,0.038462,0,0.038462,0,0,0.038462,0,0,0
0.047619,0,0.047619,0,0.047619,0,0.047619,0,0.047619,0,0.28571,0.047619,0,0,0.047619,0,0,0,0,0,0.047619,0.047619,0.095238,0,0,0,0,0,0,0,0,0,0,0,0,0,0,0,0.047619,0.047619,0,0,0,0,0,0,0,0,0,0,0,0,0,0,0.047619,0,0,0,0,0,0,0,0.047619,0
0,0,0,0,0.013699,0.013699,0,0.013699,0.12329,0,0,0,0.013699,0,0,0,0.013699,0,0,0.013699,0.013699,0,0,0.013699,0.054795,0.027397,0,0.027397,0,0.013699,0,0.013699,0,0.013699,0,0,0.013699,0.013699,0,0,0.42466,0.013699,0,0.027397,0,0,0,0,0,0,0,0,0,0.027397,0,0,0.054795,0,0.013699,0,0,0.013699,0,0.013699
0,0,0,0,0,0,0.045455,0.045455,0.068182,0.022727,0,0,0,0,0,0,0.045455,0.022727,0,0,0.045455,0,0,0.022727,0,0,0.022727,0.045455,0,0,0,0,0,0,0,0,0.090909,0.022727,0.022727,0.045455,0.022727,0,0,0,0,0.045455,0.045455,0,0,0,0,0.022727,0.022727,0.022727,0.022727,0,0.068182,0.022727,0.045455,0.068182,0,0,0.022727,0
0.014706,0,0,0,0,0.014706,0.044118,0.014706,0,0.029412,0.029412,0.014706,0,0,0.044118,0,0,0,0,0.014706,0.073529,0.058824,0.029412,0.058824,0.044118,0.029412,0.044118,0.014706,0,0,0,0,0.014706,0,0,0.014706,0.073529,0,0.044118,0,0,0,0.014706,0,0.014706,0.014706,0,0.029412,0.014706,0,0,0,0.014706,0.014706,0.014706,0,0.029412,0.044118,0.029412,0.029412,0,0,0.014706,0
0,0.055556,0,0,0,0,0,0,0,0,0,0,0,0,0,0,0,0.055556,0,0,0.055556,0.055556,0.055556,0.11111,0.055556,0,0,0,0,0,0,0,0,0,0,0,0.11111,0,0.055556,0,0,0.11111,0.055556,0,0,0,0,0.055556,0,0,0,0,0,0,0,0.055556,0,0.055556,0.055556,0,0,0,0,0
0,0,0,0,0,0,0,0.046512,0.046512,0,0.023256,0.023256,0.023256,0,0,0,0.023256,0,0,0.023256,0.069767,0,0.046512,0.023256,0.046512,0.023256,0,0.093023,0,0.023256,0,0,0,0,0,0.046512,0.069767,0.023256,0.023256,0.046512,0,0.023256,0,0.023256,0,0,0,0,0,0,0,0,0.093023,0,0,0.023256,0.046512,0.023256,0.023256,0,0,0,0,0
0.027778,0,0,0,0.055556,0,0.027778,0.027778,0,0,0,0.027778,0,0,0,0.027778,0.027778,0.027778,0,0,0,0.027778,0,0.055556,0,0,0.055556,0,0,0,0,0,0,0,0,0,0.027778,0.027778,0.027778,0.027778,0,0.027778,0,0,0,0.083333,0,0,0.027778,0,0.027778,0,0.027778,0.055556,0.055556,0.027778,0.027778,0.027778,0.083333,0,0,0,0.027778,0
0,0,0,0,0,0.058824,0,0,0,0,0,0.058824,0,0,0,0,0,0,0,0,0.058824,0,0,0,0.058824,0,0.058824,0.058824,0,0,0.058824,0,0,0,0,0.11765,0,0,0,0.058824,0,0,0,0.058824,0,0,0,0,0,0,0,0,0.11765,0,0,0,0.058824,0.11765,0,0.058824,0,0,0,0
0.045455,0,0,0,0,0,0.045455,0.045455,0.045455,0,0,0.045455,0,0,0.045455,0,0,0,0,0,0.045455,0,0.090909,0,0.090909,0,0,0,0,0,0,0,0.045455,0,0,0.045455,0.18182,0.045455,0,0,0,0.045455,0,0,0,0,0,0.045455,0,0,0,0,0.045455,0,0,0,0,0,0,0,0.045455,0,0,0
0,0,0,0,0.057692,0,0,0.019231,0.038462,0,0,0,0.019231,0.019231,0.038462,0,0.15385,0,0,0,0.019231,0,0.019231,0.019231,0.019231,0.019231,0.057692,0.019231,0,0.019231,0,0,0,0,0.019231,0,0.057692,0.019231,0,0.038462,0.038462,0,0.019231,0,0,0.019231,0,0,0.019231,0,0,0.019231,0.019231,0.019231,0,0.019231,0,0.038462,0.038462,0.057692,0,0,0.019231,0
0,0,0,0,0.1,0.1,0,0,0,0,0,0.1,0,0,0.1,0,0,0,0,0,0,0,0,0,0,0,0,0,0,0,0,0,0,0,0,0,0.2,0,0,0,0,0,0,0.1,0,0,0,0,0,0,0,0,0,0,0.1,0.1,0,0,0,0.1,0,0,0,0
0,0,0,0,0,0,0.038462,0,0,0,0,0,0,0.076923,0.038462,0.038462,0.038462,0,0,0,0.038462,0.038462,0.076923,0,0,0,0.038462,0,0,0,0,0,0,0,0,0.038462,0,0,0.038462,0.038462,0,0.076923,0,0.038462,0,0,0,0.038462,0,0,0,0.038462,0.076923,0,0,0.038462,0,0.076923,0.038462,0.038462,0,0,0,0
0,0,0,0.027027,0.027027,0,0,0.027027,0.027027,0.027027,0.054054,0,0,0,0,0.027027,0.081081,0,0.027027,0,0.027027,0,0.027027,0.027027,0.027027,0.027027,0.054054,0.054054,0,0.027027,0.027027,0,0.027027,0,0,0.027027,0,0,0,0,0,0,0.027027,0,0.027027,0,0,0,0.027027,0,0,0.027027,0,0,0.027027,0.027027,0.027027,0.054054,0.027027,0,0.054054,0,0,0
0,0,0,0,0,0,0,0,0,0,0.052632,0,0,0,0,0,0.10526,0,0,0.052632,0,0.052632,0.052632,0,0,0.10526,0,0,0,0,0,0,0,0,0.052632,0,0.10526,0,0,0.052632,0,0,0,0,0,0,0,0,0,0,0,0,0,0,0,0.052632,0.052632,0.052632,0.15789,0,0.052632,0,0,0
0,0.014493,0,0,0.043478,0,0,0.014493,0.028986,0.043478,0.043478,0,0,0.028986,0,0,0,0,0.014493,0,0.072464,0.028986,0.072464,0,0.028986,0.043478,0.072464,0.014493,0,0,0.014493,0,0,0,0,0,0.043478,0.014493,0,0,0,0.014493,0,0,0,0,0,0.014493,0,0.014493,0,0,0.086957,0,0.043478,0,0.014493,0.057971,0.072464,0.014493,0.014493,0.014493,0,0
0,0,0,0,0,0.028571,0.085714,0.028571,0,0.028571,0,0.057143,0,0,0,0,0.028571,0,0,0,0.057143,0,0.057143,0.028571,0,0.085714,0,0,0.028571,0,0,0.057143,0,0.028571,0,0,0.028571,0.028571,0.028571,0,0,0.057143,0,0,0,0,0.028571,0,0,0,0,0,0,0.028571,0.028571,0.028571,0.057143,0,0,0.057143,0,0.028571,0,0
0.012658,0.025316,0.025316,0,0.050633,0.012658,0.012658,0,0.025316,0.050633,0.075949,0.012658,0.012658,0,0.012658,0.012658,0,0.012658,0,0,0.050633,0,0.025316,0,0,0.012658,0.025316,0.012658,0,0.012658,0,0.012658,0,0,0.012658,0,0,0,0.012658,0,0.012658,0.012658,0.012658,0,0,0,0.025316,0,0,0.012658,0,0.012658,0.037975,0.075949,0.012658,0.025316,0.037975,0.025316,0.050633,0.025316,0.037975,0.012658,0.025316,0.012658
0,0.055556,0,0,0,0,0.027778,0.055556,0,0.027778,0.055556,0,0,0,0.027778,0,0,0.027778,0.027778,0,0.055556,0.027778,0.027778,0,0,0.027778,0.027778,0,0,0.027778,0,0,0,0,0,0.055556,0.055556,0.055556,0.027778,0.027778,0,0.027778,0,0.027778,0,0,0.027778,0.027778,0,0.027778,0,0,0.027778,0,0,0.027778,0.027778,0.055556,0,0,0,0,0,0
0,0,0,0,0,0.11111,0,0,0,0,0,0,0,0.11111,0,0.11111,0,0,0,0,0.11111,0,0,0,0.11111,0,0,0,0,0,0,0,0,0,0,0,0.11111,0,0,0,0,0,0,0,0,0,0.11111,0,0,0,0,0,0,0,0,0,0,0.22222,0,0,0,0,0,0
0,0.017241,0,0,0.034483,0,0.051724,0.034483,0.017241,0.034483,0.034483,0,0,0.017241,0.017241,0,0,0,0.017241,0,0.051724,0.017241,0.034483,0.051724,0,0.068966,0.017241,0,0.017241,0,0.017241,0,0,0.017241,0,0,0.034483,0.034483,0,0.034483,0,0,0.034483,0,0,0.017241,0,0,0.017241,0,0,0,0.034483,0,0.034483,0.017241,0.017241,0.051724,0.034483,0.017241,0,0.017241,0.034483,0
0.010753,0,0.010753,0.010753,0.064516,0.032258,0.021505,0.021505,0.021505,0.053763,0,0.010753,0,0.021505,0.010753,0,0.010753,0,0.010753,0.010753,0.032258,0.010753,0.010753,0,0.010753,0.032258,0.032258,0,0.010753,0,0.010753,0,0,0.010753,0,0.021505,0.021505,0.053763,0.021505,0,0.010753,0.010753,0.010753,0.010753,0,0.021505,0,0,0,0,0,0.010753,0.021505,0,0.064516,0.032258,0.010753,0.053763,0.043011,0.021505,0.021505,0.032258,0.010753,0.010753
0,0,0,0,0.068182,0,0,0.022727,0.045455,0.022727,0.090909,0,0.022727,0,0,0,0.022727,0.022727,0,0,0.045455,0.045455,0,0.045455,0.068182,0.045455,0,0,0,0,0,0,0,0,0.022727,0.022727,0,0,0.045455,0.022727,0.045455,0,0.022727,0,0,0,0,0,0,0,0,0.022727,0,0,0,0,0.11364,0.068182,0.022727,0,0,0.022727,0,0
0.015152,0,0,0.015152,0.075758,0,0.045455,0.030303,0,0,0.030303,0,0.015152,0.030303,0.045455,0,0,0.015152,0.015152,0.015152,0.030303,0.060606,0.015152,0.030303,0,0.030303,0,0,0,0,0.015152,0.015152,0,0,0,0,0.015152,0.015152,0.015152,0,0,0.015152,0,0,0,0.030303,0,0,0.015152,0,0,0.015152,0.030303,0.060606,0.045455,0.060606,0.015152,0,0.015152,0,0.015152,0.045455,0.015152,0.030303
0,0.017544,0,0,0,0,0,0,0.052632,0,0,0.017544,0,0,0.017544,0,0.017544,0.035088,0,0,0.017544,0.017544,0.035088,0.070175,0.017544,0.035088,0.035088,0.017544,0,0,0.052632,0.017544,0,0.017544,0,0.017544,0.035088,0.017544,0.035088,0.017544,0.017544,0,0.017544,0.017544,0,0,0,0,0.017544,0.017544,0,0,0.035088,0,0.017544,0.052632,0.035088,0.070175,0,0.017544,0.017544,0,0.017544,0.035088
0,0.017544,0,0,0,0,0,0.017544,0,0,0.035088,0.017544,0,0,0,0,0.017544,0,0,0,0.10526,0.017544,0.052632,0.017544,0.035088,0.017544,0.052632,0.017544,0,0.017544,0,0.035088,0,0.017544,0,0,0.035088,0.017544,0.017544,0.035088,0.017544,0.035088,0,0.035088,0.035088,0,0.017544,0.017544,0.017544,0.017544,0,0,0.017544,0.017544,0,0.070175,0.035088,0.017544,0.052632,0,0,0,0,0
0.025,0.05,0,0.05,0,0.05,0.025,0,0.025,0,0,0,0.075,0,0.1,0.025,0,0,0,0.05,0,0,0,0,0.025,0,0.025,0,0.025,0,0.025,0,0.025,0,0,0,0.05,0,0,0,0,0,0,0.025,0.05,0,0,0.025,0.025,0.025,0.025,0.025,0.025,0,0.025,0.025,0.025,0,0,0,0.025,0,0,0.025
0.052632,0,0,0.15789,0.052632,0,0,0,0,0.052632,0,0,0.052632,0.052632,0,0.052632,0,0,0,0,0,0,0,0,0,0,0,0.052632,0,0,0.052632,0,0.052632,0.052632,0,0.10526,0,0,0,0,0.052632,0,0,0,0,0,0,0,0,0.052632,0,0,0,0,0,0,0.052632,0,0,0,0,0.052632,0,0
0,0,0,0,0.076923,0,0.076923,0,0,0,0,0,0,0,0,0.076923,0,0,0,0,0,0,0,0,0,0,0,0,0,0,0,0,0,0,0,0.076923,0,0,0,0,0,0,0.076923,0,0.076923,0,0,0,0.076923,0,0.076923,0,0.076923,0,0,0,0,0,0.076923,0.076923,0,0,0,0.15385
0,0,0,0,0,0,0,0,0,0,0.047619,0.047619,0.047619,0.047619,0,0.095238,0.047619,0,0.095238,0,0,0,0,0,0,0.047619,0,0,0.047619,0,0,0,0,0,0,0.047619,0,0.047619,0,0,0,0,0,0,0,0,0,0.047619,0.047619,0.047619,0,0,0.047619,0.047619,0,0,0,0,0,0.047619,0,0.047619,0,0.047619
0.2,0.05,0,0.1,0,0,0.05,0,0.05,0,0,0,0.1,0,0,0,0,0,0,0,0.05,0,0,0,0,0,0,0,0,0.05,0,0,0,0,0,0,0,0,0,0,0,0,0,0,0,0,0,0,0.05,0.05,0,0,0,0,0,0,0.1,0,0.05,0,0.05,0,0.05,0
0.083333,0,0.083333,0,0,0,0,0,0,0.041667,0,0,0,0,0.041667,0,0.041667,0,0.083333,0,0,0,0,0,0,0.041667,0.083333,0,0,0.041667,0,0,0.041667,0,0.041667,0,0,0.041667,0.041667,0,0,0,0,0,0.041667,0.041667,0,0,0,0,0,0,0.041667,0,0.041667,0,0,0,0.083333,0,0,0.041667,0,0
0,0,0,0.033333,0,0,0.033333,0,0,0.033333,0,0.033333,0,0,0,0,0,0.033333,0,0,0.033333,0,0,0,0,0,0,0.033333,0,0,0.033333,0.033333,0.033333,0,0.13333,0.033333,0,0.033333,0,0,0.066667,0,0,0,0,0.033333,0.033333,0.066667,0,0.033333,0,0.033333,0,0,0,0,0,0.1,0,0.033333,0,0,0.066667,0
0.15385,0,0,0,0,0,0,0,0,0,0,0,0,0,0,0.076923,0,0,0,0,0,0,0,0,0,0.15385,0,0,0,0,0,0.076923,0,0,0,0,0,0.076923,0,0.076923,0,0,0,0,0,0,0,0,0,0,0,0,0,0.076923,0.076923,0.076923,0.076923,0.076923,0,0,0,0,0,0
0,0.034483,0.034483,0.034483,0.034483,0,0,0,0,0.034483,0,0,0,0,0.034483,0,0.034483,0,0.068966,0,0,0,0.034483,0.034483,0,0,0,0,0,0,0.034483,0.034483,0.034483,0.10345,0.068966,0,0.034483,0,0.068966,0,0,0,0,0.034483,0,0,0,0,0.068966,0,0,0,0.034483,0,0,0,0.034483,0.034483,0,0,0.034483,0,0,0
0.057692,0.019231,0.019231,0.057692,0,0.019231,0,0,0.038462,0,0,0,0.038462,0,0.038462,0.019231,0.038462,0.038462,0,0,0.038462,0,0,0,0,0.038462,0.019231,0.019231,0,0,0,0.019231,0.019231,0.019231,0.019231,0,0.038462,0.019231,0.019231,0.019231,0.038462,0.038462,0.057692,0,0,0,0.019231,0,0,0,0.019231,0,0.019231,0,0.019231,0,0.019231,0,0.019231,0,0.019231,0.019231,0,0.038462
0.13158,0,0,0.026316,0,0.026316,0,0.026316,0.026316,0.026316,0.026316,0.026316,0,0,0,0.026316,0.078947,0,0.052632,0,0,0,0,0,0.026316,0,0,0,0,0,0.052632,0,0.10526,0.026316,0,0,0,0.026316,0.052632,0,0,0,0,0,0.026316,0,0,0,0.052632,0,0,0.026316,0.026316,0.026316,0,0,0.026316,0,0,0,0,0,0.026316,0.026316
0,0,0,0,0.083333,0,0,0,0,0,0,0.083333,0,0,0,0,0,0,0,0,0,0,0,0,0.16667,0,0,0,0.083333,0,0,0,0,0.083333,0,0.083333,0,0,0,0,0,0,0,0,0.083333,0,0.083333,0,0.083333,0,0,0,0,0,0,0,0,0,0,0,0,0.083333,0,0.083333
0,0,0.052632,0,0,0.052632,0.052632,0,0,0,0,0,0,0,0,0.052632,0,0,0,0.052632,0,0.052632,0.052632,0,0,0,0.052632,0.052632,0,0,0.052632,0,0,0,0,0,0,0.10526,0,0,0,0.052632,0,0,0,0,0,0,0.052632,0,0,0.052632,0,0,0,0,0,0,0.052632,0,0,0.10526,0,0.052632
0.08,0,0.04,0.04,0,0,0.04,0.04,0,0,0,0,0.12,0,0,0.04,0,0,0,0,0,0,0,0,0,0,0,0,0,0,0,0,0.08,0,0,0,0,0,0,0,0,0,0,0,0.04,0,0,0.04,0.04,0.04,0.08,0.04,0,0,0,0,0.04,0,0.04,0,0,0.04,0.08,0.04
0.045455,0,0,0,0.045455,0,0,0,0,0.045455,0,0.090909,0.045455,0.045455,0,0.090909,0,0,0,0,0,0,0,0,0,0,0.045455,0,0,0,0,0,0,0,0,0,0,0,0,0,0,0,0,0.045455,0.045455,0.045455,0,0,0.045455,0,0.045455,0.045455,0,0,0,0,0,0.045455,0.045455,0,0.045455,0,0.090909,0.045455
0.046512,0,0,0.023256,0,0,0,0.023256,0,0,0,0.046512,0.046512,0.046512,0.023256,0,0,0,0,0.046512,0,0,0,0,0.046512,0.023256,0,0,0.046512,0,0.023256,0,0.093023,0,0,0.023256,0.069767,0,0.046512,0.023256,0,0.023256,0,0.023256,0.023256,0,0.023256,0.046512,0.023256,0,0,0,0,0,0,0,0.023256,0.046512,0.023256,0,0,0.023256,0.023256,0
0,0,0.066667,0,0,0,0,0,0,0,0,0.066667,0,0,0,0,0.13333,0,0,0,0.066667,0,0.13333,0,0,0,0,0,0,0.066667,0.066667,0,0.066667,0,0,0,0,0,0,0,0,0,0,0,0,0,0,0,0.2,0,0,0,0,0,0,0,0.066667,0,0,0,0,0,0.066667,0
0,0.05,0,0,0,0.05,0,0,0,0.05,0,0.05,0.05,0.05,0,0,0.05,0,0.05,0,0.05,0,0,0,0.05,0.05,0,0.05,0,0,0,0,0,0,0,0,0,0,0.1,0,0,0,0,0.05,0,0,0,0,0.1,0,0,0,0,0,0,0,0.05,0,0,0,0,0,0.05,0.05
0,0,0,0,0.058824,0,0,0.058824,0,0,0,0,0,0,0,0,0,0,0,0,0.058824,0,0.11765,0,0.058824,0.058824,0,0.11765,0,0,0.058824,0.058824,0.058824,0,0,0,0,0,0.058824,0,0,0.058824,0,0,0,0,0,0.058824,0,0,0,0,0,0,0.058824,0,0,0,0.058824,0,0,0,0,0
0,0,0,0,0,0.0625,0,0,0,0,0,0.0625,0,0,0,0,0,0.0625,0,0,0,0,0.0625,0,0,0,0.0625,0.0625,0,0,0,0,0.0625,0,0.0625,0,0.0625,0,0,0.125,0,0,0,0,0.0625,0,0,0,0,0,0,0,0,0,0,0,0,0.0625,0,0.0625,0,0.0625,0.0625,0
0.043478,0,0.043478,0.043478,0,0.043478,0,0,0,0.043478,0,0,0.043478,0.043478,0,0.043478,0,0,0,0,0.043478,0,0,0,0,0,0,0,0,0,0,0.043478,0,0,0,0.043478,0,0,0,0.043478,0,0,0,0.043478,0,0,0,0,0,0,0,0,0.086957,0,0.086957,0,0,0,0.043478,0,0.086957,0,0.086957,0.043478
0.058824,0,0,0,0,0,0,0,0,0,0,0,0.058824,0,0,0.058824,0,0,0,0,0,0,0,0,0.058824,0,0,0,0,0,0,0,0,0,0,0,0,0,0,0,0.058824,0,0,0,0,0.058824,0,0.058824,0.058824,0,0,0.058824,0,0,0,0.058824,0,0,0,0.11765,0.11765,0,0.058824,0.11765
0.036364,0,0.054545,0.018182,0.018182,0,0.018182,0,0.090909,0.018182,0.036364,0,0.090909,0,0,0,0,0.018182,0.072727,0.018182,0,0,0,0,0.018182,0.018182,0.018182,0,0,0.036364,0.036364,0,0.036364,0,0.018182,0,0.018182,0.018182,0.072727,0.018182,0.018182,0,0.018182,0,0.018182,0,0.018182,0,0.018182,0.054545,0,0.018182,0.018182,0,0,0,0,0.018182,0,0,0,0,0,0
0.05,0,0,0,0.05,0.05,0,0,0,0,0,0.05,0.1,0.05,0,0,0.15,0,0.05,0.05,0.05,0,0,0,0,0,0,0.1,0,0,0,0.05,0,0,0,0,0,0,0,0,0,0,0,0,0,0,0,0,0,0.05,0,0,0.05,0.05,0,0,0,0,0,0,0,0,0,0.05
0,0,0.025,0,0,0.075,0.025,0,0,0,0.025,0,0.025,0,0,0.025,0.05,0.025,0,0.025,0.025,0,0.025,0.025,0.025,0.025,0,0,0,0,0.025,0.025,0,0,0,0,0,0,0,0,0,0.025,0,0,0.025,0,0.05,0.05,0,0,0.025,0,0,0.025,0.025,0.025,0,0.025,0.025,0.025,0,0.1,0.05,0.05
0.025641,0.025641,0,0.025641,0,0.025641,0,0.025641,0.025641,0,0.025641,0.025641,0,0.076923,0,0.025641,0.051282,0.051282,0,0.025641,0.025641,0.025641,0,0,0.025641,0,0.025641,0,0,0,0,0,0.051282,0,0,0.025641,0.025641,0,0,0,0,0,0,0,0.025641,0,0,0.025641,0,0,0,0.025641,0.025641,0,0.051282,0.025641,0.025641,0,0,0,0,0.051282,0.025641,0.076923
0,0,0,0,0,0,0,0,0,0,0,0.076923,0,0,0,0.076923,0,0,0,0,0,0.076923,0,0.076923,0.076923,0,0,0,0,0,0,0.076923,0,0,0,0,0,0,0,0,0.076923,0,0,0,0,0.076923,0.076923,0,0,0,0,0,0.076923,0,0.076923,0,0,0,0,0,0.076923,0,0.076923,0
0.11321,0,0.018868,0,0,0.018868,0,0.018868,0,0.037736,0,0,0,0.018868,0,0,0,0.018868,0.037736,0.018868,0,0.018868,0.018868,0,0,0.018868,0,0.018868,0.037736,0,0,0.018868,0.056604,0.018868,0,0.037736,0.037736,0,0.037736,0,0.037736,0,0,0,0.018868,0.018868,0.037736,0,0.037736,0,0,0,0.018868,0.018868,0.018868,0,0,0,0.037736,0.018868,0.018868,0.018868,0,0.075472
0,0,0,0,0,0,0,0,0,0,0,0,0.076923,0,0,0,0,0,0,0,0,0,0,0,0,0,0,0.23077,0,0,0,0,0,0,0,0,0.15385,0.076923,0,0,0,0.15385,0.076923,0,0,0,0,0,0,0,0,0,0,0,0.076923,0.076923,0,0,0.076923,0,0,0,0,0
0,0,0,0,0,0.032258,0.032258,0,0.032258,0,0,0.032258,0,0.032258,0,0.032258,0.032258,0,0.032258,0.032258,0,0,0.096774,0,0.064516,0,0.064516,0,0,0,0.064516,0,0.032258,0,0,0.032258,0.096774,0,0,0,0.032258,0.064516,0,0,0,0.064516,0,0,0,0,0.032258,0,0,0,0,0,0,0,0,0,0,0.032258,0.032258,0
0,0.16667,0,0,0,0.083333,0,0,0,0,0,0,0,0,0,0,0,0,0,0,0,0,0,0,0,0,0,0.16667,0,0,0.083333,0,0,0,0,0,0,0,0,0,0,0.083333,0,0.083333,0,0.083333,0.083333,0.083333,0,0,0,0,0,0,0,0,0,0,0,0,0.083333,0,0,0
0,0,0,0,0.0625,0,0,0,0,0,0,0,0.125,0,0,0,0,0,0,0,0,0,0,0,0,0,0.0625,0.0625,0,0,0.0625,0.0625,0,0,0,0,0,0.0625,0,0.125,0,0,0,0.0625,0,0,0.125,0,0,0,0,0,0,0,0,0,0,0.0625,0,0.0625,0.0625,0,0,0
0,0,0.076923,0,0.076923,0,0.076923,0,0.076923,0,0,0.076923,0,0,0,0,0,0,0,0,0,0,0,0,0,0,0,0,0,0,0,0,0,0,0,0,0,0,0.15385,0,0.15385,0,0,0,0,0,0,0.076923,0,0,0,0,0.076923,0,0,0,0,0,0,0.076923,0,0,0,0.076923
0.041667,0,0.027778,0.027778,0.027778,0,0.027778,0.013889,0.055556,0.083333,0,0,0.027778,0.013889,0.013889,0.013889,0.013889,0.013889,0.013889,0,0.027778,0,0,0.013889,0.013889,0.013889,0.013889,0.027778,0,0,0,0,0,0,0.013889,0.013889,0.041667,0.027778,0.027778,0,0.013889,0.013889,0.027778,0,0,0.013889,0.013889,0.013889,0,0.013889,0.013889,0.027778,0.013889,0.041667,0.027778,0,0.027778,0,0,0.013889,0.013889,0,0.027778,0.027778
0.028571,0,0,0,0,0.028571,0,0.028571,0.028571,0,0.057143,0,0,0,0.028571,0.028571,0,0,0.057143,0,0,0,0,0,0.028571,0.028571,0.057143,0,0,0,0,0.028571,0.028571,0,0,0,0.028571,0.057143,0.057143,0,0.028571,0.11429,0.028571,0,0,0,0.057143,0,0,0,0,0.057143,0,0,0,0,0,0.028571,0.028571,0.028571,0,0,0.028571,0
0.024096,0.024096,0.024096,0,0.012048,0.012048,0.012048,0.024096,0,0.048193,0.012048,0.012048,0,0.024096,0.024096,0.012048,0.024096,0.024096,0.048193,0.012048,0,0.012048,0.036145,0,0.012048,0.024096,0.012048,0.012048,0.048193,0.024096,0.036145,0,0.012048,0.024096,0.012048,0.024096,0.024096,0.024096,0.048193,0,0,0.024096,0.024096,0,0.012048,0.012048,0.012048,0.012048,0,0,0.012048,0.012048,0.012048,0,0.012048,0,0,0,0.048193,0.024096,0,0,0.024096,0
0,0,0,0,0,0,0,0,0.071429,0,0,0,0,0.071429,0,0,0.071429,0.071429,0,0,0,0,0,0,0,0,0,0,0,0,0,0,0,0,0.071429,0,0,0,0,0,0,0,0,0,0.071429,0,0,0,0.071429,0,0.071429,0,0.071429,0.28571,0.071429,0,0,0,0,0,0,0,0,0
0,0,0,0,0,0,0,0,0,0,0,0.037037,0.037037,0,0.074074,0.074074,0.074074,0.074074,0.037037,0.037037,0,0,0.037037,0,0,0,0,0,0,0,0,0,0,0,0,0,0,0,0,0.037037,0.037037,0.037037,0,0,0,0.037037,0,0,0.037037,0.037037,0,0.037037,0.037037,0,0,0.037037,0,0,0,0,0.074074,0,0.037037,0.074074
0.069444,0.041667,0.013889,0.013889,0.013889,0.013889,0.027778,0.013889,0.013889,0.013889,0.027778,0.013889,0.027778,0.055556,0,0.013889,0.013889,0.013889,0.013889,0.027778,0.013889,0,0,0,0.027778,0.041667,0,0.013889,0.013889,0,0,0,0.055556,0,0,0,0.041667,0.041667,0.013889,0,0.055556,0.027778,0.013889,0,0,0,0.013889,0,0.013889,0,0.013889,0.013889,0.041667,0,0,0,0.013889,0.027778,0.013889,0,0,0,0.027778,0.013889
0.012987,0.012987,0,0.012987,0,0.012987,0.012987,0.012987,0,0.012987,0,0.012987,0.012987,0.012987,0.025974,0.025974,0,0.012987,0,0,0.038961,0.025974,0.025974,0.012987,0,0,0.012987,0.038961,0.012987,0,0.012987,0.025974,0.012987,0,0,0.012987,0.025974,0.025974,0.012987,0,0.025974,0,0.025974,0.012987,0.012987,0.025974,0.012987,0.012987,0.012987,0,0,0.012987,0,0.012987,0.038961,0.038961,0,0.038961,0.064935,0.012987,0,0.051948,0.051948,0.038961
0,0,0,0.017544,0.017544,0,0,0.017544,0,0,0,0,0,0,0,0.052632,0.035088,0.017544,0,0.052632,0.035088,0.017544,0,0,0,0.017544,0,0.035088,0,0,0,0.035088,0,0,0,0,0.035088,0,0,0.017544,0,0.052632,0,0,0,0,0,0.070175,0.035088,0,0,0.017544,0.052632,0.035088,0.017544,0,0.017544,0.035088,0.017544,0.035088,0.035088,0.052632,0.052632,0.070175
0,0.058824,0,0,0,0,0,0,0,0,0.23529,0,0,0,0,0,0,0,0,0,0,0,0,0.058824,0.058824,0,0,0,0,0,0,0,0.058824,0,0.058824,0,0.058824,0,0,0,0.058824,0.058824,0.058824,0.11765,0,0,0,0,0,0,0,0,0,0,0,0,0,0,0.058824,0,0,0,0.058824,0
0.13043,0,0,0,0.043478,0,0.043478,0,0,0.043478,0,0,0,0,0,0.043478,0,0,0,0,0.043478,0,0.043478,0,0,0.086957,0,0,0,0,0,0,0.043478,0,0,0.043478,0.043478,0,0,0.043478,0,0,0.043478,0,0,0,0.086957,0,0,0,0,0,0,0,0.086957,0,0,0,0,0,0,0,0.043478,0.086957
0.066667,0,0.066667,0,0,0,0,0,0,0,0,0,0.066667,0,0,0.066667,0,0,0.066667,0.066667,0,0,0,0,0,0.066667,0,0,0.13333,0,0,0,0,0,0,0,0,0,0.066667,0,0,0,0,0,0,0,0.066667,0,0,0,0,0,0.066667,0,0,0,0,0,0,0.066667,0,0.13333,0,0
0.040816,0.010204,0,0,0.020408,0,0,0.010204,0.020408,0.020408,0,0.010204,0.010204,0.010204,0.030612,0.030612,0.071429,0.020408,0.040816,0.010204,0.040816,0.030612,0.020408,0.040816,0.010204,0,0,0,0.010204,0.010204,0,0.010204,0.010204,0,0.010204,0,0.040816,0.010204,0.030612,0.020408,0.020408,0,0.010204,0.010204,0.010204,0,0.020408,0.030612,0.020408,0.010204,0.010204,0.030612,0.020408,0,0.010204,0,0,0.020408,0.020408,0.010204,0.010204,0.020408,0.030612,0.030612
0.016393,0,0,0,0.016393,0,0,0.016393,0.016393,0,0,0,0.032787,0.04918,0,0.016393,0.065574,0.016393,0,0.016393,0.032787,0,0.032787,0,0.04918,0,0.032787,0.016393,0.016393,0.016393,0,0,0.032787,0,0.016393,0.032787,0.04918,0.016393,0.032787,0,0.04918,0,0.016393,0.016393,0,0,0.04918,0.032787,0.016393,0,0.032787,0.016393,0.016393,0,0.016393,0,0,0.016393,0,0.016393,0.016393,0,0.032787,0.016393
0,0,0.033333,0,0,0.033333,0,0.033333,0,0,0,0,0,0,0,0,0,0.033333,0,0,0,0.033333,0,0.033333,0,0.1,0.033333,0.066667,0,0.066667,0,0.033333,0,0,0,0,0,0,0.033333,0.033333,0,0.033333,0,0,0,0.066667,0.033333,0,0,0,0,0,0.033333,0,0.033333,0.13333,0,0,0.033333,0,0,0,0.033333,0.033333
0.027778,0.013889,0.013889,0.027778,0.013889,0.027778,0.041667,0.055556,0,0.013889,0,0.013889,0,0,0.013889,0.027778,0.013889,0.027778,0.027778,0,0.041667,0.027778,0.013889,0.027778,0.027778,0.027778,0.055556,0,0.027778,0.027778,0.041667,0,0.013889,0,0.013889,0,0.013889,0,0.027778,0,0.013889,0,0.013889,0,0,0,0.027778,0,0.027778,0.027778,0,0,0,0,0,0,0.027778,0.027778,0.027778,0.027778,0,0.013889,0.013889,0
0,0,0,0,0,0,0,0,0,0,0,0.066667,0,0,0,0.066667,0.066667,0,0,0,0,0,0,0,0.066667,0,0,0,0,0,0,0.2,0,0,0,0,0.066667,0,0,0,0,0,0,0,0.066667,0,0,0.13333,0.066667,0.066667,0.066667,0,0,0,0,0,0,0,0,0,0,0,0,0.066667
0,0,0,0,0,0,0.033333,0.033333,0,0,0,0.033333,0.033333,0.033333,0,0,0.066667,0,0,0,0,0,0.066667,0,0.033333,0.1,0,0,0,0,0,0,0.033333,0,0,0,0.066667,0,0.033333,0.033333,0.066667,0,0,0.033333,0.033333,0,0.033333,0,0.033333,0,0,0,0,0,0,0,0,0,0.033333,0.033333,0.033333,0,0.066667,0.033333
0.031746,0.015873,0.015873,0,0.031746,0.015873,0,0,0.015873,0.015873,0,0,0,0.015873,0,0.015873,0.015873,0.015873,0,0.015873,0,0,0,0.015873,0.079365,0.015873,0.015873,0.031746,0.015873,0.015873,0,0.015873,0,0.015873,0.015873,0.015873,0.031746,0,0.031746,0.047619,0,0.015873,0,0,0,0.015873,0.047619,0,0.015873,0.015873,0,0.031746,0,0.015873,0.031746,0.015873,0.031746,0.015873,0.015873,0.031746,0.015873,0.015873,0,0.079365
0.038462,0.076923,0.038462,0,0,0.038462,0,0.038462,0,0,0,0,0,0.038462,0,0,0.11538,0.038462,0,0,0,0.076923,0.076923,0.038462,0.076923,0,0,0,0,0,0.038462,0.038462,0.038462,0,0,0.038462,0,0,0,0,0,0,0,0,0,0,0,0,0.038462,0,0,0,0,0.038462,0,0,0,0,0.038462,0,0,0,0.038462,0
0.083333,0,0,0,0,0,0,0,0,0,0,0,0,0,0,0,0,0,0.083333,0,0.083333,0,0,0,0,0.083333,0,0.083333,0.083333,0,0,0,0,0,0,0.083333,0,0,0.083333,0,0.083333,0,0,0,0,0,0,0,0,0.16667,0,0,0,0,0,0,0.083333,0,0,0,0,0,0,0
0.0625,0,0,0,0,0.09375,0.03125,0,0.03125,0,0,0,0,0.03125,0,0,0,0,0.0625,0,0,0,0,0.03125,0.03125,0.0625,0.03125,0,0,0.03125,0.03125,0,0.03125,0.03125,0,0.0625,0.03125,0.0625,0,0.03125,0,0,0,0,0.03125,0,0.03125,0,0,0,0,0,0,0,0,0,0,0.03125,0.125,0,0,0,0,0
0,0.033333,0,0,0,0.033333,0,0.033333,0,0.033333,0.033333,0,0,0,0,0.066667,0.033333,0,0,0,0,0,0.033333,0,0.033333,0.033333,0,0.033333,0,0.066667,0,0,0,0,0,0,0,0.033333,0.033333,0,0.066667,0,0,0,0.033333,0,0.033333,0,0.033333,0,0.033333,0,0,0.066667,0.033333,0,0.066667,0,0,0.033333,0,0.033333,0.033333,0
0,0,0.047619,0,0,0,0,0,0,0.047619,0,0.047619,0,0,0,0.047619,0,0,0,0.047619,0,0,0,0,0.047619,0,0,0,0,0,0.047619,0,0,0.047619,0,0,0,0,0.095238,0,0.047619,0,0,0,0,0.047619,0.095238,0,0,0,0,0,0,0.047619,0.14286,0,0,0,0,0.047619,0,0.047619,0,0.047619
0,0,0.033333,0,0,0.033333,0,0,0,0,0,0,0,0.033333,0.033333,0,0.033333,0.033333,0.1,0,0.033333,0.1,0.033333,0,0,0,0,0,0,0,0.033333,0,0.033333,0,0.23333,0,0,0,0,0,0,0,0.033333,0,0,0,0.033333,0,0.033333,0.033333,0,0,0,0,0.033333,0,0,0,0.033333,0,0,0,0.033333,0
0.045455,0.045455,0.045455,0,0,0,0,0,0.045455,0,0,0.045455,0,0,0,0.045455,0.090909,0.045455,0,0,0,0,0,0,0.045455,0,0.045455,0,0,0,0,0,0,0.045455,0,0,0.090909,0,0,0,0.045455,0,0.045455,0,0.045455,0,0,0,0.045455,0.045455,0,0,0,0,0,0,0,0,0.090909,0.045455,0,0,0,0
0,0.071429,0,0,0,0.071429,0,0,0,0.071429,0,0,0,0,0,0.071429,0,0,0.071429,0,0,0,0,0.071429,0.071429,0.071429,0,0,0,0.071429,0,0,0,0,0.14286,0,0,0,0,0,0.071429,0,0,0,0,0,0,0,0,0,0,0,0,0,0,0,0,0.071429,0,0,0.071429,0,0,0
0.058824,0,0.058824,0,0,0,0,0,0,0,0,0,0,0.058824,0,0,0.058824,0.058824,0.058824,0,0.058824,0,0,0,0,0,0,0,0.058824,0,0,0,0,0.11765,0.058824,0,0,0.058824,0,0,0,0,0,0,0,0.11765,0,0.058824,0,0,0,0.058824,0,0,0,0,0.058824,0,0,0,0,0,0,0
0.027027,0.027027,0.027027,0.054054,0.027027,0,0.027027,0.027027,0,0.10811,0.054054,0,0,0.027027,0,0,0,0.027027,0.027027,0,0.081081,0.027027,0,0,0,0,0.027027,0,0,0,0.027027,0,0.081081,0,0.027027,0,0.054054,0.027027,0,0,0.054054,0,0,0,0,0.027027,0,0,0,0,0,0,0.027027,0.027027,0,0,0,0,0.027027,0,0,0.027027,0,0
0.032258,0,0,0.032258,0.032258,0,0.064516,0.032258,0,0,0,0,0.032258,0,0,0,0.032258,0.032258,0,0.032258,0,0.032258,0.032258,0.032258,0,0.032258,0,0,0,0,0,0.032258,0.032258,0.032258,0,0,0.064516,0.032258,0.064516,0,0,0,0.032258,0,0.032258,0,0,0,0,0,0.032258,0,0.032258,0.032258,0,0,0.064516,0.032258,0,0,0.032258,0,0,0
0.012658,0,0.012658,0.025316,0,0.025316,0.012658,0,0.012658,0,0.025316,0.037975,0,0.012658,0,0,0.025316,0.012658,0.075949,0,0.012658,0.025316,0,0.050633,0.012658,0.037975,0.037975,0.012658,0,0,0.012658,0.025316,0,0,0,0.012658,0.063291,0.025316,0.025316,0,0,0,0.025316,0,0,0.037975,0,0.037975,0.025316,0,0.012658,0,0.012658,0.050633,0.012658,0.012658,0,0.025316,0.037975,0,0,0.025316,0.025316,0.012658
0.027027,0.054054,0,0.027027,0.027027,0.027027,0,0,0,0.054054,0,0,0.081081,0,0.027027,0,0.027027,0.054054,0.027027,0,0,0.054054,0,0.054054,0,0,0,0.027027,0.054054,0,0,0.027027,0.027027,0,0,0,0.027027,0.054054,0,0.027027,0,0,0.027027,0,0,0,0.027027,0,0,0,0,0.027027,0,0.027027,0,0.027027,0,0.081081,0,0,0,0,0,0
0,0,0.034483,0,0,0,0.034483,0,0,0,0,0,0,0,0,0,0.034483,0.034483,0.034483,0,0.034483,0,0.034483,0,0.034483,0,0,0.034483,0,0,0,0.034483,0,0,0,0,0,0,0.068966,0,0,0.034483,0,0,0,0.034483,0.13793,0,0,0,0,0,0,0.034483,0,0,0,0,0.034483,0.17241,0,0.034483,0.034483,0.068966
0.076923,0,0,0.076923,0,0,0.076923,0,0,0,0,0,0,0,0,0,0,0.076923,0.15385,0,0.15385,0,0,0,0,0,0,0,0,0,0.076923,0,0,0,0,0,0,0,0,0,0,0,0,0,0,0,0,0,0,0,0,0.076923,0,0.076923,0,0,0,0.076923,0,0,0,0,0.076923,0
0.071429,0.14286,0,0,0,0,0,0.14286,0,0,0,0,0,0,0,0.071429,0.14286,0,0.071429,0,0,0,0,0,0,0,0,0,0,0,0,0,0,0,0,0,0,0,0,0.071429,0,0,0,0,0,0,0,0,0.14286,0.071429,0,0,0,0,0,0,0,0,0,0,0.071429,0,0,0
0.019231,0.038462,0,0.038462,0.019231,0,0,0.019231,0.038462,0.019231,0,0,0.019231,0.038462,0.038462,0.038462,0,0,0,0.019231,0,0.019231,0,0,0.019231,0.019231,0,0,0,0,0.038462,0,0,0.019231,0.019231,0,0,0.019231,0,0.038462,0.019231,0.038462,0,0,0.019231,0.019231,0,0.019231,0.019231,0.019231,0.019231,0.019231,0.019231,0.019231,0.019231,0.019231,0,0,0.038462,0.038462,0,0.019231,0.038462,0.057692
0.045455,0,0.090909,0,0,0,0,0,0,0.045455,0,0.045455,0.045455,0,0,0,0.22727,0,0,0,0,0,0,0,0,0.045455,0,0,0,0,0,0,0,0,0.045455,0,0.045455,0,0,0,0.045455,0.045455,0,0,0,0,0.045455,0.045455,0.045455,0,0,0,0,0.045455,0,0,0.045455,0,0,0.045455,0,0,0,0
0.125,0.125,0,0,0,0,0,0,0,0,0,0,0,0,0,0,0,0,0,0,0.125,0,0,0,0,0,0,0,0,0.125,0,0,0,0,0,0,0,0,0,0,0.25,0.125,0,0,0,0,0,0,0,0,0,0,0,0,0,0,0,0,0,0,0.125,0,0,0
0,0,0,0,0.16667,0,0,0,0,0,0,0,0,0,0,0,0,0.083333,0.083333,0,0.083333,0,0,0,0,0,0,0,0.083333,0,0,0.083333,0,0,0,0,0,0.083333,0,0,0.083333,0.083333,0,0,0,0,0,0,0,0,0,0,0,0,0,0.083333,0,0.083333,0,0,0,0,0,0
0.022472,0.011236,0.011236,0.011236,0.044944,0.022472,0,0.022472,0.011236,0.022472,0,0.022472,0,0.022472,0.011236,0.044944,0.011236,0.022472,0,0,0.011236,0.022472,0.011236,0,0.022472,0.011236,0.011236,0.022472,0,0,0.05618,0,0.011236,0,0.011236,0,0.022472,0.044944,0.011236,0.033708,0.011236,0,0.011236,0.022472,0,0.011236,0.044944,0.033708,0.011236,0,0.011236,0.022472,0.011236,0.011236,0,0.011236,0.022472,0.011236,0.022472,0.033708,0.011236,0.022472,0.044944,0
0,0,0,0,0,0.033333,0,0.033333,0.033333,0,0,0,0,0,0.1,0.033333,0.16667,0,0,0,0.033333,0,0,0,0.033333,0,0,0.033333,0.033333,0.033333,0,0,0,0,0,0,0,0,0.033333,0,0.033333,0,0,0,0,0,0.033333,0,0,0,0.033333,0,0,0,0.033333,0,0,0,0.033333,0,0.066667,0.066667,0.066667,0.033333
0,0.13333,0,0,0.033333,0.066667,0,0.066667,0,0.033333,0,0,0.033333,0,0,0,0.033333,0,0,0,0.033333,0.066667,0,0,0,0,0.066667,0.033333,0,0,0,0,0.033333,0.066667,0,0,0.033333,0,0.033333,0,0.066667,0,0,0,0,0,0,0,0,0,0,0,0,0.033333,0,0,0,0.033333,0.1,0,0,0,0,0
0.017544,0.017544,0,0.052632,0,0.017544,0.035088,0.017544,0.017544,0,0,0,0,0.035088,0.017544,0.035088,0.052632,0.035088,0.017544,0.017544,0.035088,0,0.017544,0,0,0.017544,0.017544,0,0,0,0.017544,0,0,0.017544,0.017544,0.017544,0.070175,0,0.017544,0.017544,0.017544,0,0,0.070175,0.017544,0,0.017544,0.052632,0.017544,0.035088,0.017544,0.017544,0,0.035088,0,0.017544,0,0,0,0,0,0.017544,0,0.017544
0,0.014706,0.014706,0.014706,0,0.014706,0.014706,0,0.014706,0.014706,0.014706,0.029412,0.029412,0.014706,0,0.014706,0.058824,0.014706,0,0,0.014706,0.029412,0.014706,0,0,0.029412,0,0,0,0.014706,0.014706,0,0,0.014706,0.014706,0.014706,0.029412,0.029412,0.029412,0,0.029412,0.014706,0.014706,0.014706,0.014706,0,0,0,0.014706,0.044118,0.014706,0,0.014706,0.014706,0.029412,0,0.014706,0.029412,0.014706,0.058824,0.044118,0.014706,0,0.073529
0.043478,0,0.021739,0,0.043478,0.021739,0,0.021739,0,0.043478,0.021739,0,0,0,0,0,0.021739,0,0.021739,0.021739,0.043478,0,0.021739,0,0,0.021739,0.021739,0,0,0,0.021739,0,0.043478,0,0,0.021739,0.043478,0,0.021739,0.021739,0.065217,0,0,0.021739,0.021739,0.043478,0.043478,0.021739,0,0.021739,0,0,0.021739,0.021739,0.021739,0,0,0.021739,0,0.021739,0,0.065217,0.021739,0
0.086957,0,0.043478,0,0,0,0.043478,0,0.043478,0,0.043478,0,0,0,0,0.043478,0.043478,0,0.086957,0,0.043478,0,0,0,0,0,0,0,0,0,0,0,0,0,0,0,0.043478,0.043478,0.043478,0.043478,0,0.086957,0.086957,0,0.043478,0,0.043478,0.043478,0,0,0,0,0,0,0,0,0.043478,0,0,0,0,0,0,0
0,0.03125,0,0,0.03125,0,0.03125,0,0,0.09375,0,0,0,0,0,0,0.03125,0,0.03125,0,0.03125,0,0.0625,0.03125,0,0.0625,0,0,0,0.03125,0,0,0.03125,0.03125,0.03125,0,0.03125,0,0.03125,0.03125,0.0625,0,0.03125,0,0,0.03125,0,0.03125,0.03125,0,0,0,0.03125,0.03125,0,0,0,0,0,0,0,0.03125,0.03125,0.03125
0,0.076923,0,0,0,0.076923,0,0,0.076923,0,0,0,0,0,0,0,0.076923,0,0.076923,0,0,0,0.076923,0,0,0,0,0,0,0.15385,0.076923,0,0,0,0,0,0.076923,0,0,0,0,0,0,0,0,0,0,0,0.076923,0,0,0,0,0,0,0,0,0.076923,0.076923,0,0,0,0,0
0,0,0,0.066667,0,0,0,0.066667,0,0,0,0,0,0,0,0,0.066667,0,0,0.066667,0.066667,0,0,0,0,0.066667,0,0,0,0,0,0.066667,0.066667,0,0,0,0,0,0,0,0.066667,0,0,0.066667,0,0,0,0,0,0,0,0,0.066667,0.066667,0.066667,0,0,0,0.066667,0,0,0,0,0.066667
0.016393,0.016393,0,0.016393,0.016393,0,0.032787,0,0.04918,0.04918,0.04918,0.016393,0,0,0.016393,0.016393,0,0.016393,0.04918,0.032787,0.11475,0.016393,0.032787,0,0,0.016393,0.016393,0.016393,0,0.016393,0,0.016393,0,0.016393,0,0,0.065574,0,0,0,0,0,0,0,0,0,0,0,0,0,0,0,0.081967,0.016393,0.016393,0,0.016393,0.032787,0.065574,0.016393,0,0,0.032787,0
0.037037,0.074074,0,0,0,0,0,0.037037,0,0.037037,0,0,0.074074,0,0,0,0.074074,0,0,0,0,0,0,0,0.037037,0,0,0,0.037037,0,0,0,0.11111,0,0,0.037037,0.037037,0,0,0.074074,0,0.037037,0.037037,0,0.074074,0.037037,0,0.037037,0,0,0,0,0,0,0,0.037037,0,0.037037,0,0.037037,0,0,0,0
0.027027,0.027027,0.027027,0,0.13514,0.054054,0,0,0,0,0,0,0.027027,0.027027,0,0.054054,0,0.054054,0,0.027027,0,0.054054,0.054054,0,0.027027,0.081081,0,0,0,0.027027,0,0,0,0.054054,0.027027,0,0,0,0,0.027027,0,0,0,0,0,0,0.027027,0.027027,0,0.054054,0.027027,0,0,0,0,0,0.027027,0,0,0,0,0,0,0.027027
0.10526,0.052632,0.052632,0,0.10526,0,0.052632,0,0.10526,0.052632,0,0,0.10526,0,0,0,0,0,0.052632,0.052632,0,0,0,0,0.052632,0,0,0,0,0,0,0,0,0,0.052632,0,0.052632,0,0.052632,0,0,0,0,0,0,0,0,0.052632,0,0,0,0,0,0,0,0,0,0,0,0,0,0,0,0
0,0,0,0,0.076923,0,0,0,0,0,0,0,0,0,0,0,0,0,0,0,0,0.15385,0.076923,0.076923,0,0,0,0,0,0,0,0,0.076923,0,0,0.076923,0,0,0,0,0,0.076923,0,0.076923,0,0,0.15385,0,0,0,0,0,0.076923,0,0,0,0,0.076923,0,0,0,0,0,0
0.028571,0.028571,0.028571,0,0,0.057143,0.028571,0,0,0,0,0,0.028571,0,0,0,0.057143,0,0.057143,0.028571,0,0,0,0,0,0.028571,0,0,0,0.028571,0,0.028571,0.028571,0,0.028571,0,0,0,0.028571,0.028571,0,0,0.057143,0,0.028571,0.028571,0,0,0,0,0.028571,0,0.057143,0.028571,0.057143,0.028571,0,0,0.057143,0,0,0.028571,0,0.057143
0.041667,0.020833,0.020833,0.020833,0.0625,0,0.020833,0,0.020833,0.020833,0,0.020833,0.020833,0,0.041667,0.041667,0.020833,0,0,0,0,0,0,0,0.041667,0,0,0.020833,0,0.020833,0.020833,0,0.041667,0,0,0,0.0625,0,0,0.020833,0.041667,0,0.020833,0,0.020833,0.041667,0.041667,0,0,0.0625,0,0.020833,0,0,0,0,0.041667,0.020833,0.020833,0.041667,0,0.020833,0,0
0.041667,0.041667,0,0,0,0,0,0,0,0,0,0,0,0,0,0.083333,0,0,0,0,0,0,0,0.041667,0.041667,0,0,0.041667,0,0,0,0,0,0,0,0,0,0,0,0.041667,0.041667,0.041667,0,0,0.083333,0.041667,0.041667,0.083333,0.083333,0,0,0,0,0,0,0,0.083333,0,0,0,0.041667,0.041667,0,0.083333
0.044444,0.088889,0.044444,0.022222,0,0.022222,0.066667,0.044444,0,0,0,0,0,0,0,0.022222,0.022222,0.044444,0.24444,0,0,0,0.044444,0,0.022222,0,0.022222,0,0,0,0,0,0,0.022222,0,0,0,0.022222,0.022222,0,0,0,0,0,0,0,0,0,0.022222,0,0,0,0,0,0.044444,0,0,0.022222,0.022222,0,0.022222,0.022222,0,0.022222
0.047619,0.071429,0,0,0.071429,0.047619,0,0.02381,0.02381,0.02381,0,0,0.02381,0,0,0,0.02381,0.02381,0,0,0.02381,0,0.095238,0.02381,0,0.047619,0.02381,0,0,0,0,0,0,0,0.02381,0.02381,0,0.02381,0,0.02381,0,0,0.071429,0,0,0,0,0,0,0,0,0,0.02381,0,0.02381,0,0.047619,0.02381,0,0,0,0,0.095238,0.02381
0,0,0,0,0.030303,0,0,0.030303,0,0.12121,0,0.060606,0,0,0.030303,0,0.030303,0,0,0,0.030303,0,0.060606,0,0,0,0.030303,0,0.060606,0.030303,0,0,0,0,0,0.030303,0.060606,0.030303,0.030303,0,0.030303,0.030303,0,0.030303,0,0,0.030303,0,0.030303,0,0,0,0,0.030303,0.030303,0,0,0,0.060606,0,0,0.030303,0,0.030303
0,0,0.076923,0,0,0,0,0,0,0,0,0,0,0,0,0.076923,0,0,0,0,0.076923,0,0,0,0,0,0,0,0,0,0.076923,0.076923,0,0,0,0,0,0,0,0,0,0,0,0,0,0,0,0,0,0,0,0.23077,0,0,0,0,0,0.076923,0,0,0.23077,0,0,0.076923
0.055556,0.055556,0,0.055556,0,0,0,0,0.055556,0,0,0,0,0.055556,0,0,0.16667,0.055556,0.055556,0,0.055556,0,0,0,0,0,0,0,0,0,0,0,0,0,0.055556,0,0.11111,0,0,0,0.055556,0,0,0,0,0,0,0.055556,0.055556,0,0,0,0,0,0.055556,0,0,0,0,0,0,0,0,0
0.058824,0,0,0.058824,0,0,0,0,0.058824,0,0,0,0.17647,0,0.058824,0,0.058824,0,0,0,0,0,0,0,0,0,0.058824,0,0,0,0,0,0.11765,0,0,0,0.058824,0,0.058824,0,0,0,0,0,0,0,0,0,0,0.058824,0,0,0,0,0,0,0,0,0,0.058824,0.058824,0,0.058824,0
0,0,0,0,0.04,0,0,0,0,0,0,0.04,0,0.04,0,0,0.04,0,0.04,0.08,0,0,0,0,0.08,0,0.04,0,0.04,0.08,0,0,0,0,0,0,0,0,0,0,0,0,0,0,0.08,0,0,0.04,0,0.08,0,0.08,0,0,0.12,0,0.04,0,0,0,0,0,0.04,0
0,0,0,0,0,0,0.083333,0,0.083333,0,0,0,0,0,0,0,0.083333,0.083333,0,0,0.083333,0,0,0,0,0,0.16667,0,0,0,0.083333,0,0,0,0,0,0,0,0,0,0,0,0.083333,0,0.083333,0,0.083333,0,0,0,0,0,0,0,0,0,0.083333,0,0,0,0,0,0,0
0.055556,0.11111,0,0.055556,0,0,0,0,0,0,0,0.055556,0,0,0,0,0.055556,0,0,0,0,0.055556,0.055556,0,0,0.11111,0,0,0,0,0.055556,0,0,0,0,0.055556,0.055556,0.055556,0.055556,0,0,0,0,0,0,0,0.055556,0,0,0,0,0,0,0,0,0,0,0.055556,0,0,0,0,0,0.055556
0,0.28571,0.047619,0,0,0.047619,0,0,0,0.19048,0.047619,0,0,0,0,0,0,0,0,0,0.047619,0,0,0,0.047619,0,0,0,0,0,0,0,0,0.047619,0,0.047619,0.047619,0.047619,0,0,0,0,0,0,0,0,0,0,0,0,0,0,0,0,0,0,0,0.095238,0,0,0,0,0,0
0.035714,0,0,0,0.035714,0.035714,0,0,0,0.071429,0.035714,0.035714,0,0,0.035714,0,0.14286,0,0.14286,0,0.10714,0,0,0,0,0.035714,0.035714,0.035714,0,0,0.035714,0,0,0,0.035714,0,0.035714,0,0,0,0,0,0,0,0,0,0,0,0,0,0,0,0.035714,0,0,0.035714,0.035714,0,0,0,0,0,0,0
0,0.060606,0.090909,0,0.030303,0,0,0,0.030303,0.090909,0.060606,0,0,0,0,0,0.090909,0.060606,0.060606,0,0.030303,0,0,0,0.030303,0.030303,0.030303,0,0,0,0.030303,0,0.030303,0.030303,0,0,0,0.060606,0,0,0.030303,0.030303,0,0,0.030303,0.030303,0,0.030303,0,0,0,0,0,0,0,0,0,0,0,0,0,0,0,0
0.048387,0.016129,0,0.032258,0.016129,0,0.048387,0.032258,0.016129,0.016129,0,0,0.064516,0.032258,0.016129,0.032258,0.016129,0,0.048387,0,0.048387,0,0,0,0,0.016129,0.032258,0,0.016129,0,0.016129,0,0.032258,0,0.048387,0.016129,0.032258,0.016129,0.032258,0,0.048387,0.032258,0,0,0,0,0.016129,0,0,0.016129,0,0.016129,0,0.016129,0.064516,0,0,0,0.032258,0,0,0,0.016129,0
0.05,0,0,0,0,0,0,0,0,0,0,0,0,0,0,0.05,0,0,0.05,0,0,0,0,0,0.05,0,0,0,0,0,0,0,0,0,0,0,0,0.05,0.05,0,0,0,0,0,0,0,0.1,0.1,0.05,0,0,0,0,0,0,0,0,0.05,0,0.2,0,0,0,0.2
0,0,0,0,0,0,0,0,0,0,0,0,0.0625,0.0625,0,0.125,0,0,0,0,0,0,0,0,0.0625,0,0,0,0,0,0,0,0,0,0,0,0.0625,0,0,0.0625,0,0,0,0,0,0,0,0,0,0,0,0.0625,0.0625,0.0625,0.0625,0.0625,0.0625,0,0,0,0.125,0.0625,0,0
0.071429,0,0,0,0,0,0,0,0.071429,0.14286,0,0.071429,0,0,0,0,0.071429,0,0,0,0,0,0,0.071429,0.071429,0.071429,0,0,0,0,0,0,0.071429,0,0,0,0.071429,0,0,0,0,0,0,0,0.071429,0,0,0,0,0,0,0,0,0,0,0,0,0.071429,0.071429,0,0,0,0,0
0.071429,0.071429,0,0,0.071429,0.071429,0.14286,0,0.14286,0,0,0,0,0,0,0,0,0,0.071429,0,0.071429,0,0,0,0,0,0,0,0,0,0.071429,0,0,0.071429,0,0,0,0,0,0,0,0,0,0,0,0,0,0,0,0.071429,0,0,0,0,0,0,0,0.071429,0,0,0,0,0,0
0.14286,0.095238,0,0,0.047619,0,0,0,0,0,0,0.047619,0,0,0,0.095238,0.095238,0,0,0,0,0,0.047619,0,0.095238,0,0,0,0,0,0,0,0.047619,0,0,0,0,0,0,0,0,0,0,0,0,0,0.095238,0,0,0,0,0,0,0,0,0,0,0.047619,0,0.095238,0.047619,0,0,0
0.1,0,0,0,0,0,0,0,0,0.1,0.1,0,0,0,0,0,0,0,0,0,0,0,0,0.1,0.1,0,0,0,0,0,0,0,0,0,0,0,0,0,0,0,0,0,0,0,0,0,0,0,0,0,0,0,0.1,0,0,0,0.1,0,0.1,0,0,0,0.1,0.1
0,0,0.2,0,0.1,0,0,0,0,0,0,0,0,0,0,0.1,0,0,0,0,0,0,0,0,0,0,0,0,0,0,0,0,0.1,0,0,0,0,0,0.1,0,0,0.1,0,0,0,0,0.1,0,0,0,0,0,0,0,0,0,0,0,0,0,0,0.1,0.1,0
0.024096,0.024096,0.024096,0.036145,0,0.024096,0,0,0.012048,0.012048,0.060241,0.012048,0.036145,0,0,0.012048,0.060241,0,0.024096,0.012048,0.012048,0.012048,0.024096,0,0,0.024096,0.024096,0,0,0.024096,0.036145,0.024096,0.012048,0,0,0,0.012048,0,0.012048,0.048193,0.024096,0.036145,0,0.012048,0.012048,0,0.012048,0,0.048193,0,0,0.012048,0.012048,0.024096,0,0.012048,0.012048,0.012048,0.024096,0.024096,0.012048,0.036145,0.012048,0.024096
0.045455,0,0.045455,0,0,0.045455,0.045455,0,0,0.045455,0,0,0,0,0,0,0.045455,0,0,0.090909,0.045455,0,0,0.045455,0,0.045455,0,0.045455,0,0,0.090909,0,0,0,0,0,0,0.045455,0.045455,0.045455,0,0,0,0,0,0,0,0,0,0.045455,0,0.045455,0,0,0,0,0,0,0,0.045455,0,0.045455,0.045455,0
0.052632,0,0,0,0,0,0,0,0.052632,0.052632,0.10526,0.052632,0,0,0,0,0,0,0.052632,0,0,0.052632,0,0,0,0.052632,0.052632,0.052632,0,0,0,0,0.052632,0,0,0,0.10526,0.052632,0,0,0.052632,0,0,0,0,0,0,0,0,0,0,0,0.052632,0,0,0,0,0,0.052632,0.052632,0,0,0,0
0.071429,0,0,0.071429,0,0,0.071429,0,0.071429,0,0,0,0,0,0,0,0,0,0,0,0,0,0,0.14286,0,0,0,0,0,0,0,0,0.071429,0,0,0,0,0.071429,0,0,0,0,0.071429,0,0,0.21429,0.071429,0,0,0,0,0,0,0,0,0,0,0,0,0,0,0.071429,0,0
0.066667,0,0,0,0,0,0,0,0,0.066667,0,0.066667,0,0.066667,0,0,0,0,0,0,0,0,0,0,0,0.066667,0.066667,0.13333,0,0,0,0,0,0,0.066667,0,0,0.066667,0,0,0,0,0,0,0,0,0,0,0.066667,0,0.066667,0,0,0.066667,0,0.066667,0,0,0,0,0,0,0,0.066667
0.0625,0,0.0625,0,0,0,0,0,0,0,0,0.125,0,0.0625,0,0,0,0,0,0,0,0,0,0,0.0625,0.0625,0,0,0,0,0,0,0,0,0,0.0625,0.0625,0,0,0,0,0,0,0,0,0,0,0.125,0,0,0,0,0,0,0,0,0,0,0,0,0.125,0,0,0.1875
0,0,0,0,0.051282,0.025641,0,0.051282,0,0,0,0,0.025641,0,0,0.025641,0.025641,0.025641,0.025641,0,0.025641,0,0.025641,0,0,0.025641,0,0,0,0,0,0.025641,0.025641,0,0,0,0.025641,0,0,0,0,0,0,0,0.051282,0.025641,0.025641,0,0,0.025641,0,0.051282,0,0,0,0,0.025641,0,0,0.025641,0.025641,0.025641,0.025641,0.28205
0,0,0,0,0,0,0,0,0,0,0,0,0.083333,0,0,0.083333,0,0,0,0,0,0.083333,0.083333,0,0,0,0,0,0,0,0.25,0.083333,0,0,0,0.083333,0,0,0,0,0.083333,0,0,0,0,0,0,0,0,0,0,0,0,0,0,0,0,0,0,0.083333,0,0,0,0.083333
0,0,0,0.071429,0.035714,0,0,0.035714,0,0,0,0.035714,0,0.035714,0.035714,0.071429,0,0,0,0,0,0.035714,0,0,0,0.10714,0,0.035714,0,0.035714,0,0,0,0,0,0,0,0,0,0,0,0,0,0,0,0,0,0,0,0,0,0.035714,0.035714,0,0.035714,0.035714,0.035714,0.035714,0,0.035714,0,0.14286,0,0.071429
0,0,0,0,0,0.0625,0.0625,0,0,0,0,0,0,0,0.0625,0.0625,0,0,0,0,0,0,0,0,0,0.0625,0,0,0,0.0625,0,0.0625,0,0,0,0,0.0625,0,0.0625,0.0625,0,0.0625,0,0,0,0,0,0,0,0.0625,0,0,0.0625,0,0,0.0625,0,0,0,0,0.125,0,0,0
0,0,0,0.05,0.05,0,0,0.05,0,0,0,0,0.05,0,0.05,0,0,0,0,0,0,0,0.1,0,0.05,0.05,0,0,0,0.05,0,0,0,0,0,0,0,0,0,0.05,0,0,0,0,0.05,0,0,0,0,0,0.05,0,0,0,0,0,0,0,0,0,0.15,0.05,0.05,0.1
0,0,0,0.076923,0,0.076923,0,0,0,0,0,0.076923,0.076923,0,0,0.076923,0,0.076923,0,0,0,0,0,0,0,0,0,0,0,0,0,0,0,0,0,0,0,0,0,0,0,0,0,0,0,0.076923,0,0,0,0,0.076923,0,0,0,0,0,0.076923,0.15385,0,0,0.076923,0,0.076923,0
0,0,0,0,0,0,0,0,0.066667,0,0,0,0.066667,0,0,0.066667,0.066667,0,0,0.066667,0,0,0,0.066667,0,0.066667,0,0,0.066667,0,0,0,0.13333,0,0.066667,0,0,0,0.066667,0,0,0,0,0,0,0,0,0,0,0.066667,0,0,0,0,0,0,0,0,0.066667,0,0,0,0,0.066667
0.090909,0,0,0,0,0,0,0.045455,0,0,0,0,0.045455,0,0,0.045455,0,0,0.045455,0.045455,0,0,0,0,0.090909,0,0,0,0,0,0,0.045455,0,0,0,0,0,0,0,0.045455,0.045455,0,0,0,0.045455,0,0.045455,0,0.045455,0.045455,0,0.045455,0,0.045455,0,0,0,0,0,0.045455,0,0,0.13636,0
0,0,0,0,0,0.066667,0,0,0,0,0,0,0,0,0.13333,0,0,0,0,0,0,0,0,0.13333,0.066667,0,0,0,0,0.066667,0,0,0,0,0,0,0,0,0,0,0,0,0,0,0,0,0,0.066667,0.13333,0,0,0,0.066667,0,0,0,0,0,0,0,0,0,0.13333,0.13333
0.083333,0.016667,0.016667,0.016667,0.05,0,0,0.016667,0,0,0,0,0.05,0,0.016667,0.05,0.05,0,0,0,0.016667,0.016667,0,0,0.016667,0.016667,0,0,0,0,0.033333,0.016667,0,0.016667,0.016667,0,0.033333,0,0,0.016667,0,0,0,0,0,0,0.016667,0.016667,0.066667,0.033333,0,0.05,0.033333,0.016667,0,0.016667,0,0,0.016667,0,0.066667,0.016667,0.033333,0.05
0,0.15385,0.076923,0.076923,0,0.076923,0,0,0,0,0,0,0,0.076923,0.076923,0.076923,0,0,0.076923,0.076923,0,0,0,0,0,0,0,0,0,0,0,0,0,0,0,0,0.076923,0,0,0,0,0,0,0,0,0,0,0,0,0,0,0,0,0,0,0,0,0,0,0,0,0.076923,0,0.076923
0,0,0.035714,0,0.035714,0,0,0,0,0,0,0.035714,0.14286,0,0,0.035714,0.071429,0,0,0.10714,0,0,0,0,0,0.035714,0,0,0,0,0,0,0,0,0,0.035714,0,0.035714,0.071429,0,0,0,0,0,0.071429,0,0.035714,0,0,0,0,0.071429,0,0,0.035714,0.035714,0,0,0,0.035714,0.035714,0,0,0.035714
0.041667,0,0,0,0.125,0,0,0,0,0.041667,0,0,0.041667,0,0.041667,0,0.041667,0,0,0.083333,0.041667,0,0,0,0,0,0.041667,0,0,0.041667,0,0,0.041667,0.041667,0,0.041667,0.041667,0.041667,0,0,0,0,0,0,0,0,0,0,0.041667,0,0,0,0,0,0,0,0,0.041667,0.041667,0,0.083333,0.041667,0,0
0,0,0,0.1,0,0,0,0,0,0,0,0,0,0,0,0.1,0,0,0,0,0.1,0,0,0,0,0,0,0,0,0,0,0,0,0,0,0,0.1,0,0.2,0,0,0.1,0,0,0,0,0.1,0,0,0,0,0,0,0,0,0.1,0,0,0,0,0,0,0,0.1
0,0,0,0,0.076923,0,0,0,0,0,0,0,0,0,0,0,0.076923,0,0,0,0,0,0,0,0,0.076923,0,0,0,0,0,0,0,0,0,0,0,0,0,0,0,0,0,0,0,0,0.076923,0,0.076923,0,0,0.076923,0.076923,0,0.076923,0,0,0,0.076923,0.076923,0,0,0.076923,0.15385
0,0,0.041667,0.041667,0,0,0,0,0,0.083333,0,0.041667,0,0.041667,0.041667,0,0,0,0.041667,0.041667,0.041667,0.041667,0,0,0,0,0,0,0,0,0,0,0,0,0,0,0,0,0,0,0,0,0.041667,0,0.041667,0.083333,0,0,0.041667,0,0.041667,0,0.083333,0.041667,0.041667,0,0,0,0.041667,0.041667,0,0,0.041667,0
0.16129,0.032258,0,0.032258,0.064516,0,0,0.032258,0.032258,0,0,0.032258,0,0,0.096774,0,0.032258,0,0,0,0,0,0,0,0.032258,0.032258,0.032258,0,0,0,0,0,0,0,0,0,0,0,0,0,0,0,0,0,0,0,0,0,0.064516,0,0.032258,0,0,0,0.064516,0.032258,0.064516,0.032258,0,0,0.064516,0,0.032258,0
0.19048,0.047619,0,0,0,0,0,0,0.047619,0,0.047619,0,0,0,0.095238,0,0.047619,0,0,0,0,0,0.047619,0,0.047619,0,0,0,0.047619,0,0,0,0,0,0.047619,0,0.047619,0,0,0,0.047619,0,0.047619,0,0,0,0,0,0,0,0,0,0,0,0,0,0.095238,0.047619,0.047619,0,0,0,0,0
0,0,0,0,0,0,0,0.083333,0,0,0,0,0,0,0,0,0,0,0,0,0,0.083333,0,0,0.083333,0,0,0,0,0,0.16667,0,0,0,0,0,0,0,0,0,0,0,0.16667,0,0,0,0.083333,0,0.083333,0,0,0,0,0,0,0,0.083333,0,0,0,0.083333,0,0.083333,0
0,0,0,0,0,0,0,0,0,0,0,0,0,0.090909,0,0,0,0,0.090909,0,0,0,0,0,0,0,0,0,0,0,0,0,0,0,0,0,0.090909,0,0,0.090909,0,0.18182,0,0,0.090909,0,0,0,0,0,0,0,0.18182,0,0,0,0.090909,0,0,0,0.090909,0,0,0
0,0.025,0.0125,0,0.0625,0.05,0.025,0,0.025,0.025,0.05,0,0,0.025,0,0,0,0.0375,0.0375,0,0.0375,0,0.025,0,0.025,0.025,0.0125,0,0,0,0.05,0.0125,0,0.0125,0,0,0.025,0.0625,0.0125,0,0,0.0625,0.0375,0,0,0.0375,0,0.0125,0.025,0,0,0,0.0125,0.0125,0.0125,0,0.025,0.0125,0,0,0,0.0125,0.0375,0.025
0,0,0,0.032258,0.064516,0,0.032258,0,0,0,0,0,0,0,0,0.032258,0,0,0.064516,0.032258,0,0,0.032258,0,0,0,0.064516,0,0,0,0,0.032258,0,0,0,0,0.064516,0,0,0.064516,0.032258,0,0,0,0,0,0,0.064516,0,0,0.032258,0,0,0.032258,0,0,0,0.032258,0,0.064516,0,0.064516,0.096774,0.064516
0.032258,0,0,0,0.032258,0,0,0,0.032258,0.032258,0,0.064516,0,0,0,0.064516,0.032258,0.064516,0,0.032258,0.032258,0,0,0,0,0.032258,0,0,0,0,0.032258,0.032258,0,0,0,0,0.064516,0.032258,0.032258,0,0,0.032258,0,0,0,0.032258,0,0.064516,0,0.032258,0,0,0,0.032258,0.032258,0,0.032258,0.064516,0,0,0.032258,0,0,0
0.034483,0,0,0.068966,0.10345,0,0,0,0.034483,0.034483,0,0,0.034483,0,0,0,0.10345,0,0,0,0,0,0.034483,0.034483,0,0,0,0,0,0,0,0,0.034483,0,0.068966,0,0.034483,0.034483,0.034483,0,0,0.068966,0,0,0,0,0.10345,0,0,0,0.034483,0,0.034483,0.034483,0.034483,0,0,0,0,0,0,0,0,0
0,0.090909,0,0,0.045455,0,0.045455,0,0.045455,0,0.045455,0,0,0,0,0,0.090909,0,0,0.045455,0,0,0.090909,0,0,0.045455,0,0,0,0.045455,0.045455,0,0,0.045455,0,0,0,0,0.045455,0,0,0,0.045455,0,0,0,0,0,0.090909,0,0.045455,0,0,0,0,0,0,0,0,0,0,0.045455,0.045455,0
0.055556,0,0,0,0,0,0.055556,0,0,0,0,0.055556,0,0,0,0,0.055556,0,0.055556,0,0,0,0,0,0,0,0,0,0,0.055556,0,0,0.055556,0,0,0,0,0.055556,0,0.055556,0,0.055556,0,0,0,0.055556,0,0.055556,0,0,0,0,0,0.055556,0,0,0.11111,0,0,0,0,0.11111,0.055556,0
0,0.16667,0,0,0,0,0,0,0,0,0,0,0,0.083333,0,0,0.16667,0.083333,0,0,0,0,0,0,0,0,0,0,0,0,0.16667,0,0,0,0,0,0,0,0,0,0.083333,0,0,0,0,0,0,0,0.083333,0,0,0,0,0,0.083333,0,0,0,0,0,0.083333,0,0,0
0,0,0,0.11111,0.11111,0,0,0,0,0,0,0,0,0,0,0,0,0,0,0,0,0,0,0,0,0,0,0,0.11111,0,0,0,0,0,0,0,0.11111,0,0.11111,0,0,0,0,0,0,0,0,0,0,0,0,0,0,0,0,0,0,0,0,0,0.11111,0.33333,0,0
0,0.055556,0,0.055556,0,0,0,0,0,0,0,0,0,0.055556,0,0,0.055556,0,0,0,0.11111,0.055556,0,0.055556,0.055556,0.11111,0,0.055556,0,0,0,0,0.055556,0,0,0.055556,0,0.11111,0,0,0,0,0,0,0,0,0,0,0,0,0,0,0,0.055556,0,0,0,0,0,0,0,0,0,0.055556
0,0,0.0625,0.0625,0.0625,0,0,0,0.0625,0,0,0,0.0625,0,0,0.0625,0,0.0625,0,0,0,0,0,0,0,0,0,0,0,0,0.0625,0.0625,0.0625,0,0,0,0,0,0,0,0,0,0,0,0,0,0.0625,0,0,0.0625,0,0,0,0,0,0,0,0,0,0.0625,0,0,0.0625,0.125
0.058824,0,0.17647,0,0,0,0,0,0,0,0,0,0,0,0,0.058824,0.058824,0,0,0,0,0,0.058824,0,0,0,0,0.11765,0,0,0.058824,0.058824,0,0,0,0,0,0,0.058824,0,0,0,0,0,0,0,0,0,0,0.058824,0,0,0,0,0,0,0,0,0,0,0,0,0.058824,0.17647
0.2,0,0,0,0,0,0,0,0,0,0,0,0,0,0,0,0,0,0,0,0.1,0.1,0,0,0,0,0,0,0,0,0,0,0,0,0,0,0,0.1,0,0.1,0,0,0,0,0,0,0,0.1,0,0,0,0,0.1,0,0,0,0,0,0,0,0,0.1,0,0.1
0.125,0,0.09375,0,0.03125,0,0,0,0,0.03125,0,0,0,0,0,0,0.09375,0.03125,0.0625,0,0,0,0,0,0,0,0.21875,0.0625,0.03125,0,0,0,0,0,0,0,0.03125,0,0,0,0,0,0.03125,0,0,0.03125,0,0,0.03125,0,0,0,0,0,0,0,0,0.03125,0.0625,0,0,0,0,0
0,0,0,0,0,0,0,0,0,0,0,0.076923,0,0,0,0.076923,0,0.076923,0,0,0,0,0,0,0,0,0,0,0,0,0,0,0.076923,0,0,0,0,0,0.076923,0,0,0.076923,0,0,0,0,0,0.076923,0.15385,0.076923,0,0,0,0,0,0,0,0,0,0.076923,0,0,0.15385,0
0.1,0.05,0,0.1,0,0,0,0.05,0,0,0,0,0.05,0,0,0,0,0.05,0.05,0,0,0,0.1,0,0,0,0,0,0,0.05,0,0,0.05,0,0,0,0,0,0,0,0,0,0,0,0,0,0.05,0.05,0,0,0,0,0,0,0,0,0.05,0,0.05,0.15,0,0,0,0
0,0,0,0,0.14286,0,0,0.071429,0,0,0,0,0.071429,0.14286,0,0,0,0,0,0,0,0,0.071429,0,0,0,0.21429,0,0,0,0.071429,0,0.071429,0,0,0,0,0,0,0,0,0,0,0,0,0,0.071429,0,0,0,0.071429,0,0,0,0,0,0,0,0,0,0,0,0,0
0.13333,0.066667,0,0,0,0,0,0,0.066667,0,0,0,0,0.066667,0.066667,0,0,0,0.13333,0,0,0,0,0,0,0,0.13333,0,0,0,0,0,0.066667,0,0.066667,0,0,0,0,0,0,0,0.066667,0,0,0,0,0,0,0,0,0,0.13333,0,0,0,0,0,0,0,0,0,0,0
0.14286,0,0,0,0,0,0,0,0,0,0,0.071429,0,0,0,0.071429,0.21429,0,0,0,0,0,0,0,0,0,0,0,0,0,0,0,0.071429,0,0.071429,0,0,0,0,0,0,0,0,0,0.071429,0.071429,0,0,0.071429,0,0,0,0,0,0,0,0,0,0,0,0,0,0.071429,0.071429
0.043478,0,0,0,0.043478,0,0.043478,0,0,0,0,0,0,0.13043,0,0,0.043478,0,0,0,0,0,0,0,0,0,0,0,0,0.043478,0.043478,0.043478,0.043478,0,0,0.043478,0.086957,0,0,0,0,0,0,0,0,0,0.043478,0,0.086957,0.043478,0,0,0.043478,0,0,0,0,0,0,0,0.086957,0,0.086957,0
0.045455,0.090909,0.045455,0,0,0.090909,0.045455,0,0,0.045455,0.045455,0,0,0,0,0.045455,0,0.045455,0.090909,0,0,0,0.045455,0,0,0.045455,0,0.045455,0,0,0,0,0,0,0,0,0,0.045455,0,0,0,0,0.045455,0,0,0,0,0,0.045455,0,0.045455,0,0,0,0.090909,0,0,0,0,0,0,0,0,0
0.21053,0,0.052632,0,0,0.052632,0,0,0,0,0,0,0,0,0,0,0,0,0,0,0,0,0.052632,0,0.052632,0,0,0,0,0,0,0,0,0,0,0,0,0.052632,0,0.26316,0,0,0,0,0,0.052632,0,0,0,0,0,0,0.052632,0,0.10526,0,0,0,0,0,0,0.052632,0,0
0.038462,0,0,0.076923,0,0.038462,0,0,0,0.038462,0,0,0,0,0,0.038462,0.038462,0,0.038462,0,0,0,0.038462,0,0.038462,0,0,0.038462,0.038462,0.038462,0,0,0.038462,0,0,0,0,0,0,0,0,0,0,0,0,0.038462,0,0,0,0,0,0.076923,0,0,0.038462,0.038462,0.038462,0.076923,0,0.038462,0.076923,0,0.038462,0
0.17647,0,0.058824,0.058824,0,0.058824,0,0,0.058824,0,0.11765,0,0,0.058824,0,0,0,0,0,0,0.058824,0,0,0,0,0.058824,0,0,0,0,0,0,0,0,0,0,0.058824,0,0,0,0,0,0,0,0,0,0.058824,0,0.058824,0,0,0,0,0,0.058824,0,0,0,0,0,0.058824,0,0,0
0,0,0,0.043478,0.043478,0,0,0,0,0,0,0,0,0.043478,0,0.086957,0.086957,0,0,0.086957,0,0,0,0,0.043478,0,0,0,0,0,0,0.043478,0,0,0,0.043478,0,0,0,0,0,0,0,0.043478,0.043478,0,0,0,0,0.043478,0,0,0.043478,0.043478,0,0,0.043478,0,0,0.043478,0,0.043478,0,0.13043
0.0625,0,0,0.0625,0,0,0,0,0,0,0,0,0,0,0,0.0625,0.1875,0,0.0625,0,0,0,0,0,0,0,0,0,0,0,0.0625,0.125,0,0,0,0,0,0,0,0.0625,0,0,0,0,0,0,0,0,0,0,0,0,0,0,0,0,0,0.0625,0.0625,0,0,0,0.1875,0
0.086957,0.086957,0,0.043478,0.086957,0.043478,0,0,0,0,0,0,0.043478,0,0,0,0.086957,0,0,0.086957,0,0.043478,0,0,0,0.043478,0,0,0,0,0,0,0,0,0,0,0,0.043478,0.043478,0,0,0,0,0,0.086957,0,0,0,0.043478,0,0,0,0,0,0,0,0,0.043478,0,0.043478,0,0,0.043478,0
0.035714,0,0,0.035714,0.035714,0,0.035714,0,0,0.071429,0.035714,0,0,0,0,0,0.10714,0,0.071429,0,0,0,0,0,0,0.071429,0.035714,0,0.035714,0,0.035714,0,0.071429,0.035714,0,0,0,0,0.035714,0,0.035714,0,0,0,0,0,0.035714,0,0,0,0,0,0.035714,0,0,0,0.035714,0.035714,0.035714,0.035714,0,0,0,0
0,0,0.058824,0,0,0.058824,0.058824,0.058824,0.058824,0,0,0,0,0,0,0,0.11765,0.058824,0,0,0.058824,0,0,0,0,0.058824,0,0,0,0,0.058824,0,0.058824,0,0,0,0,0,0,0,0,0.058824,0,0,0,0,0,0,0,0,0,0,0,0.058824,0,0,0,0,0,0.058824,0.058824,0,0,0.058824
0,0.037037,0,0.11111,0.11111,0,0.037037,0,0,0.037037,0,0,0,0,0,0.037037,0.11111,0.037037,0.037037,0,0.037037,0,0,0,0,0,0,0,0,0,0,0,0.037037,0,0,0,0.037037,0,0,0,0,0.037037,0,0,0,0,0,0,0,0.037037,0,0,0.037037,0,0,0,0.037037,0,0.074074,0,0,0,0,0.11111
0.14286,0,0.14286,0,0,0,0,0,0.071429,0,0,0.071429,0.071429,0,0,0,0,0,0,0,0.071429,0,0,0,0.071429,0,0,0,0,0,0,0,0.071429,0.071429,0,0,0,0.071429,0,0,0,0,0,0,0,0,0.071429,0,0,0,0,0,0,0,0,0,0,0,0,0,0,0,0.071429,0
0.055556,0,0,0,0.11111,0,0,0,0,0.055556,0,0,0.055556,0,0.055556,0,0,0,0.055556,0,0,0,0,0,0,0,0,0,0.055556,0,0.055556,0.055556,0,0.055556,0,0,0,0,0,0,0,0,0,0,0,0,0,0,0,0,0,0,0.055556,0,0.11111,0,0,0,0,0,0,0.055556,0.055556,0.11111
0,0,0,0.052632,0,0,0,0.052632,0.052632,0,0,0,0,0,0,0.052632,0.10526,0,0.052632,0,0,0,0,0,0,0,0,0.052632,0,0,0,0,0.052632,0,0,0,0.052632,0,0,0,0,0,0,0,0,0.052632,0,0,0,0.052632,0,0,0,0,0,0.052632,0,0,0.052632,0,0.052632,0,0.052632,0.15789
0,0,0,0.076923,0,0,0.076923,0,0,0,0,0,0,0,0.076923,0,0.23077,0.076923,0.076923,0,0,0,0.076923,0.076923,0,0,0,0,0,0,0,0,0,0.076923,0,0,0,0,0,0,0,0,0,0,0,0,0,0,0,0,0,0,0,0,0,0,0,0,0,0,0,0.15385,0,0
0.038462,0,0,0,0.038462,0,0.076923,0,0,0,0,0,0,0,0.038462,0,0.038462,0.076923,0.038462,0,0,0,0.038462,0,0,0.038462,0,0.038462,0,0,0,0,0,0,0,0,0,0.038462,0,0,0.038462,0,0,0.038462,0.038462,0,0.038462,0.038462,0.038462,0,0.038462,0,0,0,0,0,0.038462,0.038462,0,0,0.038462,0.038462,0.038462,0.038462
0,0,0,0,0.125,0,0,0,0,0,0,0,0,0,0,0,0,0,0,0,0,0,0,0,0.125,0,0,0,0,0.125,0,0,0,0,0,0,0,0,0.125,0,0,0.125,0,0,0,0,0,0,0.125,0,0,0,0.125,0,0,0,0,0,0,0,0,0,0,0.125
0,0,0,0,0,0,0,0,0,0,0.1,0,0.3,0,0,0,0,0,0,0,0,0,0,0,0,0,0,0.1,0,0,0,0,0.1,0,0,0,0,0,0,0,0,0.1,0,0,0,0,0,0,0,0,0,0,0,0,0,0,0,0,0,0,0,0,0.1,0.2
0,0,0,0,0,0,0.041667,0,0.041667,0,0,0,0,0,0,0.041667,0,0,0,0,0.083333,0,0,0,0,0.041667,0,0.041667,0,0,0,0.041667,0.041667,0,0,0,0,0,0,0,0.041667,0,0,0.041667,0,0.041667,0.041667,0,0.041667,0,0,0.041667,0,0,0.041667,0,0,0.041667,0.041667,0.083333,0.041667,0.041667,0,0.083333
0.051282,0,0,0.025641,0,0,0.025641,0,0,0,0,0,0.025641,0,0.025641,0.076923,0.025641,0,0.025641,0.051282,0,0,0,0,0.025641,0.025641,0,0.025641,0,0,0,0,0,0,0,0,0.051282,0.025641,0.025641,0,0,0,0,0.051282,0.051282,0,0,0,0,0.025641,0.051282,0,0.025641,0,0,0.025641,0.025641,0.025641,0,0.051282,0.076923,0.051282,0.025641,0
0,0.1,0,0,0,0.05,0,0,0,0.05,0,0,0.05,0,0,0,0.05,0,0,0,0,0,0.05,0,0.1,0,0,0.05,0,0,0,0,0,0.05,0.1,0,0,0,0,0,0,0.05,0.05,0,0.05,0,0.1,0,0,0.05,0,0,0,0.05,0,0,0,0,0,0,0,0,0,0
0.052632,0,0.026316,0.026316,0,0.026316,0,0,0.026316,0,0,0,0.052632,0,0,0,0,0.052632,0.026316,0,0,0,0,0,0.026316,0.026316,0,0,0,0.026316,0,0,0,0,0.026316,0,0.026316,0,0.10526,0,0,0.026316,0,0,0.026316,0,0.10526,0,0.026316,0,0,0,0,0,0.052632,0.052632,0,0,0.026316,0.10526,0,0.052632,0,0
0.044444,0.11111,0.11111,0,0.022222,0.022222,0,0,0.044444,0.022222,0,0,0.044444,0.044444,0,0,0.044444,0.022222,0.088889,0,0,0,0,0,0.022222,0,0,0,0,0,0.022222,0,0.066667,0.022222,0.022222,0.022222,0.044444,0.022222,0.022222,0.022222,0,0.022222,0,0,0,0,0,0,0,0,0,0,0,0,0,0,0,0.022222,0,0.022222,0,0,0.022222,0
0.076923,0,0.038462,0,0.076923,0,0.038462,0,0.038462,0,0,0,0,0,0,0,0.076923,0,0.038462,0,0,0,0,0,0.076923,0,0.038462,0,0.076923,0,0,0,0.038462,0.038462,0,0,0.038462,0,0.076923,0,0,0,0,0,0.038462,0,0,0,0.038462,0,0,0.038462,0.038462,0,0,0.038462,0,0.038462,0,0,0,0,0,0
0,0,0.095238,0,0.047619,0,0,0,0,0.095238,0.047619,0.047619,0,0,0,0,0,0,0.095238,0,0,0,0,0,0.047619,0,0.047619,0,0,0,0,0,0.047619,0,0,0,0,0,0.095238,0,0.047619,0,0,0.047619,0,0,0.095238,0,0,0,0,0,0,0,0,0,0,0.047619,0,0,0,0.095238,0,0
0,0,0,0,0,0,0,0,0,0,0,0,0.23077,0,0,0,0.038462,0,0,0,0,0,0,0,0.038462,0,0,0,0.076923,0.038462,0,0,0,0,0,0,0.076923,0,0,0,0,0.038462,0,0,0,0,0.11538,0,0,0,0,0.23077,0,0.038462,0.038462,0,0,0,0,0,0,0,0.038462,0
0,0.071429,0,0,0.071429,0,0,0,0.071429,0,0,0,0,0,0,0.071429,0.14286,0,0,0.071429,0,0,0,0,0,0,0,0,0,0,0,0,0,0,0,0,0,0.071429,0,0,0,0,0,0,0,0,0,0,0.14286,0,0,0,0,0,0,0.071429,0,0,0,0,0,0.071429,0,0.14286
0.10638,0.06383,0.06383,0.021277,0,0,0,0,0,0,0.021277,0,0.021277,0,0.021277,0.06383,0.021277,0,0,0,0.021277,0,0.021277,0,0,0.06383,0,0.021277,0,0.021277,0,0,0.021277,0,0,0,0.042553,0,0.021277,0.021277,0,0.021277,0,0,0,0,0.021277,0,0.021277,0.021277,0.021277,0.021277,0,0,0,0,0.042553,0,0,0.021277,0.042553,0.021277,0,0.085106
0.047619,0.047619,0.047619,0.095238,0,0,0,0,0,0,0,0,0,0,0.047619,0.047619,0.047619,0.047619,0,0,0,0,0,0,0.095238,0,0,0,0,0,0,0,0.047619,0,0,0,0.047619,0,0.047619,0.047619,0,0,0,0,0,0,0,0,0.047619,0,0,0,0,0,0,0.047619,0,0,0,0.047619,0,0.047619,0,0.095238
0.125,0,0,0.0625,0,0,0,0,0,0.0625,0.0625,0,0.125,0,0.0625,0,0.0625,0.0625,0,0,0.0625,0,0.0625,0,0,0.0625,0,0,0,0,0,0,0,0,0,0,0,0,0,0,0.0625,0,0,0,0,0,0.0625,0,0,0,0,0,0.0625,0,0,0,0,0,0,0,0,0,0,0
0,0,0,0,0,0,0,0,0,0,0,0,0,0,0,0,0,0,0.076923,0.076923,0,0,0,0,0.076923,0.15385,0.076923,0.076923,0,0.076923,0,0,0,0,0,0,0,0,0,0,0,0.076923,0,0,0,0,0,0,0,0,0,0,0,0,0,0,0.076923,0.076923,0,0.15385,0,0,0,0
0,0.083333,0,0,0,0,0.083333,0,0.083333,0,0.083333,0,0,0,0,0.083333,0.083333,0,0,0,0.083333,0,0,0,0.083333,0,0,0,0,0,0,0,0,0,0,0,0,0.25,0,0,0,0,0,0,0.083333,0,0,0,0,0,0,0,0,0,0,0,0,0,0,0,0,0,0,0
0,0.055556,0,0,0.055556,0,0,0,0,0.11111,0,0.055556,0,0,0.055556,0,0,0,0,0.055556,0,0,0,0,0,0,0,0,0,0,0,0,0,0,0,0,0.055556,0,0.11111,0,0,0,0,0,0.055556,0,0.055556,0.055556,0,0,0,0.055556,0,0,0,0,0.055556,0,0,0.11111,0,0.055556,0,0
0,0.090909,0,0.090909,0,0,0,0,0,0,0,0,0,0,0,0,0,0.090909,0,0,0,0,0,0,0.090909,0,0,0,0,0,0,0,0,0,0,0,0,0.090909,0,0,0,0,0,0,0,0,0,0,0,0,0,0,0.090909,0,0.18182,0,0,0,0.090909,0,0,0.090909,0.090909,0
0.1,0,0,0,0.1,0.1,0,0,0,0,0,0,0,0,0,0.1,0.2,0,0,0.1,0,0,0,0,0,0,0,0,0,0,0,0,0,0,0,0,0,0,0,0,0,0,0,0,0,0,0,0,0,0,0,0.1,0,0,0,0,0,0,0,0,0,0,0.2,0
0.10526,0,0.052632,0.10526,0,0,0,0,0.052632,0,0,0,0,0.052632,0,0,0,0,0.052632,0,0,0.052632,0,0,0,0.052632,0,0.052632,0.052632,0,0,0,0.052632,0,0,0,0,0.052632,0,0,0,0,0,0.052632,0,0.052632,0,0,0,0,0.052632,0,0,0,0,0,0,0,0,0.052632,0,0,0.052632,0
0,0.013158,0.013158,0.013158,0.013158,0,0.013158,0.039474,0.026316,0.026316,0,0.013158,0.039474,0.065789,0,0.026316,0,0,0.026316,0.039474,0.026316,0,0.013158,0,0,0.013158,0.078947,0.013158,0,0,0.039474,0,0,0.013158,0,0,0.026316,0.026316,0.013158,0.052632,0,0,0.026316,0.039474,0,0,0,0.013158,0.013158,0.013158,0.013158,0,0,0.013158,0.013158,0,0,0.026316,0.026316,0.013158,0,0.039474,0.013158,0.052632
0.029851,0,0.044776,0.014925,0.014925,0.029851,0,0.014925,0.014925,0.014925,0,0,0,0.014925,0,0.044776,0.014925,0.029851,0.044776,0.014925,0.029851,0.029851,0,0.014925,0.014925,0.029851,0,0.059701,0.044776,0,0,0.014925,0,0,0.014925,0,0,0,0,0.029851,0,0,0.014925,0.029851,0.029851,0.029851,0.014925,0.029851,0,0.044776,0,0.014925,0,0,0.029851,0.014925,0.014925,0.029851,0,0.029851,0,0.014925,0.029851,0
0.18182,0,0,0,0,0,0,0,0,0,0,0,0,0,0,0,0,0,0,0,0,0,0,0,0.090909,0.090909,0,0,0,0,0,0,0,0,0,0,0,0,0,0,0,0,0,0.090909,0,0,0,0.18182,0,0,0,0,0,0,0,0,0.090909,0,0,0,0.090909,0,0,0.18182
0,0.04,0.04,0,0.04,0,0,0,0,0,0,0,0,0,0,0,0.04,0.04,0,0,0,0,0.04,0,0.08,0.08,0,0.04,0,0.08,0.04,0,0,0.04,0,0.04,0.04,0.04,0,0,0,0,0.04,0,0,0,0.04,0,0,0,0,0,0,0,0.04,0,0.04,0.04,0,0.04,0,0,0.04,0
0,0.071429,0,0.071429,0,0,0.071429,0,0,0,0,0.071429,0,0,0,0.071429,0,0.14286,0,0,0.071429,0,0,0,0,0,0,0,0,0,0,0,0,0,0,0,0,0,0,0.071429,0.071429,0,0,0,0,0,0,0.071429,0,0,0,0,0,0,0.071429,0,0,0,0,0,0,0.071429,0.071429,0
0,0,0,0,0,0,0.083333,0,0.083333,0,0,0.083333,0,0.083333,0.083333,0.083333,0,0,0,0,0,0,0,0,0,0,0,0,0,0,0,0,0,0,0,0,0.083333,0,0.083333,0,0,0,0,0,0,0,0.083333,0,0,0,0,0,0,0,0,0,0,0,0,0,0.083333,0,0.083333,0.083333
0.090909,0,0.090909,0,0,0,0,0,0,0.090909,0,0,0,0,0,0,0.18182,0,0,0,0,0.090909,0,0,0,0,0,0.090909,0,0,0,0,0,0,0,0,0,0,0,0,0,0,0,0,0,0,0,0,0,0.090909,0,0,0,0,0,0,0.090909,0,0,0,0,0,0.090909,0.090909
0.033333,0,0,0,0,0,0,0,0,0,0,0,0.033333,0.033333,0,0.033333,0.033333,0.066667,0,0.033333,0,0.033333,0.033333,0,0,0.033333,0,0,0,0.033333,0,0.033333,0,0,0,0.033333,0,0,0.033333,0,0,0,0,0.033333,0,0,0.033333,0.23333,0.033333,0.033333,0,0,0.033333,0,0,0,0,0,0,0,0.033333,0,0,0.066667
0.090909,0.090909,0,0,0,0,0.090909,0,0,0,0,0,0,0,0,0.090909,0.090909,0,0,0.090909,0,0,0,0,0,0,0,0,0,0,0,0,0,0,0,0,0,0,0,0,0,0,0,0,0,0,0,0,0,0.090909,0.090909,0,0,0,0,0,0.090909,0,0,0.090909,0,0,0,0.090909
0.083333,0,0,0,0,0,0.083333,0,0,0,0,0,0.083333,0,0,0,0.083333,0.083333,0,0,0,0,0,0,0,0,0,0,0,0,0,0,0,0,0,0,0.083333,0,0,0.083333,0,0,0,0,0,0,0,0,0,0,0,0,0,0.083333,0,0,0,0,0.33333,0,0,0,0,0
0,0,0,0,0,0.052632,0,0,0,0,0,0,0,0,0,0,0,0.052632,0.052632,0.052632,0,0,0,0,0,0,0,0,0,0,0,0,0.10526,0,0,0,0,0,0.15789,0,0,0.052632,0,0,0,0,0.15789,0,0,0,0,0,0,0.052632,0,0,0.052632,0,0,0.15789,0,0,0,0.052632
0,0,0,0,0.076923,0.076923,0,0,0,0,0,0,0.076923,0,0,0.076923,0.076923,0,0,0,0,0,0,0,0,0,0,0,0.076923,0.15385,0,0,0,0,0,0,0,0,0,0,0,0.076923,0,0,0,0,0,0,0,0,0,0.076923,0,0,0.076923,0,0,0,0,0,0,0,0.15385,0
0.095238,0.047619,0,0.047619,0,0,0,0.047619,0,0,0,0,0,0,0,0,0.095238,0.047619,0,0,0,0,0,0,0.047619,0,0,0,0,0,0,0.047619,0,0,0.047619,0.095238,0,0,0,0,0,0,0,0,0,0,0.047619,0,0,0,0,0.095238,0,0.047619,0,0,0,0,0,0.047619,0.047619,0,0,0.095238
0,0.083333,0,0,0,0.16667,0,0,0,0,0,0,0,0.16667,0,0.083333,0,0,0,0.083333,0,0,0,0,0.083333,0,0,0,0,0,0,0,0,0,0,0.083333,0,0,0,0,0,0.083333,0,0,0,0,0,0,0,0,0,0,0,0,0,0,0.083333,0,0.083333,0,0,0,0,0
0,0.05,0,0,0.05,0,0.05,0,0,0.05,0.05,0.05,0,0,0,0,0.05,0.05,0.05,0,0.05,0,0,0,0,0.05,0.05,0,0,0,0.05,0,0,0,0,0,0,0,0,0.05,0,0,0.05,0,0.05,0,0,0,0,0.05,0,0,0,0.15,0,0,0,0,0,0,0,0,0,0
0,0,0.029412,0,0,0.029412,0,0,0,0,0.029412,0,0,0.029412,0,0.058824,0.11765,0,0,0.029412,0,0,0,0.029412,0,0.058824,0.029412,0,0,0,0,0,0.029412,0,0,0,0,0,0,0,0,0,0.029412,0,0,0.029412,0.029412,0.029412,0.058824,0,0,0.058824,0,0,0.029412,0,0,0.088235,0,0,0.058824,0,0.058824,0.058824
0.055556,0,0.16667,0.055556,0.055556,0.055556,0,0,0,0.055556,0.055556,0,0,0,0,0,0.055556,0,0.11111,0,0,0,0,0,0,0,0,0,0,0,0,0,0,0,0.11111,0,0.055556,0,0.055556,0,0,0,0,0,0,0,0,0,0,0,0,0,0,0,0,0,0,0,0,0,0.055556,0,0.055556,0
0.083333,0,0,0,0,0,0,0,0,0.083333,0,0,0,0,0.083333,0,0.083333,0,0,0.083333,0,0,0,0,0,0,0,0,0.083333,0,0,0.083333,0,0,0.083333,0,0,0.083333,0,0,0,0,0,0,0,0,0,0,0.083333,0,0,0,0,0.083333,0,0,0,0,0,0,0,0.083333,0,0
0,0,0,0,0,0,0,0,0.055556,0,0,0.11111,0.055556,0,0.11111,0.11111,0,0,0,0,0,0,0,0,0,0.055556,0,0,0,0,0,0,0.055556,0,0,0,0,0,0.055556,0,0,0,0,0,0,0,0,0,0,0.055556,0,0.11111,0,0,0,0.055556,0,0,0,0.055556,0.055556,0,0,0.055556
0.11111,0.027778,0.083333,0,0,0,0.027778,0,0.055556,0,0,0,0,0,0,0,0,0.027778,0.027778,0,0,0.027778,0,0,0,0.055556,0.027778,0,0,0.027778,0,0,0.027778,0,0.055556,0.027778,0.027778,0,0.083333,0.027778,0.027778,0,0,0,0,0,0.027778,0,0.055556,0,0,0,0,0,0,0,0.083333,0,0,0,0.055556,0,0,0
0,0,0,0,0.043478,0,0,0,0,0.086957,0.043478,0.043478,0,0.043478,0,0,0.043478,0,0.043478,0.043478,0,0.043478,0,0,0.043478,0,0.043478,0,0,0,0,0,0.086957,0,0.043478,0,0,0.043478,0.043478,0,0,0,0,0.043478,0,0.043478,0,0.043478,0,0,0,0,0,0,0,0,0.043478,0,0,0.043478,0,0,0,0.043478
0,0,0,0,0,0,0.0625,0,0,0,0,0,0,0,0.0625,0.0625,0,0,0,0.125,0,0,0,0,0,0,0,0,0,0,0,0.0625,0.125,0,0,0,0,0,0,0,0,0,0,0,0,0,0.125,0,0,0.0625,0,0,0,0,0,0,0,0.0625,0,0.125,0.0625,0,0.0625,0
0,0,0,0,0.071429,0,0,0,0,0,0.071429,0,0,0,0,0,0,0,0,0,0.071429,0.071429,0,0,0,0.071429,0,0,0,0.071429,0,0,0,0,0,0,0,0.071429,0,0,0,0,0,0,0,0,0,0,0,0,0,0,0,0,0,0,0,0,0,0.14286,0.071429,0,0.071429,0.21429
0.15385,0,0.15385,0.076923,0,0,0,0,0,0,0,0,0,0,0,0,0.076923,0,0,0,0,0,0,0,0,0,0,0,0,0,0,0,0,0,0,0,0,0,0,0,0,0,0,0.15385,0,0,0,0,0.076923,0.076923,0,0,0.076923,0,0,0,0,0.076923,0,0,0,0,0.076923,0
0.13636,0,0.045455,0,0,0,0.045455,0,0.13636,0,0,0,0.090909,0,0.045455,0,0,0.045455,0,0,0,0.045455,0.045455,0,0,0,0,0,0,0.045455,0,0,0.045455,0.045455,0.045455,0,0,0.045455,0,0,0.045455,0,0,0,0,0,0,0,0.045455,0,0,0,0,0,0,0,0,0,0.045455,0,0,0,0,0
0.064516,0,0,0,0.096774,0.032258,0,0.032258,0.032258,0,0.032258,0.032258,0.096774,0,0,0.032258,0.032258,0.032258,0.032258,0.032258,0,0,0.064516,0,0,0.032258,0.032258,0,0,0,0,0.032258,0,0,0.064516,0,0,0,0.064516,0,0,0,0,0,0,0,0,0,0,0,0.032258,0.032258,0,0,0.032258,0,0.032258,0,0,0,0,0,0,0
0,0.083333,0.083333,0.083333,0,0,0,0,0,0,0,0,0,0,0,0,0,0,0,0.083333,0,0,0,0.083333,0.083333,0,0.083333,0,0,0,0,0,0,0.083333,0,0,0,0,0,0.083333,0,0,0,0,0,0,0,0,0,0,0,0.083333,0,0,0,0,0,0.083333,0,0,0,0.083333,0,0
0,0.055556,0,0,0,0,0,0,0,0,0,0.055556,0,0,0,0,0.055556,0,0,0,0,0,0,0.055556,0,0,0,0,0,0,0,0.055556,0,0,0,0,0,0.055556,0,0,0,0,0,0,0,0,0.055556,0,0,0,0,0,0.055556,0,0,0.055556,0,0,0,0.055556,0,0.16667,0.055556,0.22222
0.030303,0.015152,0.030303,0.045455,0,0,0.015152,0.015152,0,0.015152,0,0.015152,0,0,0.015152,0.015152,0.030303,0.015152,0.015152,0.060606,0,0,0.015152,0,0,0.045455,0.015152,0.015152,0,0.015152,0,0.015152,0,0.015152,0.015152,0,0,0.060606,0,0.015152,0,0.015152,0,0,0.015152,0.030303,0,0.015152,0,0.015152,0,0,0,0.030303,0.060606,0,0,0.030303,0.090909,0.030303,0,0.060606,0.030303,0.015152
0,0,0,0,0,0,0,0,0,0.25,0.1,0.05,0,0.05,0,0,0.05,0,0,0,0,0,0,0,0,0,0.05,0,0,0,0,0,0,0,0,0.05,0.05,0.05,0.05,0,0.1,0,0,0,0,0,0,0,0,0,0,0,0,0.05,0,0,0,0.05,0.05,0,0,0,0,0
0,0,0,0,0.071429,0,0,0,0,0,0,0,0,0,0,0.071429,0,0,0,0,0,0,0,0,0,0,0,0,0.14286,0,0,0.071429,0.071429,0,0,0,0,0,0,0,0,0,0,0,0,0,0.071429,0,0,0,0,0,0,0,0,0.071429,0.071429,0.071429,0,0,0.071429,0.071429,0,0.14286
0,0.095238,0,0.047619,0.047619,0,0,0,0,0,0,0,0.047619,0,0,0.047619,0.047619,0,0,0,0,0,0.047619,0,0.047619,0,0.095238,0,0,0,0,0,0.047619,0,0,0,0,0,0.047619,0.047619,0,0,0,0,0.14286,0,0,0,0,0,0,0,0,0,0,0.047619,0,0,0,0,0,0.047619,0.047619,0.047619
0.03125,0,0,0,0.125,0,0,0.0625,0.03125,0,0,0,0,0.03125,0,0,0,0,0,0,0.03125,0.03125,0,0,0.03125,0,0,0,0.03125,0,0,0,0.03125,0.0625,0,0,0,0.125,0.03125,0.03125,0.03125,0.03125,0,0.03125,0.03125,0.09375,0,0.03125,0,0,0,0,0,0.03125,0,0,0,0,0,0.03125,0,0,0,0
0.071429,0,0,0,0,0,0,0,0,0,0,0,0,0.14286,0.071429,0,0,0,0,0,0,0,0,0,0,0,0,0,0,0,0,0,0,0,0,0.071429,0,0,0,0,0,0,0.071429,0,0,0,0.071429,0.14286,0,0,0.071429,0,0,0,0.071429,0,0,0.071429,0,0,0.071429,0.071429,0,0
0,0,0,0.076923,0,0,0.076923,0,0,0,0,0.076923,0.076923,0,0,0,0,0.076923,0,0,0,0,0,0,0,0,0,0.076923,0,0,0,0,0.076923,0,0,0,0,0,0.076923,0,0,0.076923,0,0,0,0,0,0,0.076923,0,0,0,0,0,0,0,0,0.076923,0.076923,0,0,0.076923,0,0
0,0,0,0,0.041667,0,0,0,0.125,0.041667,0.041667,0.083333,0,0.041667,0,0,0.041667,0,0,0,0,0,0.041667,0,0.041667,0.041667,0,0,0,0,0,0,0.20833,0,0,0,0.041667,0,0,0,0,0,0,0,0,0.041667,0,0,0.041667,0,0.041667,0,0,0,0,0,0.041667,0,0,0,0,0.041667,0,0
0.15385,0,0,0.038462,0.038462,0,0,0,0,0,0,0,0.038462,0,0,0,0.076923,0.038462,0,0,0,0,0,0,0.038462,0,0.038462,0.038462,0,0.038462,0.038462,0,0,0,0,0,0.038462,0,0,0.038462,0.038462,0,0,0,0,0,0,0,0,0,0,0,0.038462,0,0.038462,0,0.038462,0,0,0.076923,0.038462,0,0.076923,0
0.0625,0,0.125,0,0.25,0,0.0625,0,0,0,0,0,0,0,0,0,0.0625,0,0,0,0,0,0,0,0,0.125,0,0.0625,0,0,0,0,0,0,0,0,0.125,0,0,0.0625,0,0,0,0,0.0625,0,0,0,0,0,0,0,0,0,0,0,0,0,0,0,0,0,0,0
0.090909,0,0.090909,0,0,0,0.090909,0,0.090909,0,0,0,0,0.090909,0,0,0,0.090909,0,0,0,0,0,0,0,0.090909,0,0,0,0,0,0,0.090909,0.090909,0,0,0,0,0,0.090909,0,0,0,0,0.090909,0,0,0,0,0,0,0,0,0,0,0,0,0,0,0,0,0,0,0
0.14286,0.14286,0,0,0,0,0,0,0,0,0,0,0,0.071429,0,0,0.14286,0,0,0,0,0,0,0,0,0,0,0,0,0,0,0,0,0,0.071429,0,0,0,0.071429,0,0,0,0,0,0,0,0,0,0.14286,0,0,0,0,0,0.071429,0,0,0,0,0,0,0.071429,0.071429,0
0.125,0.0625,0,0,0,0,0.0625,0,0,0,0,0,0,0,0.0625,0,0,0,0.0625,0,0,0,0,0,0.0625,0,0,0,0,0,0,0,0,0,0,0,0,0,0.0625,0,0.125,0.0625,0,0,0.0625,0,0,0,0.0625,0,0,0,0,0,0,0,0,0.0625,0,0,0,0.0625,0.0625,0
0,0,0,0,0,0,0,0,0,0.033333,0,0,0,0.033333,0,0.033333,0,0,0,0,0,0,0.033333,0.033333,0,0.033333,0,0,0,0.033333,0,0.033333,0,0,0,0,0,0,0.066667,0.033333,0,0,0,0.033333,0,0,0.033333,0.066667,0,0,0,0,0.033333,0,0,0.033333,0,0,0,0,0.033333,0.033333,0.066667,0.3
0,0,0,0,0.076923,0,0.076923,0,0,0.076923,0.076923,0,0,0,0,0.076923,0.076923,0,0,0,0,0,0,0,0,0,0,0,0,0,0,0,0.076923,0,0,0,0,0,0,0,0,0,0,0,0,0,0,0,0.076923,0.15385,0,0,0,0,0,0,0,0,0,0,0.076923,0,0.076923,0.076923
0.081081,0.054054,0,0.081081,0.054054,0,0,0,0,0.027027,0.027027,0,0.054054,0.027027,0,0.054054,0.081081,0,0.027027,0,0.054054,0,0,0,0.054054,0,0,0,0,0,0,0,0.027027,0,0,0,0,0.027027,0.027027,0,0.027027,0,0,0,0,0,0,0,0.054054,0,0,0,0.027027,0,0.027027,0.027027,0,0,0,0,0,0,0.054054,0.027027
0,0,0.043478,0,0,0,0,0,0,0,0,0,0.043478,0,0,0.043478,0,0,0,0,0,0,0,0,0,0,0,0,0,0,0,0,0,0,0,0.086957,0.086957,0.043478,0,0,0,0.043478,0,0,0.043478,0,0,0,0,0.043478,0,0.086957,0.043478,0,0,0,0,0,0,0.043478,0.086957,0.043478,0.043478,0.17391
0,0,0.022222,0.022222,0,0,0.022222,0.022222,0.022222,0.044444,0.044444,0,0,0.11111,0.022222,0,0.11111,0.022222,0.088889,0,0.044444,0,0,0,0.044444,0,0,0.022222,0,0,0.022222,0,0,0,0,0,0,0.022222,0.022222,0.022222,0.022222,0,0,0,0.022222,0.022222,0.022222,0.022222,0.044444,0,0,0,0.022222,0,0,0,0.022222,0,0,0.022222,0,0.022222,0,0
0.17647,0,0,0,0.058824,0,0,0,0,0,0,0,0,0.058824,0,0,0,0,0,0,0,0,0,0,0.058824,0,0,0,0,0.058824,0,0,0.11765,0,0,0,0,0,0.058824,0,0,0.058824,0,0.058824,0.058824,0,0,0,0,0,0,0.058824,0.11765,0,0,0,0,0,0,0.058824,0,0,0,0
0,0,0,0,0.11111,0,0.11111,0,0,0,0.055556,0,0,0,0,0.055556,0,0.16667,0.11111,0,0,0.055556,0,0,0,0,0,0,0,0,0,0,0,0,0,0,0.11111,0,0.055556,0,0.055556,0,0,0,0,0,0,0,0,0.055556,0,0,0,0,0,0,0,0.055556,0,0,0,0,0,0
0.052632,0,0,0,0.052632,0,0,0,0,0.10526,0,0.052632,0,0,0,0,0.052632,0,0.10526,0,0,0,0.052632,0,0,0,0,0,0,0.052632,0,0,0,0.052632,0,0,0.052632,0.052632,0,0,0,0,0,0,0,0.052632,0,0.052632,0,0,0,0,0,0,0,0,0.10526,0.052632,0,0,0,0.052632,0,0
0.076923,0.076923,0,0.076923,0,0,0,0,0,0,0,0,0,0.076923,0,0,0.076923,0,0,0,0,0,0,0,0,0,0,0,0,0,0.076923,0,0,0,0,0,0,0,0,0,0,0,0,0,0.076923,0.076923,0,0,0,0,0.076923,0,0.076923,0,0.15385,0.076923,0,0,0,0,0,0,0,0
0,0.041667,0.041667,0.083333,0.041667,0,0,0,0,0,0,0,0,0.041667,0,0,0,0,0,0,0.041667,0,0,0.041667,0,0.041667,0,0,0,0,0.041667,0,0,0,0,0.041667,0.041667,0,0,0.083333,0,0,0,0,0,0,0,0,0,0,0.041667,0,0.041667,0.083333,0,0.041667,0,0.041667,0.041667,0,0.041667,0.041667,0.041667,0
0.083333,0,0,0,0.083333,0.083333,0,0,0,0,0,0,0.083333,0,0,0,0.083333,0,0,0,0,0.083333,0,0,0,0,0,0,0,0,0,0,0.083333,0,0.083333,0,0,0,0,0,0.16667,0,0,0,0,0,0,0,0,0,0,0,0,0,0,0.083333,0,0,0,0,0.083333,0,0,0
0,0,0,0,0,0,0,0.055556,0,0,0,0,0.11111,0,0,0,0.16667,0,0.055556,0.055556,0,0,0,0,0,0,0,0,0,0.055556,0,0,0,0,0,0,0,0,0,0.055556,0,0,0,0,0,0.055556,0.055556,0,0,0,0.055556,0,0,0,0,0.11111,0,0.055556,0,0,0,0,0,0.11111
0.052632,0.052632,0.052632,0,0,0,0.052632,0,0,0.052632,0.052632,0,0,0,0,0,0,0,0,0,0,0,0,0.052632,0,0.052632,0,0.052632,0,0.052632,0.052632,0,0,0.052632,0,0,0,0.052632,0.052632,0,0.10526,0,0.052632,0,0,0,0,0,0,0,0,0,0,0,0,0,0,0,0.052632,0.052632,0,0,0,0
0.086957,0.043478,0,0.043478,0.043478,0,0,0.043478,0,0,0,0.043478,0,0,0,0,0.043478,0.086957,0,0,0.043478,0,0,0,0,0,0,0,0,0,0,0.043478,0,0,0,0,0.043478,0,0,0.043478,0.043478,0.043478,0,0.043478,0,0,0,0,0,0,0,0.043478,0.086957,0.043478,0,0.043478,0,0,0,0,0,0,0,0.043478
0.04,0.16,0,0.04,0.08,0,0.04,0,0,0.04,0,0,0.08,0,0,0.04,0.16,0,0,0,0,0,0,0,0.04,0,0,0,0,0,0,0,0,0,0,0,0.08,0,0,0,0,0,0,0,0,0,0,0,0,0,0,0,0.08,0,0,0,0,0,0,0.08,0,0.04,0,0
0.046875,0,0.03125,0.03125,0.015625,0,0,0,0.03125,0.015625,0,0,0,0.015625,0,0,0.03125,0.0625,0.09375,0,0.046875,0,0,0.015625,0.015625,0,0.015625,0,0.015625,0,0,0,0.03125,0,0.078125,0.046875,0.015625,0,0.046875,0,0.0625,0,0,0.03125,0,0.015625,0,0,0.015625,0.03125,0.03125,0.015625,0.015625,0,0.015625,0.015625,0.015625,0,0,0,0,0,0.015625,0.015625
0.05,0.05,0,0,0,0,0.05,0,0.1,0,0,0,0.05,0.05,0,0,0,0,0,0,0,0,0,0,0.1,0.05,0,0.05,0,0.05,0,0,0,0,0,0,0,0,0.05,0,0,0,0,0,0.05,0,0.05,0.05,0,0,0,0.05,0,0,0.1,0,0,0,0,0.05,0,0,0,0
0.04,0,0,0.12,0.04,0.04,0.04,0,0,0,0,0,0,0.04,0,0.04,0,0.04,0,0,0.04,0.04,0.04,0,0,0,0,0.04,0,0,0.04,0,0,0,0,0,0,0,0,0,0,0,0,0,0,0,0.08,0.04,0,0,0,0,0.04,0.08,0,0,0,0,0,0.04,0,0,0.08,0.04
0,0,0,0,0,0,0.090909,0,0,0,0,0.090909,0,0,0.090909,0,0,0,0.090909,0,0,0,0,0,0.090909,0,0,0,0,0,0.090909,0,0,0.090909,0,0.090909,0,0,0,0,0,0,0.090909,0,0,0,0,0,0,0,0,0,0,0,0,0,0,0,0,0,0,0,0.18182,0
0,0,0,0,0,0.05,0,0,0,0,0,0.1,0,0.1,0,0,0,0,0,0.05,0,0,0.05,0.1,0.05,0,0,0,0,0,0,0,0,0,0,0,0.05,0.05,0.1,0,0,0.05,0,0,0.05,0,0,0.05,0,0,0,0.05,0,0.05,0,0,0,0.05,0,0,0,0,0,0
0.045455,0,0,0.045455,0,0,0,0,0,0.13636,0,0,0,0.045455,0,0.090909,0.045455,0,0.045455,0,0,0,0,0,0,0,0,0.045455,0,0,0,0,0.045455,0,0,0,0.090909,0,0.045455,0,0,0.045455,0,0,0,0.045455,0.045455,0,0.090909,0,0,0,0,0,0,0,0.045455,0,0,0,0,0,0.045455,0
0.043478,0.086957,0,0,0.086957,0.043478,0.043478,0,0,0,0.043478,0.043478,0,0.043478,0.043478,0,0,0.086957,0,0,0.043478,0.043478,0,0,0.043478,0,0,0,0,0,0,0.043478,0.043478,0,0,0,0.043478,0,0,0,0,0,0.043478,0,0,0,0,0,0,0,0,0,0.043478,0.043478,0,0,0,0,0,0,0,0.043478,0,0
0,0,0.058824,0,0.058824,0,0,0,0,0,0,0,0,0.058824,0,0.17647,0,0,0,0,0,0,0,0,0,0,0,0,0.058824,0,0,0,0.058824,0,0,0,0,0,0,0,0,0,0,0,0.058824,0,0,0,0,0,0,0.058824,0,0,0.11765,0,0,0,0,0,0.058824,0,0.11765,0.11765
0.076923,0.076923,0,0,0.076923,0,0.076923,0,0,0,0,0,0,0,0,0,0,0,0,0,0,0,0,0,0,0,0,0,0,0,0,0,0.076923,0,0,0,0.076923,0,0,0,0.076923,0.076923,0,0,0,0,0,0.076923,0.23077,0,0,0.076923,0,0,0,0,0,0,0,0,0,0,0,0
0.086957,0.043478,0,0,0,0.043478,0,0,0.043478,0,0,0,0.13043,0.043478,0,0.043478,0.043478,0,0.043478,0,0,0,0.043478,0,0,0,0.043478,0,0.043478,0,0,0,0,0.086957,0,0.043478,0.043478,0,0,0,0.043478,0,0.043478,0,0,0,0,0,0.043478,0,0.043478,0,0,0,0,0,0,0,0,0,0,0,0,0
0,0,0,0,0,0.066667,0,0,0,0,0,0,0,0,0,0,0,0,0,0,0,0,0,0,0,0,0,0.13333,0,0,0,0,0,0,0,0,0.13333,0,0.066667,0,0,0,0,0,0,0,0.26667,0,0,0,0,0,0,0,0,0,0,0,0,0.2,0,0,0.066667,0.066667
0,0,0,0,0,0,0,0,0,0,0,0,0.058824,0,0,0,0,0,0.058824,0,0.058824,0,0,0,0.11765,0,0,0,0,0.058824,0,0,0.058824,0.058824,0,0,0,0.058824,0,0,0,0.11765,0,0,0,0,0,0,0,0.058824,0,0,0,0.058824,0.058824,0,0,0.11765,0,0,0,0,0.058824,0
0,0,0,0,0,0,0,0,0,0.071429,0,0.035714,0,0,0,0,0,0.035714,0,0,0,0,0.071429,0.071429,0.035714,0.035714,0,0.071429,0,0,0,0,0,0,0,0,0.035714,0,0,0,0.071429,0,0.035714,0.035714,0,0,0.17857,0.035714,0,0.035714,0,0,0,0.035714,0,0.035714,0,0.035714,0,0,0,0,0,0.035714
0,0,0,0.1,0,0,0,0,0,0,0,0,0.05,0,0,0,0.05,0,0,0,0,0,0,0,0.05,0,0,0,0,0,0,0.05,0.05,0,0,0,0,0,0.05,0.1,0,0,0,0,0.05,0.1,0,0.1,0,0,0,0.05,0.05,0,0,0,0,0,0,0,0.1,0,0,0.05
0,0,0,0,0,0,0.029412,0.029412,0,0.029412,0,0,0.058824,0,0.029412,0,0.029412,0,0,0,0,0.058824,0,0,0,0.029412,0.029412,0.029412,0.029412,0,0.029412,0.029412,0,0.029412,0,0.029412,0.029412,0.029412,0.029412,0,0.029412,0,0,0.029412,0,0,0.029412,0,0.058824,0,0.029412,0.029412,0,0,0,0.029412,0,0,0,0.029412,0.029412,0.029412,0.058824,0.029412
0,0,0,0.2,0,0,0,0,0,0,0,0,0.1,0,0,0,0,0,0,0.1,0,0,0,0,0,0,0,0,0,0,0,0,0.1,0,0,0,0,0,0,0,0,0,0,0,0,0,0,0,0,0,0.1,0,0,0,0,0,0,0,0.1,0.1,0,0,0.1,0.1
0,0,0,0,0.066667,0,0.066667,0.13333,0,0,0,0,0,0,0,0,0,0.066667,0,0,0,0,0,0,0,0,0,0,0,0.066667,0.066667,0.066667,0,0,0,0,0.066667,0,0,0,0,0,0,0,0,0,0,0,0,0,0,0.066667,0,0.066667,0,0,0,0,0,0,0.066667,0.066667,0.066667,0.066667
0,0,0.071429,0.071429,0,0,0,0,0,0,0,0,0,0,0.071429,0,0.071429,0,0,0,0,0,0,0,0.071429,0,0.14286,0,0,0,0,0,0,0,0,0,0,0,0.071429,0,0,0,0,0,0,0,0.071429,0,0,0.14286,0,0,0,0,0,0,0,0,0.071429,0.071429,0,0,0.071429,0
0,0,0,0,0,0,0,0,0,0,0,0,0.11111,0,0,0,0,0,0,0,0,0,0.11111,0,0,0,0,0,0.22222,0.11111,0,0,0,0.11111,0,0,0,0,0,0,0,0,0,0,0,0,0,0,0,0,0,0,0.11111,0,0.11111,0,0,0,0.11111,0,0,0,0,0
0,0,0.037037,0,0,0.037037,0,0,0,0,0,0,0,0,0,0,0,0,0.037037,0,0.074074,0.037037,0,0,0,0,0,0,0,0,0.14815,0.074074,0,0,0.037037,0.037037,0,0.037037,0,0.037037,0.037037,0.074074,0,0,0,0.037037,0,0,0,0,0,0,0,0.074074,0.037037,0,0,0,0.074074,0,0,0,0.037037,0.037037
0,0,0,0,0,0,0,0.076923,0,0,0,0,0,0,0,0.15385,0,0,0.076923,0,0,0,0,0,0,0,0,0,0,0,0,0,0,0,0,0,0,0,0,0,0,0,0,0,0,0,0,0,0.15385,0,0,0.076923,0,0,0,0,0,0,0,0.076923,0.15385,0,0.15385,0.076923
0.032258,0,0,0.032258,0,0.064516,0,0,0,0.032258,0,0,0,0.032258,0,0.096774,0,0.032258,0,0.032258,0.064516,0,0,0.032258,0.032258,0,0.032258,0,0,0,0.032258,0.096774,0,0,0,0,0,0,0.064516,0.032258,0,0,0.032258,0,0,0.032258,0,0,0.032258,0,0,0.032258,0,0,0,0,0.032258,0.032258,0.032258,0,0,0.032258,0,0
0,0.036364,0,0.036364,0.018182,0.018182,0.018182,0,0,0.018182,0,0,0.018182,0,0,0.054545,0.018182,0.018182,0.018182,0.018182,0.018182,0.018182,0.054545,0.018182,0,0,0,0,0.036364,0,0.018182,0,0.018182,0.018182,0,0.054545,0.018182,0.018182,0.036364,0,0.018182,0.036364,0.018182,0,0,0,0.018182,0.018182,0,0.018182,0.018182,0.018182,0.018182,0.018182,0,0.036364,0.018182,0.018182,0.018182,0.036364,0.018182,0,0.036364,0
0.11765,0,0.11765,0,0,0.11765,0,0,0,0.058824,0,0,0.058824,0,0,0,0,0,0.058824,0,0,0.058824,0.058824,0,0,0.058824,0,0,0,0,0,0,0,0,0,0,0.11765,0.058824,0,0,0,0,0.058824,0,0,0,0,0,0,0,0,0,0.058824,0,0,0,0,0,0,0,0,0,0,0
0.125,0,0,0,0.0625,0,0,0,0,0,0,0,0,0,0,0,0.0625,0,0.0625,0,0.0625,0.0625,0,0,0.0625,0,0,0.0625,0,0,0,0,0,0,0,0,0.0625,0,0,0,0,0,0,0,0,0,0,0.0625,0,0,0.0625,0,0,0,0,0,0.0625,0,0,0,0,0,0,0.1875
0.058824,0.029412,0,0,0,0.029412,0,0.029412,0,0,0,0,0.058824,0.058824,0.029412,0,0.029412,0,0.029412,0.058824,0,0,0,0,0,0,0,0.058824,0,0,0,0,0,0,0,0,0,0,0,0,0,0,0.029412,0,0.029412,0,0,0,0,0,0,0.029412,0,0,0,0.029412,0.029412,0,0,0.029412,0.11765,0,0.029412,0.20588
0,0,0,0,0,0,0,0,0.11111,0,0,0.055556,0,0,0.055556,0,0,0,0,0.055556,0.11111,0,0.055556,0,0.055556,0,0,0,0,0,0,0,0,0,0.055556,0,0,0,0.055556,0,0,0,0,0,0,0,0,0.055556,0,0.055556,0.055556,0,0,0,0,0,0,0.055556,0.11111,0,0,0,0.055556,0
0,0,0,0,0,0,0,0,0,0,0,0,0.047619,0.14286,0,0.047619,0,0,0,0.047619,0,0,0,0,0.047619,0,0,0.047619,0,0,0,0,0,0.047619,0,0,0.047619,0.047619,0,0,0.047619,0,0,0,0,0,0,0.047619,0,0,0,0,0.047619,0,0,0.2381,0,0,0,0,0.047619,0,0.047619,0
0,0,0,0.125,0.125,0,0.125,0,0,0,0,0,0,0,0,0,0,0,0,0,0,0,0.125,0,0.125,0,0,0,0,0,0,0,0,0,0.125,0,0,0.125,0,0,0,0,0,0,0.125,0,0,0,0,0,0,0,0,0,0,0,0,0,0,0,0,0,0,0
0.086957,0,0.086957,0.043478,0.086957,0,0,0,0.043478,0,0,0,0,0,0,0,0,0,0.043478,0,0,0,0,0,0,0,0,0,0,0,0,0.043478,0.086957,0,0,0,0.043478,0,0,0.043478,0.043478,0,0,0,0,0,0.043478,0,0,0.043478,0,0,0,0,0.043478,0,0.086957,0.043478,0,0,0,0.043478,0.043478,0
0,0,0,0,0.076923,0,0,0,0.076923,0.23077,0,0,0,0,0,0,0,0,0,0,0,0.076923,0,0,0,0,0,0,0,0,0,0,0,0,0.076923,0,0,0,0,0,0.076923,0,0.15385,0,0,0,0,0,0,0,0,0,0,0,0.076923,0,0,0,0.076923,0,0.076923,0,0,0
0.076923,0.076923,0,0,0,0,0,0,0.076923,0.076923,0,0,0,0,0,0,0,0.076923,0,0,0,0,0,0,0,0.076923,0.076923,0,0,0,0,0,0.076923,0,0,0,0,0,0.076923,0,0,0,0,0,0,0,0.15385,0,0.076923,0,0,0,0,0,0,0,0.076923,0,0,0,0,0,0,0
0,0,0,0,0.076923,0,0,0.076923,0,0,0,0,0,0,0,0,0,0.076923,0.076923,0.076923,0,0,0,0.076923,0.076923,0,0,0,0.076923,0,0,0,0,0,0,0,0,0,0,0,0.076923,0,0,0,0,0,0,0,0,0,0,0,0,0.076923,0,0,0,0,0,0,0,0,0.15385,0.076923
0,0,0,0,0,0,0,0.083333,0,0,0,0,0.083333,0.083333,0,0.083333,0,0,0,0,0,0,0.083333,0.16667,0,0.083333,0,0.16667,0,0,0,0,0,0,0,0,0,0,0,0,0,0,0,0,0,0,0,0,0,0.083333,0,0,0,0,0,0,0.083333,0,0,0,0,0,0,0
0.037037,0.074074,0,0.074074,0.037037,0,0,0,0,0,0,0,0,0,0,0,0.074074,0,0,0.074074,0,0,0,0,0.037037,0,0,0.037037,0,0,0.037037,0,0,0,0.037037,0,0.037037,0.037037,0.037037,0,0,0,0,0.037037,0,0.037037,0.037037,0,0.037037,0,0,0,0,0,0,0,0.037037,0,0,0.074074,0,0.074074,0.037037,0
0,0.038462,0.038462,0,0,0.038462,0.076923,0,0,0,0,0.038462,0.076923,0,0,0,0,0.038462,0,0,0,0.038462,0,0,0,0,0,0,0,0,0,0,0.038462,0.038462,0.038462,0,0,0,0,0,0.038462,0.038462,0.038462,0,0.076923,0,0.038462,0.038462,0,0,0.038462,0,0.076923,0,0.038462,0,0,0,0,0.038462,0,0,0.038462,0
0,0,0,0,0.076923,0,0.076923,0.076923,0,0,0,0,0,0,0,0,0,0.15385,0,0.076923,0,0.076923,0,0,0,0,0,0,0,0.076923,0,0,0,0,0,0,0,0,0.076923,0,0,0,0,0,0,0.076923,0,0,0,0,0,0.076923,0,0.076923,0,0,0,0,0,0,0,0,0,0.076923
0,0,0,0.083333,0,0,0.16667,0,0,0,0,0,0,0,0,0,0,0,0,0,0,0,0,0,0,0,0,0,0,0.083333,0,0,0,0,0,0.083333,0,0,0.16667,0.16667,0,0,0,0,0,0.083333,0,0,0,0,0,0,0.083333,0.083333,0,0,0,0,0,0,0,0,0,0
0.05,0,0.05,0,0,0,0,0,0.05,0.1,0,0,0,0,0,0,0.05,0,0,0,0,0,0,0,0.05,0,0.05,0,0,0,0.05,0,0.05,0,0,0,0.05,0,0,0,0.05,0.05,0,0,0,0,0.05,0,0,0,0,0,0,0,0,0,0,0,0,0,0,0,0.05,0.25
0.04,0.02,0,0.04,0,0,0,0.02,0,0,0,0.02,0,0,0,0.02,0.06,0,0.06,0.02,0,0,0,0.02,0.02,0,0.02,0.02,0,0,0.06,0.02,0.02,0,0,0,0.08,0,0.02,0,0,0.02,0,0,0,0,0.04,0.02,0.04,0.02,0,0,0,0.02,0,0,0,0.02,0.04,0.02,0,0,0.04,0.14
0.076923,0,0,0,0,0,0,0,0,0,0,0,0,0,0.15385,0,0,0,0,0,0,0,0,0,0,0,0,0,0,0,0.15385,0,0,0,0,0,0.076923,0,0,0.15385,0,0,0,0,0,0,0,0.076923,0.076923,0.076923,0,0,0,0,0,0,0,0.076923,0,0.076923,0,0,0,0
0,0,0,0.27273,0.090909,0,0,0,0,0,0,0,0.090909,0,0,0,0,0,0,0,0,0,0,0,0,0,0.090909,0,0,0.090909,0,0,0,0,0,0,0,0,0,0,0,0,0,0,0,0,0,0,0,0,0.090909,0,0,0.090909,0.090909,0,0,0,0,0,0.090909,0,0,0
0.055556,0,0.055556,0,0,0,0.055556,0.055556,0,0.055556,0,0,0.055556,0,0,0,0,0,0,0,0,0,0,0.055556,0,0,0,0.055556,0,0,0,0,0,0,0,0,0,0,0,0,0.22222,0,0.055556,0,0,0,0,0,0,0,0,0,0.11111,0,0.055556,0,0,0,0,0,0,0,0.055556,0.055556
0.15,0.125,0,0,0,0,0,0,0,0.075,0,0,0,0,0,0,0.15,0.025,0.2,0.05,0,0.025,0.025,0,0.025,0.025,0.025,0.025,0,0,0,0,0,0,0,0,0,0.025,0,0,0,0.025,0,0,0,0,0,0,0,0,0.025,0,0,0,0,0,0,0,0,0,0,0,0,0
0.19048,0.047619,0,0,0,0,0,0,0,0,0,0,0.095238,0,0,0.047619,0.047619,0,0,0,0,0,0,0.047619,0,0,0,0,0.047619,0,0,0,0,0,0,0,0,0.095238,0,0,0,0,0,0,0,0,0.047619,0,0.047619,0,0,0.19048,0.095238,0,0,0,0,0,0,0,0,0,0,0
0.058824,0,0,0,0.058824,0,0,0,0.029412,0,0,0,0,0.11765,0,0,0.029412,0.029412,0,0.058824,0,0.029412,0.029412,0,0.058824,0,0,0,0,0.029412,0,0,0,0.029412,0,0.058824,0,0.029412,0,0.029412,0,0,0,0.029412,0,0.029412,0,0.029412,0.029412,0.029412,0.058824,0.029412,0.029412,0,0.029412,0,0,0.029412,0,0,0,0,0,0
0.13043,0.13043,0.043478,0.043478,0,0.043478,0,0,0,0,0,0,0.043478,0.086957,0.043478,0,0,0,0,0,0,0.043478,0,0,0.043478,0,0,0,0.043478,0,0,0,0,0,0,0,0.043478,0,0,0,0.043478,0,0,0,0,0,0.043478,0,0.043478,0,0,0.043478,0,0,0.043478,0,0,0.043478,0,0,0,0,0,0
0.034483,0.034483,0.068966,0,0.034483,0,0,0,0,0,0.034483,0.034483,0.034483,0.034483,0,0.068966,0.068966,0.034483,0,0.034483,0,0,0,0,0.034483,0,0,0,0,0,0,0.068966,0,0,0,0.034483,0,0,0,0,0.034483,0,0,0,0,0.034483,0.034483,0,0,0,0,0,0.034483,0,0,0.068966,0,0,0,0,0.10345,0.034483,0,0
0,0,0,0,0,0,0,0,0.038462,0,0,0.076923,0,0,0,0,0.038462,0,0,0,0.11538,0.076923,0.076923,0.038462,0,0.076923,0,0,0,0.038462,0,0.038462,0,0,0,0.038462,0.038462,0.11538,0,0.038462,0,0,0,0,0,0.076923,0,0,0,0,0,0,0,0,0.038462,0,0,0,0,0.038462,0,0,0,0
0,0.037037,0,0.037037,0,0.037037,0,0,0,0,0,0.037037,0.037037,0.074074,0.074074,0.037037,0.11111,0,0,0.037037,0.037037,0,0,0,0.037037,0,0,0,0,0,0,0,0,0,0,0,0,0,0,0.037037,0,0,0,0,0,0.037037,0,0,0.074074,0,0,0,0.074074,0,0.037037,0,0,0,0.037037,0.037037,0,0,0,0.074074
0.034483,0,0,0.034483,0.068966,0.10345,0.034483,0,0.034483,0,0,0,0.068966,0,0,0,0.068966,0.10345,0,0,0,0,0.034483,0,0,0,0,0,0,0,0,0.068966,0,0,0.10345,0,0.034483,0,0,0,0,0,0,0,0.034483,0,0,0,0,0,0.034483,0,0,0,0.034483,0,0,0.034483,0,0,0.034483,0,0,0.034483
0,0,0,0.076923,0,0,0,0,0,0,0,0.076923,0,0,0,0.23077,0,0.15385,0,0,0,0,0,0,0,0,0,0,0,0,0.076923,0,0,0,0,0,0,0.076923,0,0,0,0,0,0,0,0,0,0,0,0,0,0,0,0,0.076923,0,0,0,0.076923,0,0.076923,0,0,0.076923
0.11111,0,0,0,0,0,0.055556,0,0.11111,0.055556,0,0.055556,0,0.055556,0,0,0.055556,0,0.055556,0,0,0,0.055556,0,0.055556,0,0,0,0,0,0,0,0,0,0,0,0,0,0,0,0,0,0,0,0,0,0.055556,0,0.055556,0,0,0.055556,0,0,0,0,0,0,0.055556,0,0.055556,0,0,0.055556
0.1,0.033333,0,0,0.033333,0,0.066667,0.033333,0.1,0,0,0,0.033333,0,0,0.033333,0.066667,0,0,0,0,0,0,0,0,0.033333,0,0.066667,0,0,0,0,0,0,0,0,0.033333,0,0,0,0,0,0,0,0,0,0.13333,0,0.033333,0.033333,0.033333,0.033333,0.033333,0,0,0,0,0.033333,0,0.033333,0,0,0,0
0,0,0,0,0,0,0,0,0,0,0,0,0.1,0.1,0,0,0,0,0,0,0,0,0,0,0.1,0.1,0,0,0,0,0,0,0,0,0,0,0.1,0,0.1,0,0,0,0,0.1,0,0,0,0,0.1,0,0.1,0.1,0,0,0,0,0,0,0,0,0,0,0,0
0.18182,0.090909,0,0.045455,0,0,0,0,0,0,0,0,0,0.045455,0,0.090909,0.045455,0,0,0.045455,0,0,0,0,0,0,0,0,0.045455,0,0,0,0.045455,0,0,0,0.045455,0,0,0,0,0,0,0,0.045455,0,0,0.045455,0.090909,0,0,0,0,0,0,0,0.045455,0,0,0,0,0.090909,0,0
0,0,0,0,0,0.052632,0,0.052632,0,0,0,0.10526,0,0,0,0,0,0,0.052632,0.052632,0.10526,0,0,0,0,0,0,0,0,0.052632,0,0,0,0.052632,0,0.052632,0,0,0,0,0,0,0,0,0,0,0,0,0,0,0,0,0.052632,0.10526,0.052632,0,0,0,0,0,0,0.10526,0,0.10526
0.026316,0.026316,0,0.052632,0,0.026316,0,0,0.026316,0,0,0.026316,0,0.026316,0,0.052632,0.026316,0,0.026316,0,0.052632,0,0,0.026316,0,0.026316,0,0.026316,0,0,0.026316,0,0.026316,0,0,0,0,0.052632,0,0,0.026316,0,0,0,0,0,0,0.078947,0.052632,0.026316,0,0,0,0.052632,0.052632,0,0,0,0.026316,0.026316,0,0,0.10526,0
0,0,0,0,0,0,0,0,0,0,0.071429,0,0,0,0,0,0,0,0,0.071429,0,0,0,0,0.071429,0,0.071429,0,0.071429,0.071429,0,0.071429,0,0,0,0,0,0,0,0.071429,0,0.071429,0,0,0,0,0,0,0.071429,0,0,0,0.071429,0,0,0,0,0,0,0.21429,0,0,0,0
0.090909,0,0,0.090909,0,0,0,0.090909,0,0,0,0,0,0,0,0,0.090909,0,0,0,0,0,0,0,0,0,0,0.090909,0,0,0,0,0,0,0,0,0.090909,0,0,0,0,0,0,0,0.090909,0,0,0.090909,0.090909,0,0,0,0,0,0,0.090909,0,0,0,0,0,0,0,0.090909
0.055556,0.013889,0.013889,0.027778,0.013889,0,0,0,0.013889,0.041667,0,0,0.055556,0,0.013889,0.041667,0.041667,0.027778,0.013889,0.013889,0.013889,0.013889,0,0,0,0.013889,0.027778,0.027778,0,0.013889,0,0.013889,0,0,0.013889,0,0.069444,0.013889,0.055556,0.013889,0.027778,0.013889,0,0,0.013889,0,0.027778,0,0.013889,0,0.027778,0.013889,0,0.013889,0.013889,0.013889,0.013889,0.027778,0.013889,0.013889,0.013889,0.013889,0.027778,0.013889
0.11538,0,0.076923,0.038462,0.038462,0,0.038462,0,0.11538,0,0.038462,0,0.038462,0,0.038462,0,0,0.038462,0,0,0,0,0,0,0,0,0,0,0,0,0,0,0.076923,0,0.038462,0,0.038462,0,0.038462,0,0,0,0,0,0,0.038462,0.038462,0,0.038462,0.038462,0,0,0.038462,0,0,0,0,0,0,0.038462,0,0,0,0
0,0,0,0.035714,0,0,0,0,0,0.035714,0,0.035714,0.035714,0.035714,0,0,0.035714,0,0,0,0,0,0.035714,0.035714,0,0,0,0,0,0.035714,0,0,0,0.035714,0,0.035714,0,0.071429,0,0.10714,0,0,0,0.035714,0.071429,0.035714,0,0.071429,0,0.035714,0,0.10714,0,0,0,0,0,0.035714,0,0,0,0,0,0.035714
0.13514,0.027027,0,0.027027,0.054054,0,0.027027,0.027027,0,0,0,0,0,0.054054,0,0.027027,0.054054,0.027027,0,0,0.027027,0.027027,0,0,0.027027,0,0,0,0,0,0.054054,0.054054,0,0,0,0,0,0,0,0,0,0,0,0,0,0,0.027027,0,0.081081,0.027027,0.027027,0,0,0.027027,0,0,0.054054,0,0,0,0.081081,0,0,0.027027
0.055556,0,0.055556,0,0,0,0.027778,0,0.055556,0,0.055556,0,0,0,0,0,0.027778,0,0.027778,0,0.027778,0.027778,0,0.027778,0,0.027778,0.055556,0,0,0,0.027778,0.027778,0,0,0.027778,0,0,0,0.083333,0,0,0,0,0.027778,0,0.027778,0.083333,0.027778,0.027778,0.027778,0,0,0,0,0,0,0,0.055556,0,0,0.027778,0,0.027778,0.027778
0,0,0,0,0.066667,0,0.066667,0,0.066667,0,0.066667,0,0,0.13333,0.066667,0,0,0,0,0,0,0,0,0,0,0,0.066667,0,0,0,0,0.066667,0,0,0,0,0.066667,0,0,0,0.066667,0,0,0,0,0,0,0,0,0,0,0,0.066667,0,0,0,0.13333,0.066667,0,0,0,0,0,0
0,0.026316,0.026316,0.052632,0.078947,0,0.052632,0,0.026316,0,0,0,0.052632,0,0,0.026316,0.026316,0.078947,0.052632,0.026316,0.026316,0,0,0.026316,0.052632,0,0,0.026316,0,0,0,0,0,0,0.026316,0,0.026316,0.026316,0,0,0.026316,0,0,0,0,0,0.026316,0,0,0,0,0.026316,0.052632,0.026316,0.026316,0,0,0.026316,0,0.026316,0,0,0.026316,0
0.05,0,0.125,0,0.025,0,0,0,0.05,0.05,0,0,0,0.05,0,0,0.1,0.025,0.025,0,0,0,0,0,0.025,0.025,0.1,0,0,0,0,0,0.1,0.025,0.025,0,0,0,0,0.05,0.025,0,0.025,0,0.025,0,0.025,0,0.025,0,0,0,0,0,0,0,0,0,0,0,0,0,0,0.025
0,0,0,0,0,0.047619,0,0.047619,0,0,0,0,0,0,0.047619,0.047619,0,0,0,0,0,0,0,0,0,0,0,0,0,0,0,0,0,0.047619,0,0,0.047619,0,0,0.047619,0.047619,0,0,0,0.047619,0,0.047619,0.047619,0,0,0.047619,0,0,0.095238,0,0,0,0,0,0.047619,0.047619,0.047619,0.047619,0.14286
0.041667,0.041667,0,0,0,0,0,0,0.041667,0,0,0,0,0.041667,0,0.083333,0.125,0,0,0,0.041667,0,0.041667,0,0,0.041667,0,0.041667,0,0,0,0,0.041667,0.041667,0,0,0.041667,0,0,0,0,0.041667,0,0.041667,0,0,0,0.041667,0,0,0.041667,0.041667,0,0.041667,0,0.041667,0,0,0,0.041667,0,0,0,0
0,0,0,0,0,0.037037,0.074074,0,0.074074,0.037037,0,0,0,0.037037,0.037037,0.037037,0.037037,0.037037,0.037037,0.074074,0,0.037037,0,0,0,0,0.037037,0,0,0,0,0,0,0,0.037037,0.037037,0.074074,0,0,0,0,0,0,0,0,0,0,0,0,0,0,0,0,0.037037,0,0,0,0.074074,0.037037,0,0,0.037037,0.037037,0.037037
0.0625,0.0625,0,0,0.1875,0,0,0,0,0,0,0,0,0,0,0.0625,0.0625,0,0,0,0,0.0625,0,0.0625,0,0,0,0,0,0,0,0,0,0,0.0625,0,0,0.0625,0.0625,0,0,0,0,0,0,0,0,0,0.0625,0,0,0,0,0,0,0,0,0.0625,0,0.0625,0,0,0.0625,0
0,0,0,0.045455,0,0,0,0,0,0,0,0.045455,0,0,0,0,0,0.090909,0,0,0,0,0,0,0,0.045455,0,0,0.045455,0,0,0,0.045455,0,0,0,0.045455,0,0.090909,0,0,0.045455,0.045455,0,0,0.045455,0,0.045455,0.045455,0,0,0,0,0.090909,0,0,0,0,0.045455,0,0,0.090909,0.045455,0.045455
0.038462,0.038462,0,0,0.076923,0,0.038462,0,0,0.038462,0,0,0,0,0.038462,0,0.038462,0.076923,0.038462,0,0,0,0,0,0.038462,0,0.076923,0.076923,0,0,0,0.038462,0,0,0,0,0,0,0.076923,0,0,0.038462,0,0,0,0,0,0,0,0,0,0,0,0,0,0,0.038462,0,0.038462,0,0.038462,0,0.11538,0
0.21053,0,0.052632,0,0,0,0,0,0,0,0,0,0,0.15789,0,0,0,0,0,0,0,0,0,0,0.052632,0,0,0,0,0.052632,0,0,0.052632,0,0,0,0.052632,0,0,0,0,0.052632,0,0,0.10526,0,0,0,0,0,0,0,0,0,0,0,0,0.052632,0,0.052632,0,0,0.10526,0
0.16667,0,0.083333,0,0,0,0,0,0,0,0,0,0,0,0,0,0,0,0,0,0,0,0,0,0,0.083333,0,0,0,0,0,0,0.083333,0,0,0,0,0.083333,0.083333,0,0,0.083333,0,0,0,0,0,0,0,0,0,0,0.083333,0,0,0,0.083333,0,0.083333,0,0,0,0.083333,0
0,0.058824,0,0,0,0,0,0,0,0,0,0,0,0,0,0,0.23529,0,0.11765,0,0,0,0,0,0,0,0.058824,0,0.058824,0,0,0,0,0.11765,0.058824,0.058824,0,0,0,0,0,0,0,0,0,0,0,0,0,0,0,0.058824,0,0,0,0,0,0,0.058824,0,0.058824,0.058824,0,0
0,0,0.028571,0,0.028571,0,0,0,0,0,0,0,0,0.028571,0,0.028571,0.028571,0,0,0.028571,0.057143,0,0,0.028571,0,0,0,0,0,0,0.057143,0,0.057143,0,0,0.057143,0.25714,0.028571,0,0,0,0,0,0,0.028571,0,0,0,0.028571,0,0,0,0,0.028571,0.028571,0,0,0,0.028571,0.028571,0.028571,0.057143,0.028571,0
0.15385,0,0,0,0,0,0,0,0,0,0,0,0,0,0,0,0.076923,0.076923,0,0,0,0,0,0,0.076923,0,0,0,0,0,0,0.076923,0,0,0,0,0,0,0,0.076923,0,0.076923,0,0,0,0,0,0,0.076923,0,0,0,0,0,0,0.076923,0.076923,0.076923,0,0,0,0,0,0.076923
0,0,0,0,0,0,0.11765,0,0,0.11765,0,0,0,0,0.058824,0,0.11765,0,0,0,0,0,0,0,0,0.058824,0,0,0,0,0.058824,0,0.058824,0,0,0,0.11765,0,0.058824,0,0,0,0,0,0,0,0,0,0.058824,0.058824,0,0,0,0,0,0,0,0,0,0,0,0,0.058824,0.058824
0.01087,0.032609,0.01087,0.021739,0,0.01087,0.021739,0.01087,0.01087,0.021739,0.01087,0,0.01087,0.01087,0,0.01087,0.021739,0.021739,0,0,0.01087,0.01087,0,0,0.021739,0.043478,0.032609,0.01087,0.01087,0.01087,0.032609,0,0.021739,0.01087,0.01087,0,0.01087,0.076087,0,0,0.01087,0.01087,0,0,0.065217,0.054348,0,0.021739,0.01087,0,0.01087,0.01087,0.021739,0,0,0,0.021739,0.043478,0,0.01087,0.032609,0.032609,0.043478,0.043478
0.10714,0.035714,0.035714,0,0.035714,0,0,0,0.035714,0,0,0,0.035714,0.035714,0.035714,0,0,0,0.035714,0,0,0,0,0,0,0,0,0,0,0.035714,0,0,0.035714,0,0,0.071429,0,0,0,0,0,0.035714,0,0,0.035714,0,0.035714,0.071429,0.071429,0.035714,0,0.035714,0,0.035714,0,0,0,0,0.035714,0,0,0.035714,0,0.035714
0.18182,0,0,0.090909,0,0,0,0,0,0,0,0,0,0,0,0.090909,0,0,0,0,0,0.090909,0,0,0,0,0,0,0,0,0,0,0.090909,0,0,0,0,0,0,0,0,0,0,0,0,0,0,0,0,0,0,0,0.090909,0,0,0.090909,0,0,0.090909,0,0.18182,0,0,0
0.076923,0,0,0,0,0,0,0,0,0,0,0,0,0,0,0,0,0,0,0.076923,0,0,0,0,0,0,0,0,0,0,0,0.076923,0.076923,0,0,0,0.076923,0,0,0,0,0,0.076923,0,0,0.076923,0,0.15385,0,0.076923,0,0,0.15385,0,0,0,0,0,0,0,0,0,0,0.076923
0.030303,0.030303,0,0.030303,0,0.12121,0,0,0.030303,0.15152,0.030303,0,0,0.090909,0,0,0.030303,0.030303,0,0,0,0,0,0,0,0.060606,0,0.030303,0,0,0,0,0,0.030303,0,0,0,0.090909,0,0,0.030303,0.060606,0,0,0,0,0,0,0,0,0,0,0.030303,0.030303,0,0,0.030303,0,0,0,0.030303,0,0,0
0.25,0,0,0.03125,0,0,0.03125,0.03125,0.03125,0,0,0,0,0,0.03125,0,0.03125,0,0.03125,0,0.03125,0,0,0,0.03125,0,0,0.03125,0,0.03125,0,0,0,0.03125,0.03125,0,0.03125,0,0,0,0,0,0,0,0,0,0.0625,0,0.03125,0,0,0,0.03125,0,0,0,0,0,0.0625,0.03125,0,0.0625,0,0.03125
0.14286,0,0,0.071429,0.071429,0,0,0,0,0,0,0,0,0,0,0.071429,0.071429,0,0,0,0,0,0,0,0,0.071429,0,0,0,0,0.14286,0,0,0,0,0,0,0.071429,0,0,0.071429,0,0,0,0,0,0,0,0,0,0.14286,0,0,0,0,0,0,0.071429,0,0,0,0,0,0
0,0,0,0,0.055556,0,0,0,0,0,0,0.055556,0,0,0.055556,0,0,0,0,0,0,0,0,0,0,0,0.055556,0.11111,0,0,0,0,0,0,0,0,0,0,0.055556,0.055556,0,0,0,0.055556,0,0,0,0.055556,0.055556,0,0,0.055556,0.055556,0,0.055556,0,0.11111,0,0.055556,0.055556,0,0,0,0
0,0,0,0.14286,0.071429,0,0,0,0,0.071429,0,0,0.071429,0,0,0,0,0,0.071429,0,0,0.071429,0,0.071429,0,0,0,0,0,0,0,0,0.071429,0,0,0,0,0,0.14286,0,0,0,0.071429,0,0,0,0,0,0,0.071429,0,0,0,0,0,0,0,0.071429,0,0,0,0,0,0
0.027027,0.040541,0.027027,0.027027,0,0,0,0,0.013514,0,0,0.013514,0,0.12162,0.013514,0,0,0,0.013514,0.013514,0,0.013514,0.027027,0,0.013514,0,0,0.027027,0.013514,0.027027,0,0,0.040541,0,0.027027,0,0.013514,0.040541,0,0,0.067568,0.027027,0.040541,0,0.013514,0,0.027027,0.040541,0,0,0,0.027027,0,0.054054,0.013514,0.013514,0.013514,0,0,0.013514,0.013514,0,0.027027,0.054054
0.068966,0.068966,0,0,0.034483,0,0.034483,0,0.034483,0,0,0,0.068966,0.034483,0.034483,0.034483,0,0,0,0.034483,0.068966,0,0,0.034483,0,0.034483,0.034483,0,0,0,0,0,0.034483,0,0.10345,0,0,0,0,0,0,0.034483,0,0,0.034483,0,0,0,0,0.068966,0,0,0.034483,0,0,0,0,0.034483,0,0,0,0,0,0.034483
0,0,0,0.052632,0,0,0,0.052632,0.052632,0,0,0,0,0,0,0,0,0,0,0,0,0,0,0,0.052632,0,0.052632,0,0.052632,0,0,0,0.052632,0,0,0,0,0,0.10526,0,0,0,0,0,0,0,0.10526,0,0.052632,0,0.052632,0,0,0.052632,0.10526,0,0,0.052632,0,0,0.052632,0,0,0.052632
0,0.16667,0,0,0,0,0,0,0,0.083333,0,0,0,0,0,0,0,0,0.083333,0,0,0,0,0,0,0,0,0,0.083333,0,0,0.083333,0,0,0,0,0,0,0,0,0,0,0,0,0,0,0.16667,0.083333,0,0,0,0.083333,0,0,0,0,0.083333,0,0,0,0.083333,0,0,0
0.2,0,0,0,0,0,0.1,0,0,0,0,0.1,0.1,0,0,0,0,0,0,0,0,0.1,0,0,0,0.1,0,0,0,0,0,0,0,0,0,0,0,0,0,0,0,0.1,0,0,0,0,0,0,0.1,0,0,0,0,0,0,0,0,0,0,0,0,0,0.1,0
0.038462,0,0,0.038462,0,0,0,0.038462,0.038462,0,0,0,0,0,0,0,0,0,0,0.038462,0,0,0,0,0.038462,0,0,0,0,0,0,0,0,0,0,0,0,0,0,0.038462,0.076923,0.038462,0.038462,0,0,0,0.11538,0,0,0,0,0.038462,0,0.076923,0,0,0.076923,0.076923,0.038462,0.11538,0,0,0,0.038462
0.051282,0.051282,0.025641,0,0.025641,0,0,0,0,0.025641,0,0.025641,0,0,0,0.025641,0,0.051282,0,0,0.025641,0,0,0.025641,0,0,0,0.051282,0,0.025641,0.051282,0,0,0,0,0,0,0,0.025641,0,0.051282,0,0.025641,0.025641,0.051282,0,0.025641,0,0,0,0,0.025641,0.025641,0.025641,0.025641,0.051282,0,0,0.051282,0.051282,0,0.025641,0.025641,0.025641
0.055556,0,0,0.055556,0,0,0,0,0,0,0,0,0.055556,0.055556,0.055556,0.055556,0,0,0,0.055556,0,0,0,0,0,0,0,0,0,0,0,0,0,0,0,0,0,0,0,0,0,0,0,0,0,0,0,0,0.055556,0,0.055556,0.055556,0,0,0.055556,0.16667,0.055556,0.055556,0,0,0,0,0,0.11111
0,0,0,0.038462,0,0.038462,0,0.038462,0,0,0,0,0,0,0,0,0.038462,0,0.038462,0,0.038462,0.038462,0.038462,0,0.038462,0,0.038462,0,0,0,0,0.076923,0,0,0,0.038462,0,0,0,0.038462,0,0,0.038462,0.038462,0.038462,0,0.038462,0.038462,0.038462,0,0,0,0,0,0.038462,0.038462,0.038462,0,0.038462,0,0.038462,0,0,0.038462
0.058824,0,0.058824,0.058824,0,0,0,0,0,0,0,0,0,0,0,0.11765,0.11765,0.058824,0,0,0,0,0,0,0,0,0,0,0,0.058824,0.058824,0,0,0,0,0,0,0,0,0,0,0,0,0,0.058824,0,0.11765,0,0.058824,0,0,0,0.058824,0,0,0,0,0,0,0,0.058824,0,0.058824,0
0,0,0,0,0,0,0,0,0,0,0,0,0,0.16667,0,0,0,0,0,0,0,0,0,0,0,0,0.083333,0,0,0,0.083333,0,0,0,0,0.083333,0.16667,0,0,0,0,0,0,0,0,0.083333,0,0,0,0,0,0,0,0.083333,0.083333,0.083333,0,0,0,0.083333,0,0,0,0
0.16667,0,0,0,0.083333,0,0,0.083333,0,0,0,0,0,0,0,0,0,0,0,0,0,0,0,0.083333,0,0,0,0,0,0,0,0,0.16667,0,0,0,0.083333,0,0,0,0,0.083333,0,0,0.083333,0,0,0,0.083333,0,0,0,0,0,0,0,0.083333,0,0,0,0,0,0,0
0.16667,0,0,0,0,0.083333,0.083333,0,0,0,0,0,0.083333,0,0,0,0.083333,0,0,0,0,0.083333,0,0,0,0.083333,0,0,0,0,0,0,0,0,0,0,0,0.083333,0,0,0,0,0.083333,0,0,0,0,0,0.083333,0,0,0,0,0,0,0,0.083333,0,0,0,0,0,0,0
0,0.11905,0.095238,0.02381,0,0,0.047619,0,0,0.11905,0,0.02381,0,0.047619,0,0,0,0.02381,0,0.02381,0,0.047619,0,0,0.02381,0.047619,0,0.02381,0,0,0,0,0.02381,0,0,0,0,0.02381,0,0,0,0,0,0,0,0.02381,0,0.02381,0.02381,0,0.02381,0,0.02381,0.02381,0,0,0.02381,0.02381,0.071429,0.02381,0,0,0,0
0.0625,0.0625,0,0,0,0,0,0,0.0625,0.0625,0,0,0.0625,0.0625,0,0,0.0625,0,0,0,0.0625,0,0,0,0,0,0,0,0,0.0625,0,0,0,0,0,0,0,0.0625,0,0,0,0,0,0,0,0,0.0625,0,0.0625,0.0625,0,0,0,0,0,0,0,0.125,0.0625,0,0,0,0,0
0,0.083333,0.083333,0,0,0.083333,0,0,0,0,0,0,0,0.083333,0,0,0,0,0,0,0,0,0.083333,0.083333,0,0.083333,0,0,0,0,0,0,0.083333,0.083333,0,0,0,0,0.083333,0,0,0,0,0,0,0.083333,0.083333,0,0,0,0,0,0,0,0,0,0,0,0,0,0,0,0,0
0,0,0,0,0,0,0,0,0,0,0.083333,0,0,0.083333,0,0,0,0.083333,0,0,0.083333,0,0,0.083333,0,0.083333,0,0.083333,0,0,0,0,0,0,0,0,0,0.083333,0,0,0,0,0,0,0,0,0,0,0,0,0,0.083333,0,0,0.083333,0,0,0,0,0,0,0.083333,0.083333,0
0,0,0,0,0,0,0.043478,0.043478,0,0,0,0.043478,0,0,0,0.043478,0,0,0.043478,0,0,0,0.043478,0,0,0.043478,0,0.043478,0,0,0.086957,0,0,0,0,0,0,0,0.043478,0.043478,0,0.043478,0,0,0,0,0,0,0.086957,0,0.043478,0,0,0,0,0.043478,0.043478,0.043478,0,0,0.086957,0,0,0.086957
0,0,0.125,0.0625,0,0,0,0,0,0,0,0,0,0,0,0,0.0625,0.0625,0,0,0.0625,0,0,0,0,0,0,0,0,0.0625,0,0.0625,0,0,0,0,0,0,0,0,0,0,0,0,0,0,0.0625,0,0.0625,0,0,0,0,0,0,0,0,0,0,0.0625,0.125,0,0.0625,0.125
0.055556,0.055556,0,0,0,0.055556,0.055556,0.055556,0,0,0,0,0,0,0,0,0,0,0,0,0,0,0,0,0.055556,0.055556,0,0,0.055556,0.055556,0,0,0.055556,0,0,0.055556,0.055556,0,0.055556,0,0.055556,0,0,0,0,0,0,0,0.055556,0,0.055556,0,0,0,0,0,0,0,0,0.055556,0.055556,0,0,0
0,0,0,0,0,0,0,0,0.083333,0,0,0,0,0.083333,0,0,0.083333,0,0,0,0,0,0,0.083333,0.083333,0,0,0,0,0,0,0,0.083333,0,0,0,0,0.083333,0,0,0,0,0,0,0,0,0,0,0,0,0,0,0.16667,0.083333,0,0,0,0,0,0.083333,0,0.083333,0,0
0.1,0,0.1,0.05,0,0,0,0,0,0,0,0,0,0.05,0,0.05,0.15,0.05,0,0,0,0,0,0,0,0,0,0,0,0,0,0.05,0,0,0,0,0,0,0,0,0,0,0,0,0,0,0.05,0,0.05,0,0.1,0,0.05,0,0,0.05,0,0.05,0,0,0,0,0.05,0
0,0,0,0,0.04,0,0.08,0.04,0.04,0,0,0,0,0,0,0.04,0,0.04,0,0,0,0.04,0.04,0,0.12,0,0.04,0,0,0,0,0,0.04,0,0.12,0.08,0,0,0.04,0,0,0,0,0,0,0,0,0,0,0,0,0,0,0,0.04,0,0.04,0,0.04,0,0,0.08,0,0
0.175,0.05,0.05,0,0.025,0,0.025,0,0,0.025,0.025,0.025,0,0,0,0.025,0.075,0,0,0.025,0,0,0,0,0,0,0.025,0.025,0,0,0,0,0,0,0,0,0.1,0,0,0.05,0.05,0,0.025,0,0,0,0,0,0,0,0,0,0.025,0,0,0,0.025,0.025,0,0.025,0.05,0,0.05,0
0.083333,0.041667,0.041667,0.041667,0,0.041667,0,0,0.041667,0.041667,0,0,0,0,0,0,0.16667,0,0,0,0.041667,0,0,0,0,0.041667,0,0,0,0,0,0,0.041667,0.041667,0,0,0,0.041667,0,0.041667,0,0,0,0,0,0,0,0,0,0,0,0,0.041667,0,0,0,0,0.083333,0,0.041667,0,0,0,0.083333
0.15,0.05,0.05,0,0,0,0,0,0,0,0,0.05,0,0,0,0,0.15,0.05,0,0,0,0,0,0,0,0.05,0,0,0,0,0,0,0.05,0,0,0,0.05,0,0,0,0,0,0,0,0,0,0.1,0,0,0,0.05,0,0,0.05,0,0,0.05,0.05,0,0,0.05,0,0,0
0.12,0,0,0.04,0.04,0,0,0.04,0,0,0,0.04,0,0.04,0,0,0.04,0,0,0,0,0,0.04,0,0,0,0,0,0.04,0,0.08,0,0,0,0,0.04,0,0,0,0,0,0.12,0.04,0,0,0.04,0.04,0,0,0,0,0,0,0.04,0.04,0,0,0,0,0.04,0.04,0,0,0.04
0,0,0.038462,0,0,0,0,0.038462,0.038462,0.038462,0.038462,0.038462,0.038462,0,0,0.038462,0,0,0,0,0.038462,0.038462,0,0.038462,0.038462,0,0,0,0,0,0,0,0,0,0.038462,0,0,0.038462,0.076923,0,0,0,0.076923,0.038462,0,0.038462,0,0.038462,0.038462,0,0,0,0,0,0,0,0,0.11538,0,0.038462,0,0,0,0
0.028571,0.014286,0.014286,0.014286,0.028571,0.014286,0,0.028571,0.028571,0,0.014286,0.028571,0,0.014286,0,0,0,0.042857,0,0.028571,0.014286,0.014286,0.014286,0,0.014286,0.042857,0.042857,0.028571,0,0,0.014286,0.014286,0.014286,0.014286,0,0,0.042857,0,0,0,0.014286,0.014286,0.014286,0,0,0.028571,0,0.014286,0.014286,0,0.057143,0.042857,0,0,0,0.014286,0,0,0.014286,0.042857,0.057143,0.028571,0.028571,0.042857
0,0,0,0,0.083333,0,0,0.083333,0,0.083333,0,0,0.083333,0.083333,0,0,0.16667,0,0,0,0,0,0,0,0,0.16667,0,0,0,0,0,0,0,0,0,0,0,0,0,0,0.083333,0,0.083333,0,0,0,0,0,0,0,0,0,0,0,0,0,0,0,0,0,0,0.083333,0,0
0.08,0,0,0,0,0,0,0,0.04,0,0,0,0.08,0,0,0.08,0.04,0.04,0.04,0,0,0,0,0,0,0,0,0,0.12,0,0,0,0,0,0,0,0,0,0,0,0,0,0.04,0,0,0,0.04,0,0.04,0.04,0,0,0,0.04,0,0,0,0.04,0,0.04,0,0.08,0.08,0.04
0,0,0,0.083333,0,0,0.083333,0.083333,0,0,0,0,0,0,0,0.083333,0.083333,0,0,0,0,0,0,0,0,0,0,0,0,0,0,0,0,0,0,0,0,0.083333,0,0,0.083333,0,0,0,0.083333,0,0,0,0.16667,0,0,0,0,0.083333,0,0,0,0.083333,0,0,0,0,0,0
0,0,0,0,0,0,0.083333,0.083333,0,0,0.16667,0,0,0.083333,0,0,0,0,0,0,0,0.083333,0,0,0,0,0,0,0.083333,0,0,0,0,0,0,0,0,0,0,0,0,0.083333,0,0,0,0,0,0,0,0,0,0,0,0.083333,0,0,0.083333,0.083333,0.083333,0,0,0,0,0
0.15385,0,0,0.076923,0,0,0,0,0.076923,0,0.076923,0,0,0,0,0,0,0,0,0,0,0.076923,0,0,0.076923,0.076923,0,0,0,0.076923,0,0,0.076923,0.076923,0,0,0,0,0,0,0,0,0,0,0,0,0,0,0.076923,0,0,0,0,0,0,0,0,0,0,0,0,0,0.076923,0
0.057143,0,0,0,0,0,0,0,0,0.057143,0.028571,0.028571,0,0.057143,0.057143,0.028571,0,0,0.057143,0,0.028571,0,0.028571,0,0,0.057143,0,0.057143,0,0,0.028571,0,0,0,0.028571,0.028571,0.057143,0.028571,0.028571,0,0.028571,0,0.028571,0,0.028571,0,0,0,0,0,0,0,0.028571,0.028571,0.028571,0,0.028571,0.028571,0,0,0,0,0.028571,0
0,0.029412,0.029412,0.029412,0,0,0,0,0.029412,0.029412,0,0.029412,0.029412,0.058824,0,0,0.029412,0,0.058824,0,0,0,0.058824,0,0.029412,0,0,0.029412,0,0,0,0,0.029412,0,0,0,0,0,0.058824,0,0.058824,0.029412,0,0,0,0.029412,0.058824,0.058824,0.029412,0.029412,0,0,0,0.029412,0.029412,0,0,0.058824,0,0,0,0.029412,0,0
0,0,0,0,0.078947,0,0.026316,0.026316,0.052632,0,0,0,0.052632,0.026316,0,0.052632,0.026316,0.078947,0.026316,0.052632,0,0.026316,0,0,0,0.078947,0,0,0,0,0.026316,0,0,0.026316,0.026316,0,0.052632,0,0,0,0.026316,0.026316,0,0,0,0,0,0,0,0,0.026316,0,0.052632,0,0,0.026316,0.026316,0.026316,0,0,0,0.026316,0.026316,0
0,0,0.090909,0,0,0,0,0,0,0,0,0.090909,0,0,0,0,0,0.090909,0,0,0,0,0,0,0,0,0.090909,0,0,0,0.090909,0,0,0,0,0,0,0,0,0,0.090909,0,0,0,0,0.090909,0,0,0,0,0,0,0.18182,0,0.090909,0,0,0,0,0,0,0,0.090909,0
0,0,0,0,0,0,0,0,0,0,0,0,0,0,0,0,0,0,0.11111,0,0,0.11111,0,0,0,0,0,0,0.11111,0,0,0.11111,0,0,0,0.11111,0,0,0,0,0.11111,0,0,0,0,0,0.11111,0,0,0,0,0,0,0,0,0,0,0.11111,0,0,0,0.11111,0,0
0.086957,0,0,0,0.043478,0,0.086957,0,0.086957,0.043478,0,0,0,0,0,0,0,0.043478,0,0.043478,0,0,0,0,0,0,0,0,0.043478,0,0.043478,0,0,0,0,0,0,0,0,0.043478,0,0,0.043478,0,0,0,0,0.086957,0,0,0,0,0,0.043478,0,0,0,0,0,0,0.043478,0.043478,0.13043,0.043478
0,0.066667,0.066667,0,0.2,0,0,0.066667,0,0,0,0,0.066667,0,0,0,0,0,0,0,0,0,0,0,0,0,0,0,0.066667,0,0.066667,0,0,0,0,0,0,0,0,0,0,0,0,0,0,0,0,0,0.13333,0.2,0,0,0,0,0,0,0,0,0,0,0.066667,0,0,0
0,0.038462,0,0.038462,0.076923,0,0,0,0,0,0,0,0.038462,0,0,0.038462,0.11538,0,0.038462,0.038462,0,0.038462,0,0,0,0.038462,0.038462,0,0,0,0,0,0,0,0,0,0.038462,0,0.038462,0,0.038462,0,0,0,0,0,0.038462,0.076923,0.038462,0.038462,0,0,0,0.038462,0,0,0,0.076923,0,0,0,0,0.038462,0
0,0,0,0,0,0,0,0.055556,0,0.055556,0,0,0,0,0,0,0,0,0,0,0,0,0.055556,0,0,0,0,0.055556,0,0,0.055556,0,0.055556,0,0,0,0.11111,0.055556,0.055556,0,0.055556,0,0.055556,0,0.055556,0,0.055556,0,0,0,0,0.055556,0.11111,0,0,0,0,0,0,0,0,0,0.055556,0
0.076923,0.076923,0,0,0,0,0,0.076923,0,0,0,0,0.076923,0,0,0,0.076923,0,0,0,0,0,0,0,0,0.076923,0,0,0,0.076923,0.076923,0,0,0.076923,0,0,0,0,0,0,0,0,0.076923,0,0,0,0,0,0,0,0,0,0,0,0,0,0.23077,0,0,0,0,0,0,0
0.043478,0,0,0.043478,0,0,0,0,0,0,0,0,0.086957,0.043478,0,0.043478,0.043478,0,0,0.043478,0.043478,0,0,0,0,0,0,0,0.043478,0,0,0,0,0,0,0,0,0,0,0,0,0,0,0,0,0,0,0.043478,0,0,0.043478,0,0.13043,0.043478,0,0,0,0.13043,0.043478,0.043478,0.043478,0.043478,0,0
0,0,0,0,0.033333,0,0.033333,0,0,0.033333,0,0,0.033333,0,0,0.033333,0,0.066667,0,0,0.033333,0,0.033333,0.033333,0.033333,0,0,0.033333,0,0.033333,0,0,0,0,0,0.066667,0,0.066667,0,0,0,0,0,0,0.033333,0,0,0.033333,0.033333,0,0,0.033333,0,0,0.1,0,0,0,0,0.033333,0,0,0.1,0.066667
0,0,0,0,0,0,0,0,0,0.1,0,0.05,0,0,0,0,0.05,0.05,0,0,0.05,0,0,0,0,0,0,0.05,0,0,0.05,0,0.05,0,0,0,0.05,0.05,0,0,0,0,0,0,0,0,0,0,0.1,0,0,0.05,0,0.1,0,0,0,0,0.05,0,0.05,0,0.05,0.05
0,0,0.041667,0,0,0,0,0.041667,0,0,0,0,0,0.041667,0,0.041667,0,0,0.041667,0.041667,0.041667,0,0,0,0,0,0,0,0,0.041667,0.041667,0.041667,0,0,0,0,0,0.041667,0,0,0,0.083333,0,0,0,0,0,0.041667,0.125,0,0,0,0.041667,0.041667,0,0.041667,0.041667,0,0.041667,0.041667,0,0.041667,0,0
0.041667,0.041667,0,0,0,0,0,0,0,0.041667,0,0,0.041667,0,0.041667,0.041667,0.041667,0,0.041667,0.041667,0,0,0,0,0,0,0,0,0,0,0.041667,0,0,0.083333,0,0.041667,0,0,0,0,0,0,0.041667,0.125,0,0,0.041667,0,0,0,0.041667,0,0,0,0,0,0,0,0.041667,0,0.041667,0.041667,0.041667,0.041667
0,0,0,0.058824,0.058824,0,0.058824,0.058824,0,0,0,0,0.058824,0,0,0.058824,0,0,0.058824,0,0,0,0,0.058824,0,0,0,0,0,0,0,0,0,0,0,0,0.058824,0.058824,0.058824,0,0,0,0,0,0,0,0,0,0.058824,0,0,0,0,0,0,0.058824,0.058824,0,0.058824,0.058824,0,0,0.058824,0
0.125,0.083333,0,0,0,0,0,0,0,0,0,0.041667,0.16667,0,0,0.041667,0.083333,0,0,0.041667,0,0,0,0,0,0,0,0,0.041667,0,0,0,0,0,0,0,0.041667,0,0,0.041667,0,0,0,0,0,0,0,0.041667,0.125,0,0,0.083333,0,0,0,0,0,0,0,0.041667,0,0,0,0
0,0,0,0,0,0,0,0,0,0,0.090909,0,0.090909,0,0,0,0.090909,0,0.090909,0,0,0,0,0,0.090909,0,0,0,0,0,0,0,0,0,0,0,0,0,0,0,0,0,0,0,0,0,0,0,0.090909,0.090909,0,0,0.090909,0,0,0,0,0,0,0.090909,0,0,0,0.18182
0,0,0.071429,0,0,0,0,0,0,0,0,0,0,0,0,0,0.071429,0,0,0,0,0,0.071429,0,0,0,0,0.071429,0,0,0,0.071429,0,0.071429,0,0,0,0,0.071429,0,0,0,0.071429,0,0,0,0,0,0.071429,0.071429,0,0,0.071429,0,0.071429,0,0,0,0,0,0,0.071429,0,0.071429
0,0,0,0.1,0,0.1,0,0,0,0,0,0,0,0.1,0,0.2,0,0,0,0,0,0,0,0,0,0,0,0,0.1,0,0,0,0,0,0,0,0,0,0,0,0,0,0.1,0,0,0,0,0,0,0,0,0,0,0,0,0,0.1,0,0.1,0,0,0.1,0,0
0,0,0,0,0,0,0.047619,0,0,0,0,0,0.047619,0,0,0,0,0,0,0,0,0,0,0,0.047619,0,0.095238,0.047619,0,0.047619,0.047619,0,0,0,0,0,0,0.047619,0.047619,0,0,0,0,0,0,0,0.047619,0.047619,0,0,0.047619,0.047619,0,0,0.047619,0.095238,0,0.047619,0,0,0,0,0,0.14286
0.043478,0.043478,0.043478,0.043478,0.13043,0.043478,0,0,0,0,0,0.043478,0,0,0,0.043478,0,0,0,0,0.043478,0,0,0,0.043478,0,0.043478,0,0.086957,0,0,0,0,0,0,0,0,0,0,0.043478,0,0,0,0,0,0,0.043478,0,0,0.13043,0,0,0,0,0.043478,0,0,0,0,0,0,0,0.043478,0.043478
0,0.074074,0,0.037037,0.037037,0,0.037037,0,0,0,0,0,0,0.037037,0,0.037037,0,0,0,0,0.037037,0.037037,0.11111,0,0,0.037037,0.037037,0,0,0,0,0.037037,0,0,0,0,0,0,0,0.037037,0,0,0,0,0,0,0.037037,0,0.037037,0,0,0.037037,0,0.037037,0,0,0.037037,0,0.037037,0.037037,0,0,0.074074,0.074074
0,0.057143,0.028571,0.057143,0.028571,0.057143,0,0,0.057143,0.028571,0.057143,0,0,0.057143,0,0,0,0.028571,0.057143,0.028571,0.028571,0,0.028571,0,0.085714,0,0,0,0,0,0,0,0,0.028571,0,0,0.085714,0.028571,0,0,0.028571,0,0,0,0,0.028571,0,0.028571,0,0,0,0.028571,0,0,0,0,0,0,0,0.028571,0,0.028571,0,0
0.037037,0.14815,0,0.037037,0.037037,0,0,0,0,0.074074,0.037037,0,0,0.037037,0,0,0,0,0.037037,0,0.037037,0,0,0,0,0,0.037037,0,0,0,0.037037,0,0,0.037037,0,0,0.037037,0,0,0,0.037037,0,0,0,0,0,0,0.037037,0.037037,0.037037,0,0,0.037037,0.037037,0.037037,0,0,0,0,0,0.037037,0,0.037037,0.037037
0.076923,0.076923,0.076923,0,0,0.076923,0,0,0,0.076923,0,0,0,0,0,0,0.076923,0,0,0.076923,0,0,0,0,0,0,0,0,0,0,0,0.076923,0.076923,0,0,0,0,0,0,0,0,0,0,0,0,0,0.076923,0,0,0,0,0,0,0,0,0,0.076923,0,0,0,0,0,0.076923,0.076923
0.19298,0.035088,0,0.035088,0.087719,0.070175,0.017544,0.017544,0,0,0,0,0.017544,0.017544,0,0,0,0.035088,0,0,0.035088,0,0,0,0,0.052632,0,0.017544,0,0.035088,0.017544,0,0.035088,0,0,0,0.017544,0,0.017544,0.035088,0,0,0,0,0,0,0.017544,0.017544,0.017544,0,0,0,0.052632,0,0.035088,0,0,0,0,0.017544,0,0.035088,0.017544,0
0.083333,0,0,0,0,0,0,0,0,0,0,0,0.083333,0,0,0,0,0,0,0,0,0,0,0,0,0,0,0,0,0,0,0,0.083333,0,0,0,0,0,0,0,0,0,0,0,0,0.16667,0,0,0.083333,0.083333,0,0.16667,0,0,0,0.083333,0,0,0,0,0,0,0.16667,0
0.086957,0,0,0,0.043478,0,0.043478,0,0.043478,0,0,0,0,0,0,0,0.086957,0,0,0,0.043478,0,0,0,0.086957,0,0,0,0,0.043478,0.043478,0,0.086957,0,0,0,0,0,0.086957,0,0,0,0,0,0,0,0.043478,0,0.043478,0,0,0.043478,0.043478,0,0,0.043478,0,0,0,0,0.043478,0,0.043478,0
0,0,0,0.25,0,0.083333,0,0,0,0,0,0,0,0.083333,0,0,0,0,0,0,0,0.16667,0,0.083333,0,0.083333,0,0,0,0,0.16667,0,0,0,0,0,0,0,0,0,0,0,0,0,0,0,0,0,0,0,0,0,0,0.083333,0,0,0,0,0,0,0,0,0,0
0.018182,0.018182,0,0.018182,0.036364,0,0,0.018182,0,0.018182,0.018182,0,0,0.018182,0.036364,0.036364,0.018182,0.018182,0,0.018182,0,0,0,0,0.036364,0.018182,0.018182,0.036364,0,0.036364,0,0,0,0,0,0.018182,0,0.018182,0.072727,0.018182,0.018182,0.018182,0,0.018182,0.018182,0.018182,0.018182,0.018182,0.054545,0,0.036364,0,0.036364,0,0.036364,0,0.018182,0.072727,0,0.018182,0.036364,0,0,0
0,0.037037,0.11111,0.074074,0,0,0,0,0.037037,0.037037,0,0,0,0,0,0,0,0,0.11111,0,0.074074,0,0,0,0.074074,0,0,0,0.037037,0,0,0,0,0,0,0.037037,0.074074,0,0,0,0.037037,0.074074,0,0,0.037037,0,0,0,0,0,0,0,0,0,0.037037,0,0,0.037037,0,0,0.037037,0,0,0.037037
0.04,0.02,0,0,0.06,0.02,0,0,0.04,0.02,0,0,0.02,0.02,0.02,0.02,0,0.02,0.04,0,0.02,0.06,0,0.02,0.02,0,0.02,0,0.04,0,0,0,0.04,0,0,0,0,0,0.06,0.06,0.02,0.02,0,0.02,0,0.04,0.04,0.04,0,0,0.02,0,0,0,0.02,0.02,0,0,0.02,0,0,0,0.04,0.02
0.047619,0.095238,0.047619,0,0,0,0,0,0.047619,0,0,0,0.047619,0,0.047619,0,0,0,0,0,0.047619,0,0,0,0,0.047619,0,0,0,0,0.047619,0,0,0,0,0.047619,0,0.19048,0,0,0,0,0,0.095238,0,0,0,0,0,0,0,0,0,0,0,0,0.047619,0.095238,0,0,0,0.047619,0,0
0,0,0,0.071429,0,0,0,0,0,0,0,0,0,0,0.071429,0,0,0.071429,0,0,0,0,0,0.071429,0.071429,0,0,0,0.071429,0,0,0.071429,0,0,0,0.071429,0,0,0,0,0,0,0,0,0,0,0,0.071429,0.071429,0,0,0,0.071429,0,0,0,0,0.071429,0,0.071429,0,0,0,0.071429
0,0,0,0.11111,0.11111,0.11111,0,0,0,0,0,0,0.11111,0,0,0,0.11111,0,0,0,0,0,0,0,0,0,0,0,0,0,0.11111,0,0.11111,0,0,0,0,0,0,0,0,0,0.11111,0,0,0,0,0,0,0,0,0,0,0,0,0,0.11111,0,0,0,0,0,0,0
0.086957,0.043478,0,0,0,0.043478,0.043478,0,0,0,0,0,0,0.043478,0,0.043478,0,0,0.043478,0.043478,0,0,0,0.043478,0.043478,0.043478,0,0,0,0,0,0,0,0.043478,0.043478,0,0,0,0.086957,0,0,0.043478,0,0,0,0.043478,0.043478,0,0.043478,0,0.043478,0,0,0,0,0,0,0.043478,0,0,0.043478,0,0,0
0.024096,0.048193,0.012048,0,0.096386,0.024096,0,0,0.048193,0.024096,0,0.012048,0.012048,0.012048,0,0.036145,0.024096,0.036145,0.012048,0.036145,0.012048,0,0,0,0.012048,0,0.012048,0,0.012048,0.012048,0.024096,0,0.012048,0.012048,0.024096,0.024096,0.024096,0.012048,0.024096,0.024096,0,0.012048,0,0,0.012048,0.012048,0.060241,0.024096,0.024096,0.036145,0,0.024096,0.024096,0,0,0,0,0,0,0.024096,0.024096,0.012048,0.012048,0
0,0,0,0,0.076923,0,0,0,0,0,0,0,0.076923,0,0,0,0,0,0,0,0.076923,0,0,0,0.076923,0,0,0.15385,0,0.076923,0,0,0,0,0,0,0.076923,0,0,0,0,0,0,0,0,0,0.076923,0,0.076923,0.076923,0,0.076923,0,0,0,0.076923,0,0,0,0,0,0,0,0
0.083333,0.055556,0.027778,0,0.027778,0,0.083333,0,0,0.027778,0.027778,0,0.027778,0,0,0.027778,0.25,0.027778,0,0,0,0,0,0,0.055556,0,0.027778,0,0,0.027778,0,0,0.055556,0,0,0,0,0,0,0,0,0,0,0,0,0.027778,0,0,0.027778,0,0,0.027778,0,0,0,0,0.027778,0.027778,0,0,0,0,0.027778,0
0,0.083333,0,0,0.083333,0,0,0,0,0.083333,0,0,0,0.083333,0,0,0,0,0,0,0,0,0.083333,0,0.083333,0,0.083333,0,0,0.083333,0.083333,0,0,0,0,0,0,0,0,0,0,0,0,0,0.083333,0,0,0,0,0,0,0,0,0,0,0,0,0,0,0,0.16667,0,0,0
0.035714,0,0,0,0.071429,0,0,0,0,0.071429,0,0.035714,0.035714,0.071429,0,0,0,0,0.035714,0,0.035714,0.035714,0,0,0,0.035714,0.035714,0,0,0,0.035714,0,0.035714,0.035714,0.035714,0.035714,0,0,0,0.035714,0.035714,0.035714,0.071429,0,0,0,0,0,0,0,0,0,0,0.035714,0,0,0,0.071429,0.035714,0,0,0,0,0
0.041667,0,0,0,0,0,0.083333,0,0,0,0,0,0,0,0,0,0,0,0,0.083333,0,0,0.041667,0,0,0,0.041667,0,0,0.041667,0.041667,0.041667,0.041667,0,0.041667,0,0,0,0,0.083333,0.083333,0.041667,0,0,0.083333,0,0,0.041667,0,0,0,0,0,0,0,0,0,0.041667,0,0,0.041667,0,0.083333,0
0.125,0,0,0,0,0,0,0,0,0,0,0,0.0625,0.0625,0,0,0,0,0,0,0,0,0.0625,0,0,0,0,0,0,0,0,0,0,0.0625,0,0,0,0.0625,0,0,0,0,0,0,0.0625,0,0.0625,0,0.125,0,0,0,0,0,0,0,0,0.0625,0.0625,0.0625,0,0,0.0625,0.0625
0,0.1,0,0,0,0,0,0,0,0,0.1,0.1,0,0.1,0,0,0.1,0,0,0,0.1,0,0,0,0,0,0.1,0,0,0,0,0,0,0,0,0,0,0,0,0,0,0,0,0,0,0,0,0,0,0,0,0.1,0,0,0,0,0,0,0.1,0,0,0,0,0.1
0,0,0.041667,0,0,0,0,0,0,0,0,0,0,0,0.041667,0,0.083333,0,0,0.041667,0.041667,0,0,0,0,0,0,0,0,0,0.041667,0,0.041667,0,0,0,0.083333,0,0,0.041667,0,0.041667,0,0,0.125,0,0,0.083333,0.041667,0.041667,0,0,0.041667,0,0,0.041667,0,0,0,0,0.083333,0,0,0.041667
0,0,0,0.14286,0,0,0,0,0,0,0,0.071429,0.14286,0,0,0,0,0.071429,0,0,0,0,0,0,0,0,0,0,0,0.071429,0,0,0.071429,0.071429,0,0,0.071429,0,0,0,0,0,0,0,0.071429,0,0,0,0,0.071429,0,0,0,0,0,0.071429,0,0,0,0.071429,0,0,0,0
0.066667,0,0.066667,0.13333,0.066667,0,0.066667,0,0,0.066667,0,0,0,0.066667,0,0.066667,0,0.066667,0,0,0,0,0,0.066667,0.13333,0,0,0,0,0,0,0,0,0,0,0,0,0,0,0,0,0,0,0.066667,0,0,0.066667,0,0,0,0,0,0,0,0,0,0,0,0,0,0,0,0,0
0.090909,0.060606,0.030303,0,0.030303,0,0,0,0,0,0,0,0.12121,0,0,0,0,0,0.030303,0,0,0,0,0.030303,0.030303,0.060606,0,0.030303,0,0.030303,0.030303,0,0,0.030303,0,0,0,0,0,0,0,0,0,0.030303,0.030303,0,0,0,0,0.030303,0.030303,0.060606,0,0,0,0.090909,0.030303,0.030303,0,0,0.030303,0,0.030303,0
0,0,0,0,0.08,0.04,0.04,0,0,0,0,0,0.08,0.04,0.04,0,0,0.08,0,0.08,0,0,0,0,0,0,0,0,0,0,0,0,0,0,0,0,0.04,0,0.04,0,0,0,0,0,0.08,0,0,0,0,0.04,0.04,0,0,0.04,0,0,0,0,0,0.04,0.12,0,0,0.08
0,0,0,0.052632,0.052632,0.052632,0,0,0,0,0,0.052632,0,0,0,0.10526,0.052632,0,0,0,0.052632,0,0.052632,0,0.052632,0,0,0.052632,0,0,0,0,0,0,0,0,0.052632,0,0,0,0,0,0,0,0,0,0,0.10526,0.052632,0,0,0,0,0,0,0,0,0,0,0,0.052632,0,0.052632,0.10526
0.0625,0.0625,0,0.0625,0,0,0.1875,0,0,0.0625,0,0,0,0,0,0,0.0625,0,0,0,0,0,0.0625,0,0,0,0,0,0.0625,0,0,0,0,0,0,0,0,0,0,0,0,0,0.0625,0,0,0,0,0,0,0.0625,0,0,0.0625,0.0625,0,0,0.0625,0,0,0.0625,0,0,0,0
0,0,0.090909,0,0,0,0.090909,0,0,0,0,0,0.090909,0.090909,0,0,0,0.090909,0,0,0,0,0,0,0.090909,0,0,0,0,0.090909,0,0,0,0,0,0,0,0,0,0,0,0,0,0,0,0,0.090909,0,0,0,0,0,0,0,0,0,0,0,0,0.090909,0,0,0.18182,0
0,0,0,0.071429,0,0.071429,0,0,0,0,0,0,0,0,0,0.071429,0.071429,0,0,0,0.071429,0,0.071429,0,0.071429,0,0,0,0,0,0,0,0,0,0,0.071429,0.14286,0,0,0,0,0,0,0,0,0,0,0,0,0,0,0.071429,0,0.14286,0,0.071429,0,0,0,0,0,0,0,0
0,0.018868,0.018868,0,0.037736,0,0.018868,0,0,0,0.018868,0,0,0,0.056604,0.018868,0.018868,0.018868,0.056604,0.075472,0.037736,0,0.018868,0,0.018868,0,0,0.018868,0.037736,0,0.018868,0.018868,0,0,0.018868,0,0.037736,0.018868,0.018868,0,0.018868,0,0,0,0.037736,0.018868,0.037736,0.018868,0.018868,0.056604,0.018868,0.037736,0.018868,0,0,0,0.018868,0.018868,0,0,0,0.018868,0.018868,0.018868
0.045455,0,0,0,0.045455,0,0,0,0.045455,0,0,0.045455,0.090909,0,0,0.045455,0.045455,0,0,0,0.045455,0.045455,0,0,0,0,0.045455,0.090909,0,0,0,0.045455,0,0,0.045455,0,0.090909,0,0,0.045455,0,0,0,0,0,0.045455,0,0,0,0.090909,0,0,0,0,0,0,0.045455,0,0,0,0,0,0,0
0,0,0,0,0,0.1,0,0,0,0.1,0,0,0,0,0,0,0.1,0.1,0,0,0,0,0,0.1,0,0.1,0,0,0,0,0,0.1,0,0,0,0,0.2,0,0,0,0,0,0,0,0,0,0,0,0,0,0,0,0,0,0,0,0,0,0,0,0,0.1,0,0
0.08,0,0.04,0.12,0.08,0,0.04,0,0,0.04,0,0,0,0.04,0,0,0,0.04,0,0,0.04,0,0,0,0.04,0,0,0,0.04,0,0,0,0,0,0,0,0,0,0.04,0,0,0.04,0,0,0,0.04,0.04,0,0,0.04,0,0,0.04,0,0,0.04,0,0.04,0,0.04,0,0.04,0,0
0,0.047619,0,0,0,0,0,0,0,0,0,0.047619,0,0.047619,0,0,0,0,0,0,0,0.095238,0.047619,0,0,0.047619,0,0,0,0.047619,0,0,0,0,0.047619,0,0.047619,0,0.047619,0.047619,0,0,0,0,0,0,0.047619,0.047619,0,0,0,0.047619,0,0.047619,0,0,0,0,0.047619,0.047619,0,0,0.047619,0.095238
0.090909,0,0,0,0,0,0,0,0,0,0,0,0,0,0,0,0,0,0,0,0.090909,0,0,0,0.090909,0.090909,0,0,0,0,0,0.090909,0,0.090909,0,0.090909,0,0,0,0,0,0,0,0,0,0,0.090909,0,0,0,0,0,0.090909,0,0,0,0.090909,0,0,0,0.090909,0,0,0
0,0,0,0,0.03125,0,0,0,0,0,0,0,0.0625,0,0.03125,0.03125,0,0,0,0,0.0625,0,0.03125,0,0,0,0.03125,0,0,0.03125,0,0.03125,0,0.03125,0.03125,0,0.0625,0,0.0625,0.0625,0.03125,0,0,0,0,0,0,0.03125,0.03125,0,0,0,0.03125,0.03125,0.03125,0.0625,0,0,0.03125,0.03125,0,0.03125,0.0625,0
0.0625,0,0,0,0,0,0,0.0625,0.0625,0,0,0,0,0,0,0,0,0,0,0,0,0,0,0,0,0.0625,0,0,0,0,0,0.0625,0.0625,0,0,0,0,0.0625,0,0,0.0625,0,0,0,0,0,0.0625,0.0625,0,0,0,0.0625,0.0625,0,0.0625,0,0,0.0625,0,0,0.0625,0,0,0.0625
0.05,0.025,0.05,0.025,0.025,0.025,0,0.025,0,0,0,0,0,0,0.025,0.025,0.025,0,0.025,0.025,0,0,0,0,0.025,0,0,0,0.025,0,0.025,0,0,0,0.025,0,0,0.025,0,0.025,0,0.025,0,0,0.025,0,0.05,0.025,0.1,0,0,0,0.025,0,0.025,0.025,0,0,0,0.025,0.05,0.075,0.025,0.025
0.04,0,0,0,0.04,0,0,0.02,0.02,0,0.02,0.02,0,0.02,0.02,0,0.02,0,0.02,0,0.02,0.06,0.04,0.02,0,0.04,0.04,0,0,0.02,0,0,0,0,0.02,0,0,0.02,0,0,0.02,0.02,0,0.02,0,0.06,0.02,0.02,0,0,0.04,0.02,0.02,0.02,0,0.06,0.04,0.02,0.04,0.04,0,0.02,0,0
0.071429,0,0,0,0.071429,0,0,0,0.071429,0,0,0.035714,0.035714,0.071429,0,0.035714,0.035714,0,0,0.071429,0.035714,0.035714,0,0.035714,0.035714,0,0,0.035714,0,0,0,0,0,0,0,0,0,0,0.035714,0,0,0.035714,0,0,0,0,0,0.071429,0.035714,0,0.035714,0,0,0.035714,0.035714,0,0,0,0.035714,0,0,0,0,0
0,0,0,0,0,0,0,0,0,0,0,0,0,0.11111,0,0.11111,0,0,0,0,0,0,0,0,0,0,0,0,0,0,0,0,0,0,0,0,0,0,0,0,0.11111,0,0.11111,0,0,0,0,0.22222,0.11111,0,0,0,0,0,0,0,0.11111,0,0,0,0,0,0.11111,0
0.037037,0.074074,0,0.037037,0.037037,0,0,0,0,0,0,0,0,0.037037,0.037037,0,0,0,0,0,0,0,0,0,0,0.074074,0,0.074074,0,0,0,0,0,0,0,0,0,0.037037,0,0.037037,0,0.037037,0,0,0,0,0.037037,0,0.037037,0,0.037037,0,0,0,0.037037,0.074074,0.037037,0.074074,0.037037,0,0.037037,0,0.037037,0.037037
0.046512,0.093023,0.069767,0,0.046512,0.023256,0.023256,0,0,0,0,0.023256,0.093023,0,0,0,0,0,0,0,0,0,0.023256,0,0.069767,0,0,0,0,0,0,0,0.023256,0.023256,0.046512,0,0.023256,0,0.046512,0.023256,0,0,0,0,0,0.023256,0,0,0,0.023256,0,0.046512,0,0,0,0.023256,0,0.023256,0,0.046512,0.023256,0,0.069767,0.023256
0,0,0,0,0,0.2,0,0,0,0,0,0,0,0,0,0,0,0,0.1,0,0,0,0,0,0,0,0,0,0,0,0,0,0,0,0,0,0.2,0.1,0,0.1,0,0,0,0,0,0,0.1,0,0.1,0,0,0,0,0,0.1,0,0,0,0,0,0,0,0,0
0.076923,0,0,0,0,0,0,0,0,0,0,0,0,0,0,0,0,0,0,0,0,0,0,0,0,0,0.076923,0,0,0.076923,0.076923,0,0,0,0.076923,0,0,0,0,0,0,0,0,0.076923,0,0,0,0.076923,0,0,0,0.076923,0.076923,0.076923,0,0,0,0,0,0,0.076923,0.076923,0.076923,0
0,0,0.016129,0,0.016129,0,0,0,0,0,0,0.016129,0.016129,0.016129,0,0.016129,0.016129,0.080645,0,0.032258,0,0,0.016129,0,0,0.032258,0,0.016129,0.016129,0.016129,0,0.016129,0.016129,0.016129,0,0,0.016129,0.032258,0,0.064516,0,0,0.016129,0,0,0,0.016129,0.048387,0.016129,0.016129,0,0.048387,0.032258,0.016129,0.016129,0.032258,0.032258,0.048387,0,0.048387,0.032258,0.032258,0.032258,0.032258
0.065217,0,0.043478,0,0,0,0.043478,0,0.021739,0.021739,0.021739,0,0,0,0,0,0,0,0,0.043478,0.043478,0,0,0,0.021739,0.043478,0.043478,0,0.021739,0.043478,0,0.021739,0.021739,0,0,0,0.043478,0,0.065217,0,0.021739,0.021739,0,0,0.065217,0,0,0,0.043478,0,0.043478,0,0.021739,0,0.021739,0.065217,0,0.043478,0.021739,0,0,0,0,0
0,0.090909,0,0,0.090909,0,0,0,0,0,0,0,0,0,0,0,0,0,0,0,0.090909,0.090909,0.090909,0,0,0,0,0,0,0,0,0,0,0,0,0,0,0,0,0,0,0,0,0,0,0,0,0.090909,0,0,0,0,0,0.18182,0,0,0,0,0.090909,0,0,0,0,0.18182
0,0,0.090909,0,0,0,0,0,0,0,0,0,0.090909,0,0,0,0.090909,0.18182,0,0,0,0,0,0,0,0,0,0,0,0,0,0.090909,0,0,0,0,0,0,0,0,0,0,0,0.090909,0.090909,0.090909,0,0,0,0,0,0,0,0.090909,0,0,0,0,0,0,0,0,0,0.090909
0,0.032258,0.032258,0,0.032258,0,0,0.032258,0,0.032258,0,0,0.032258,0,0.032258,0,0,0,0,0,0,0,0,0,0.032258,0,0.096774,0.096774,0.032258,0,0.032258,0,0,0,0,0,0.032258,0,0,0,0.032258,0,0.032258,0.032258,0,0,0.096774,0.032258,0,0,0,0,0.032258,0,0,0,0.032258,0.032258,0,0.032258,0,0,0.096774,0
0.1,0.1,0.1,0,0,0,0.1,0,0.1,0,0,0,0,0,0,0,0.1,0,0,0,0,0,0,0,0,0,0.1,0,0,0,0,0,0.1,0,0,0,0,0,0,0,0,0,0,0,0,0,0,0,0,0,0,0,0,0,0,0,0.2,0,0,0,0,0,0,0
0.055556,0,0.11111,0,0,0.11111,0,0,0,0,0,0.055556,0,0,0,0,0,0,0,0,0.11111,0,0,0.055556,0,0,0,0,0,0,0,0,0.11111,0,0,0,0.11111,0,0,0,0,0,0,0,0,0,0.11111,0,0,0,0,0,0,0,0,0,0,0,0.055556,0,0,0.055556,0.055556,0
0.086957,0.043478,0.043478,0.043478,0.043478,0,0.043478,0,0.043478,0,0,0.043478,0,0,0,0,0,0,0,0,0,0,0,0,0,0.086957,0.086957,0.043478,0,0,0,0,0.086957,0,0.043478,0,0.043478,0,0.043478,0,0,0,0,0,0,0,0.086957,0,0,0,0.043478,0,0,0,0,0,0,0,0,0,0,0,0,0.043478
0.029412,0,0,0.088235,0.029412,0,0.029412,0,0,0.058824,0.029412,0.029412,0,0.029412,0,0.029412,0,0,0,0,0,0,0,0,0,0.058824,0,0,0,0.029412,0.029412,0,0.029412,0,0.029412,0,0,0,0.029412,0,0,0.029412,0,0,0,0.029412,0.058824,0,0,0.058824,0.029412,0,0,0,0,0,0.058824,0,0,0,0.058824,0.029412,0.029412,0.058824
0.058824,0,0,0,0,0,0.058824,0,0,0.058824,0.058824,0.058824,0.058824,0,0,0,0,0,0,0,0.058824,0,0,0.058824,0,0,0,0,0,0,0,0,0,0,0,0,0.058824,0,0.058824,0,0.058824,0.058824,0,0.058824,0,0,0.058824,0,0,0,0,0,0.058824,0,0,0,0.058824,0.058824,0,0,0,0,0,0
0,0,0,0,0.083333,0,0,0,0.041667,0,0,0.041667,0,0,0.041667,0.041667,0,0,0.041667,0,0,0,0,0,0,0,0,0,0,0,0,0,0,0.041667,0,0,0.041667,0.041667,0.041667,0.041667,0,0.041667,0,0,0,0,0.041667,0.083333,0.041667,0,0.083333,0,0.041667,0,0.041667,0.041667,0,0.041667,0,0,0.041667,0,0,0
0.028986,0,0,0,0.057971,0.043478,0,0.014493,0.028986,0.014493,0.043478,0.014493,0.014493,0.028986,0.014493,0,0,0.10145,0.014493,0.014493,0.014493,0,0,0,0.014493,0,0.028986,0.014493,0,0,0.072464,0.014493,0,0,0.014493,0.028986,0.057971,0.014493,0,0,0.028986,0.014493,0,0,0,0,0.014493,0,0.014493,0,0.014493,0,0.028986,0.014493,0.014493,0,0,0.043478,0.057971,0.014493,0,0,0,0.028986
0,0,0,0,0.043478,0,0.086957,0,0.043478,0,0,0.043478,0,0.043478,0,0,0.043478,0,0.043478,0,0,0,0,0.043478,0.086957,0.043478,0,0,0,0,0,0,0.043478,0.043478,0,0,0.086957,0,0.043478,0.043478,0.043478,0,0,0,0,0,0.043478,0,0,0,0,0,0,0.043478,0,0,0,0,0.086957,0,0,0,0,0
0.125,0,0,0,0,0,0,0,0.125,0,0,0,0,0,0,0,0,0,0,0,0.125,0,0,0,0,0,0,0,0,0,0,0,0,0.125,0,0,0,0,0.25,0,0,0,0,0,0.125,0,0,0,0,0,0,0,0,0,0,0,0,0.125,0,0,0,0,0,0
0.03125,0,0.03125,0,0,0,0.03125,0.03125,0,0,0.03125,0.03125,0,0.03125,0,0.03125,0,0,0,0,0,0,0,0,0.03125,0.03125,0,0,0,0,0,0,0.03125,0.03125,0,0.0625,0,0,0.03125,0.03125,0.03125,0,0,0,0,0.03125,0.0625,0,0.0625,0,0.03125,0,0.03125,0.0625,0,0,0.0625,0,0,0,0,0.03125,0.03125,0.0625
0,0,0,0.1,0,0,0,0,0,0,0,0,0,0,0,0,0.2,0,0.1,0,0,0,0,0.1,0,0,0,0,0,0.2,0,0,0.1,0,0,0,0,0,0,0,0,0,0,0,0,0,0,0,0,0,0.1,0,0,0.1,0,0,0,0,0,0,0,0,0,0
0,0,0,0,0.14286,0,0,0.071429,0,0,0,0,0,0,0,0.071429,0.071429,0,0.071429,0,0,0,0,0,0.071429,0,0,0,0,0,0.071429,0,0,0,0,0,0,0,0,0.21429,0,0,0,0,0,0,0.071429,0,0.071429,0,0,0,0,0,0,0,0.071429,0,0,0,0,0,0,0
0,0,0,0,0.076923,0,0.076923,0,0,0,0,0.076923,0.076923,0,0,0,0.076923,0,0,0,0,0,0,0,0,0,0.076923,0,0,0.076923,0.076923,0,0.076923,0,0,0,0,0,0,0,0,0,0,0,0,0,0,0,0.076923,0,0,0,0,0,0,0,0,0,0.076923,0,0,0,0.076923,0.076923
0,0,0,0,0.05,0,0,0,0.1,0,0,0,0.05,0.05,0,0.1,0,0,0,0,0,0,0,0,0,0,0,0,0.05,0,0,0.05,0,0,0,0,0,0,0,0,0.05,0,0,0,0,0,0.05,0.05,0,0.05,0.05,0.1,0.05,0,0,0,0,0,0,0.1,0,0,0,0.05
0,0,0.04,0,0.04,0,0,0,0,0,0,0.04,0,0.04,0,0,0.04,0,0,0,0.04,0,0.08,0,0,0,0,0.04,0,0,0.04,0.04,0,0.04,0.04,0,0.04,0,0,0,0,0.04,0,0,0.08,0,0,0.04,0.08,0.04,0,0,0,0,0.04,0,0,0,0,0,0.04,0,0.04,0.04
0.090909,0,0,0.090909,0,0,0,0,0,0,0,0,0.090909,0,0,0.090909,0.090909,0,0,0,0,0,0,0,0,0,0,0.090909,0,0,0,0,0,0,0,0,0,0,0,0,0,0,0,0,0,0.090909,0,0,0.090909,0,0,0,0,0,0,0.090909,0,0,0.090909,0,0.090909,0,0,0
0,0,0,0,0,0,0,0.14286,0,0,0,0,0,0,0,0,0,0,0,0,0,0.071429,0,0.071429,0.071429,0,0,0,0.071429,0,0.071429,0,0,0,0,0,0.14286,0,0,0,0,0,0,0.071429,0,0,0,0,0,0.071429,0.071429,0,0,0,0,0,0,0,0,0,0,0,0.14286,0
0,0,0.043478,0.043478,0,0,0,0,0.043478,0.043478,0.043478,0,0.086957,0,0,0.086957,0,0.086957,0.043478,0.043478,0.043478,0,0,0,0.043478,0,0,0,0.043478,0,0.043478,0,0,0,0,0,0,0.043478,0,0,0,0,0,0,0,0,0,0.043478,0,0,0,0,0,0.043478,0,0,0,0,0.043478,0,0.043478,0.043478,0,0
0.028571,0.028571,0.085714,0.028571,0.028571,0.057143,0,0,0,0.028571,0,0,0.057143,0,0,0.057143,0,0,0,0,0,0,0,0,0,0,0.028571,0,0.085714,0,0,0.028571,0,0.028571,0.028571,0,0.028571,0,0,0.057143,0,0,0,0.028571,0,0.028571,0,0,0.028571,0.085714,0,0,0,0,0,0.028571,0.028571,0.028571,0,0.028571,0.028571,0,0,0
0.03125,0.03125,0,0.03125,0,0,0,0.03125,0,0,0,0,0.09375,0,0.0625,0.03125,0,0,0.03125,0.09375,0,0,0,0,0,0,0,0,0,0.03125,0.03125,0,0,0,0,0,0,0,0.03125,0,0.03125,0,0,0.03125,0.03125,0,0.03125,0,0.03125,0,0,0.03125,0.03125,0,0,0,0,0.0625,0,0.09375,0.03125,0,0,0.0625
0.047619,0.02381,0.02381,0.071429,0,0,0,0,0.047619,0,0,0,0,0.02381,0.02381,0.047619,0.02381,0.02381,0.02381,0,0,0,0,0,0,0,0,0.02381,0,0,0.02381,0,0,0,0,0,0.02381,0,0.02381,0.02381,0.02381,0.02381,0,0,0.02381,0,0,0.047619,0.047619,0.02381,0,0.02381,0,0.047619,0.02381,0,0.02381,0.047619,0,0,0.02381,0.02381,0,0.095238
0,0,0,0,0,0.11111,0,0,0,0,0,0,0,0.11111,0,0,0,0,0,0,0,0,0.11111,0,0,0,0,0,0.11111,0,0,0,0,0.11111,0.11111,0,0,0,0,0,0,0.11111,0,0,0,0,0,0,0.11111,0.11111,0,0,0,0,0,0,0,0,0,0,0,0,0,0
0.083333,0,0,0,0,0,0,0,0,0,0,0,0,0,0,0.083333,0,0,0,0.083333,0,0,0,0,0,0,0,0,0,0,0,0,0,0,0,0,0,0,0,0,0,0,0,0,0,0,0.083333,0,0.16667,0.083333,0,0.083333,0,0.083333,0.083333,0,0,0.083333,0,0,0,0,0.083333,0
0,0,0,0,0,0,0,0.076923,0,0,0,0,0,0,0,0.076923,0.076923,0,0,0,0,0.076923,0,0,0,0,0,0,0,0,0.076923,0,0,0,0,0,0,0.076923,0,0,0,0,0,0,0,0,0,0,0.23077,0,0.076923,0,0,0,0,0,0,0,0,0.076923,0,0.076923,0,0.076923
0,0,0,0,0.066667,0,0.066667,0,0,0,0,0,0,0,0,0.066667,0.13333,0,0,0,0.066667,0,0.066667,0,0,0.066667,0,0,0,0,0,0,0,0,0.13333,0,0,0,0.13333,0,0,0,0,0,0,0,0,0,0,0,0,0.066667,0,0,0,0,0.066667,0,0,0,0.066667,0,0,0
0.18182,0,0,0,0,0,0,0.090909,0.090909,0,0,0,0.090909,0,0,0,0,0,0,0.090909,0,0.090909,0,0,0.090909,0.090909,0,0,0,0,0,0,0,0,0,0,0.090909,0,0,0,0,0,0,0,0,0,0,0,0,0,0,0,0,0,0,0,0,0,0,0,0,0.090909,0,0
0.058824,0.058824,0,0,0.058824,0,0,0,0,0,0.058824,0,0,0,0.058824,0.058824,0.058824,0,0.058824,0,0.058824,0,0.058824,0,0,0,0,0,0,0,0,0.058824,0,0,0,0,0.058824,0,0,0,0,0,0,0,0,0,0,0,0.058824,0.058824,0,0,0,0,0.058824,0,0,0.058824,0,0,0,0,0.058824,0
0,0,0,0,0,0,0,0.055556,0,0,0,0,0.055556,0,0.055556,0,0,0.055556,0,0,0,0,0,0.055556,0,0.055556,0,0,0,0,0,0.055556,0,0,0,0,0,0,0.055556,0,0,0.055556,0,0,0,0,0.16667,0.055556,0,0,0,0,0,0,0.055556,0.055556,0,0,0,0.11111,0,0,0,0.055556
0,0,0,0,0.038462,0,0,0.019231,0.019231,0,0,0.019231,0,0,0,0,0.019231,0,0.038462,0,0.019231,0.038462,0,0.038462,0.019231,0.019231,0.019231,0.038462,0,0.038462,0.057692,0.038462,0,0,0.019231,0,0.019231,0.019231,0.038462,0,0,0,0,0,0,0.019231,0.057692,0,0.019231,0,0,0.019231,0,0,0.038462,0.019231,0,0.019231,0,0.13462,0.038462,0.019231,0.019231,0.019231
0,0,0.090909,0,0.090909,0,0.090909,0,0,0,0,0,0,0.090909,0,0,0.090909,0,0,0,0,0,0,0,0.090909,0,0,0,0,0,0,0,0.090909,0,0,0.090909,0,0,0,0,0,0,0,0,0,0,0,0,0,0,0,0,0,0,0,0,0,0,0.090909,0,0,0,0.090909,0.090909
0.083333,0.027778,0,0.027778,0,0,0,0,0.027778,0,0,0,0.027778,0.027778,0.027778,0,0.027778,0,0,0,0,0,0,0.027778,0,0.027778,0,0,0,0,0.055556,0,0.027778,0,0,0,0.027778,0,0,0,0,0,0,0,0.027778,0.027778,0.083333,0,0.027778,0,0.055556,0.027778,0.027778,0,0,0.027778,0.027778,0.027778,0,0.027778,0.11111,0.055556,0,0
0,0,0.027027,0.027027,0.081081,0,0,0.027027,0,0,0,0,0.027027,0.027027,0,0,0,0,0.027027,0.081081,0.027027,0,0,0,0,0.054054,0,0.027027,0.027027,0,0,0.027027,0.054054,0,0,0,0,0.027027,0.027027,0.054054,0,0,0,0.054054,0.027027,0.027027,0.027027,0.027027,0,0,0,0,0.027027,0,0,0,0.027027,0.054054,0,0,0,0,0.027027,0.054054
0,0,0,0.0625,0.0625,0,0,0.0625,0,0,0,0,0,0,0,0.0625,0,0,0,0,0,0,0.0625,0,0,0,0,0,0,0,0,0,0.0625,0,0,0,0,0,0,0,0,0,0,0,0,0,0,0.0625,0.125,0,0,0,0,0,0.0625,0,0.0625,0,0,0.125,0.0625,0.0625,0.0625,0
0,0,0,0,0,0,0.090909,0,0,0,0,0.090909,0,0,0,0.090909,0,0.090909,0,0,0,0,0,0,0,0.090909,0,0,0,0,0,0,0,0,0,0,0.18182,0,0,0,0,0,0,0,0,0,0.090909,0.090909,0,0.090909,0,0,0,0,0,0.090909,0,0,0,0,0,0,0,0
0,0.03125,0.03125,0,0.03125,0.03125,0.03125,0,0.03125,0.125,0,0,0,0.03125,0,0,0,0,0,0.03125,0.15625,0,0,0,0,0.03125,0.0625,0,0,0,0,0,0,0,0.03125,0,0.03125,0.03125,0,0,0.0625,0.0625,0,0.0625,0,0.03125,0,0,0,0,0,0,0,0,0,0,0,0,0,0.0625,0,0,0,0
0.083333,0.125,0,0,0,0.041667,0,0,0.041667,0.041667,0,0.083333,0.041667,0.041667,0,0.041667,0.041667,0,0.041667,0,0,0,0,0.041667,0,0,0,0,0,0,0,0,0,0,0,0,0,0,0,0,0,0,0,0,0.041667,0,0,0,0.083333,0,0,0.041667,0,0,0,0,0,0.041667,0,0.083333,0,0,0.041667,0
0.1,0,0.1,0,0,0,0,0,0.1,0,0,0,0,0,0,0,0,0,0,0,0,0,0,0,0.1,0,0,0,0,0,0.3,0,0,0,0,0,0,0,0.1,0,0,0,0,0,0,0,0,0,0,0,0,0,0,0,0,0.1,0,0,0,0,0,0.1,0,0
0,0,0.1,0.1,0,0,0,0,0,0.1,0,0,0,0,0,0,0,0,0,0,0.1,0,0,0,0,0,0.1,0,0,0,0,0,0,0,0.1,0,0.1,0,0,0,0,0.1,0,0,0,0.1,0,0,0,0,0,0,0,0,0,0,0,0,0.1,0,0,0,0,0
0,0,0,0,0,0,0,0.058824,0,0.058824,0.058824,0,0,0,0,0,0.058824,0,0,0,0,0.058824,0.058824,0,0,0,0.058824,0,0.058824,0,0.11765,0,0,0.058824,0,0,0.058824,0,0,0,0,0,0,0,0,0.11765,0,0,0,0,0,0,0,0.058824,0.058824,0,0.058824,0,0,0,0,0,0,0
0,0.027027,0,0,0.027027,0,0.054054,0,0.054054,0,0,0,0.027027,0.054054,0,0,0.027027,0.027027,0.027027,0,0.027027,0,0,0,0.027027,0,0,0,0,0.027027,0,0,0.027027,0,0.027027,0,0.081081,0,0,0,0.027027,0.027027,0,0.054054,0,0,0.027027,0.054054,0,0,0.027027,0,0.054054,0,0.054054,0.10811,0,0,0,0,0,0,0.027027,0
0,0,0,0,0,0.045455,0,0,0.090909,0.090909,0,0,0,0.045455,0,0,0.045455,0,0,0,0,0,0,0,0.090909,0,0,0,0,0,0,0,0.045455,0.045455,0,0,0,0,0,0,0.090909,0,0.045455,0,0,0,0,0.045455,0.045455,0,0,0,0,0,0,0.045455,0,0,0,0.090909,0.045455,0,0.045455,0.045455
0.1,0,0,0,0,0,0.1,0,0,0,0,0,0,0,0,0,0,0,0,0,0,0,0,0,0,0,0.2,0,0.2,0,0,0,0,0,0,0,0,0,0.2,0,0,0,0,0,0,0,0,0,0.1,0,0,0,0,0,0,0,0,0,0,0,0.1,0,0,0
0,0,0,0.039216,0.019608,0.019608,0,0.019608,0,0,0,0,0,0.078431,0,0.019608,0.039216,0.039216,0.039216,0.039216,0.019608,0.039216,0.039216,0,0,0.019608,0.019608,0.039216,0,0,0,0.039216,0,0.019608,0.019608,0.039216,0.019608,0,0,0,0,0.019608,0.019608,0,0,0,0.019608,0,0.039216,0,0,0,0.019608,0.019608,0.039216,0,0.039216,0.039216,0.019608,0,0,0,0.058824,0
0,0,0,0,0,0,0,0,0,0,0,0,0,0,0,0.14286,0,0,0,0.071429,0,0,0,0,0.071429,0,0,0.14286,0,0,0,0,0,0,0,0,0,0,0,0,0,0,0,0,0,0.071429,0,0.071429,0,0,0,0,0,0,0.071429,0,0,0,0,0,0.14286,0.14286,0,0.071429
0.13333,0,0,0,0,0,0,0,0,0,0,0.066667,0,0,0,0,0,0,0,0,0,0,0,0,0,0.066667,0,0.066667,0,0,0,0,0,0,0,0,0.066667,0,0,0,0,0,0,0,0,0,0.2,0,0.066667,0,0,0,0,0,0,0,0,0.13333,0.066667,0.13333,0,0,0,0
0.0625,0,0.0625,0.0625,0.1875,0,0,0,0,0,0,0,0,0,0.0625,0,0.0625,0,0,0.0625,0,0,0,0,0,0,0,0,0,0,0,0,0,0,0,0,0.0625,0,0,0,0,0,0,0,0,0,0,0,0,0.125,0,0,0,0,0,0,0.125,0,0.125,0,0,0,0,0
0.125,0.020833,0.041667,0.041667,0.020833,0,0,0.041667,0.020833,0.041667,0,0.041667,0,0.020833,0.041667,0,0,0,0,0.020833,0,0,0.020833,0,0,0,0.020833,0,0,0.020833,0.020833,0,0.020833,0.020833,0.020833,0,0.020833,0,0.020833,0,0,0,0,0.020833,0,0,0.0625,0.020833,0.020833,0,0,0.020833,0,0.020833,0,0,0,0.0625,0.041667,0.0625,0,0,0,0
0.14286,0,0,0,0.071429,0,0,0.071429,0,0,0.071429,0,0,0,0,0,0,0,0.071429,0,0,0,0,0,0,0,0,0,0,0,0,0,0.071429,0,0.071429,0,0,0.071429,0.071429,0,0,0,0,0,0,0,0,0,0.071429,0,0,0.071429,0,0,0,0,0,0.071429,0.071429,0,0,0,0,0
0.090909,0,0,0,0.090909,0.090909,0,0,0,0,0,0,0,0,0,0,0,0,0,0,0,0,0,0,0,0.090909,0,0,0,0,0,0.18182,0,0,0,0,0,0.090909,0,0,0,0,0,0,0,0,0,0,0,0,0.090909,0,0.090909,0,0.090909,0,0,0,0,0,0,0,0,0.090909
0,0,0.047619,0,0,0,0.047619,0,0,0,0,0,0.095238,0,0.047619,0.047619,0,0,0,0.047619,0.047619,0,0,0,0,0,0,0,0,0,0,0,0.047619,0,0,0,0.095238,0,0,0,0,0,0,0,0.047619,0,0,0,0.047619,0.047619,0,0,0,0,0,0,0.095238,0,0.095238,0,0,0,0.095238,0.047619
0.037037,0.037037,0,0,0,0,0.037037,0.037037,0.037037,0,0,0,0,0,0.037037,0.037037,0,0,0.037037,0,0,0,0,0,0,0.037037,0,0.074074,0,0,0,0,0,0,0,0,0.037037,0,0,0,0.037037,0,0,0,0.037037,0,0,0.11111,0.074074,0.037037,0,0,0,0,0,0,0.074074,0,0,0,0.074074,0.074074,0,0.037037
0,0,0,0,0,0,0,0,0.083333,0,0.083333,0.083333,0,0,0,0,0.16667,0,0,0,0,0,0,0,0,0,0,0,0.083333,0,0,0,0,0,0,0,0,0,0,0,0,0,0,0,0,0,0,0.083333,0.083333,0,0,0,0,0,0,0,0,0.16667,0,0,0.083333,0,0,0.083333
0.022222,0,0.022222,0.022222,0,0,0.022222,0,0.022222,0,0,0,0,0,0.022222,0.044444,0,0.066667,0,0,0.022222,0.022222,0.066667,0,0.022222,0,0.022222,0,0,0,0,0,0.044444,0.022222,0.022222,0,0.022222,0,0.022222,0.044444,0,0.022222,0,0,0,0,0.022222,0.022222,0.044444,0.022222,0,0,0,0,0,0,0.044444,0.044444,0.066667,0,0.066667,0,0.022222,0.044444
0,0.058824,0,0,0,0,0,0,0.058824,0.058824,0,0.058824,0,0,0.058824,0,0,0.058824,0,0,0,0,0,0.058824,0,0,0.058824,0.058824,0,0,0.058824,0,0,0.058824,0,0,0,0,0,0,0,0,0,0,0,0,0,0,0,0,0,0,0,0,0.11765,0,0.058824,0.11765,0,0,0,0,0,0.058824
0.021739,0,0.021739,0.021739,0,0,0.021739,0,0,0,0,0,0.021739,0,0,0.021739,0.043478,0,0.021739,0.043478,0,0.065217,0.043478,0.043478,0,0,0.021739,0.021739,0,0,0.065217,0,0,0,0,0.021739,0.021739,0.021739,0,0,0.021739,0,0,0.021739,0,0.021739,0.065217,0.021739,0,0.021739,0,0,0.021739,0.043478,0,0,0.021739,0.021739,0,0.065217,0.043478,0,0.021739,0.021739
0.032258,0.032258,0,0,0,0,0,0,0,0,0,0.032258,0,0.064516,0,0.064516,0.064516,0,0,0,0.032258,0,0.032258,0,0.032258,0,0,0,0.032258,0,0,0,0,0.032258,0,0,0,0.032258,0.032258,0.032258,0.032258,0.032258,0,0,0,0,0.032258,0,0,0,0,0.032258,0,0.032258,0.032258,0.064516,0,0.032258,0,0.032258,0,0.064516,0,0.064516
0.052632,0,0,0,0,0,0,0.052632,0,0.052632,0,0.052632,0,0,0,0,0.10526,0,0,0,0,0,0.052632,0,0,0,0,0,0.052632,0,0,0.052632,0,0,0,0,0,0.052632,0,0.10526,0,0,0,0,0.10526,0,0,0,0.052632,0,0,0.10526,0,0,0,0,0,0,0,0,0,0,0,0.10526
0.013514,0.013514,0,0.013514,0,0.013514,0.013514,0.027027,0.013514,0,0,0.027027,0.040541,0.013514,0.040541,0,0,0,0,0,0.013514,0,0.013514,0.013514,0.040541,0.013514,0.013514,0.027027,0.013514,0,0.027027,0,0.013514,0.013514,0,0.027027,0.013514,0,0.040541,0.040541,0.013514,0.040541,0,0.040541,0.040541,0.013514,0.013514,0.054054,0,0,0.013514,0,0.013514,0.027027,0.054054,0.013514,0.013514,0,0.013514,0.027027,0,0.013514,0.013514,0.027027
0,0,0,0,0.066667,0,0,0.13333,0,0,0,0,0,0.066667,0.066667,0,0,0.066667,0,0,0,0,0,0,0.066667,0,0,0,0,0.066667,0,0.066667,0,0,0,0,0,0,0,0,0,0.066667,0,0,0,0,0,0,0.066667,0,0,0,0,0,0,0.066667,0,0,0.066667,0,0,0,0,0.13333
0,0,0.033333,0.13333,0.066667,0,0.033333,0,0,0,0,0,0,0,0,0,0.033333,0.066667,0.066667,0,0,0,0,0,0.033333,0,0.033333,0,0,0,0,0,0.066667,0,0,0,0.066667,0,0.033333,0,0,0.033333,0,0.033333,0,0.1,0.033333,0,0,0,0.033333,0,0,0,0.033333,0,0,0,0,0,0,0.033333,0.033333,0
0,0,0,0.020833,0.020833,0,0,0.020833,0.020833,0,0,0.020833,0,0.041667,0.083333,0.020833,0.0625,0.125,0,0.020833,0.020833,0.041667,0.020833,0,0,0,0,0,0.020833,0,0,0,0,0,0,0,0.041667,0,0,0.020833,0,0.020833,0.041667,0,0,0.020833,0,0.020833,0.020833,0,0,0.020833,0.041667,0,0.0625,0,0.020833,0,0,0.020833,0,0.020833,0.041667,0.020833
0,0.033333,0,0,0.066667,0,0.033333,0.066667,0.066667,0,0,0.066667,0,0.033333,0.033333,0,0.033333,0.033333,0,0,0,0,0,0,0,0,0,0,0.033333,0,0.033333,0,0.033333,0,0,0,0.1,0.033333,0,0,0,0,0.033333,0.033333,0,0,0.033333,0.033333,0,0.033333,0.033333,0,0,0.066667,0,0,0.033333,0,0,0,0,0,0,0
0,0,0,0,0.047619,0,0,0,0,0,0,0,0,0,0,0.047619,0,0,0,0.047619,0.047619,0,0,0,0,0.047619,0,0,0.047619,0,0.047619,0,0,0.047619,0.047619,0.047619,0,0,0,0,0,0,0,0,0,0,0.047619,0,0,0,0.047619,0.047619,0,0,0,0.047619,0,0,0.095238,0,0.047619,0.19048,0,0
0,0,0,0,0,0,0,0,0,0,0,0,0.066667,0,0,0,0,0.066667,0,0,0,0,0,0.066667,0,0,0,0.066667,0,0,0,0.066667,0,0,0,0,0,0,0,0,0,0,0,0.066667,0.066667,0,0,0,0.13333,0,0,0.066667,0.066667,0,0,0.13333,0.13333,0,0,0,0,0,0,0
0.125,0,0,0.0625,0,0,0,0,0,0,0,0,0,0,0,0.0625,0.0625,0,0.0625,0,0,0,0,0,0.0625,0,0,0,0,0,0,0,0.125,0,0,0,0.125,0,0.0625,0,0,0,0,0,0,0,0,0.0625,0,0,0,0,0,0,0,0,0.0625,0.125,0,0,0,0,0,0
0,0,0,0,0.045455,0,0.045455,0,0.045455,0,0,0,0.13636,0,0.045455,0,0.045455,0,0.045455,0.090909,0,0,0,0,0,0,0,0,0,0,0,0,0,0,0,0,0,0,0,0.045455,0.045455,0,0,0,0,0,0,0.090909,0,0.045455,0.045455,0.13636,0,0,0,0.045455,0,0,0,0.045455,0,0,0,0
0.11111,0,0,0,0,0,0,0,0,0,0.11111,0,0.11111,0,0,0,0.055556,0,0,0,0,0,0,0,0,0,0,0.055556,0.055556,0,0.055556,0,0,0,0.055556,0,0,0,0,0,0,0,0,0,0,0,0.055556,0,0,0.055556,0,0.055556,0,0,0,0,0,0,0,0,0.055556,0.055556,0.055556,0.055556
0.21053,0.052632,0,0,0,0,0,0,0,0.15789,0,0.052632,0,0,0,0,0.052632,0,0,0,0,0.052632,0.052632,0,0,0.052632,0,0,0,0.052632,0,0,0,0,0,0,0,0.052632,0.052632,0,0,0.052632,0,0,0,0,0,0,0,0,0,0,0,0,0,0,0,0,0,0,0,0.10526,0,0
0,0,0.11765,0,0.058824,0,0,0,0,0,0.058824,0,0,0,0,0,0,0,0,0,0.058824,0,0,0,0.058824,0.058824,0,0,0,0,0,0,0,0,0,0,0.058824,0,0,0,0,0,0,0,0,0.17647,0,0.058824,0.058824,0,0,0.058824,0,0.058824,0,0,0,0,0,0,0.058824,0,0,0.058824
0.090909,0,0,0,0,0.045455,0,0,0,0,0,0.045455,0,0,0,0,0.045455,0,0.090909,0,0.045455,0,0,0.045455,0.045455,0,0.045455,0,0,0,0.045455,0,0.090909,0,0.045455,0.045455,0,0,0,0,0.045455,0.045455,0,0,0,0,0,0,0,0,0,0,0.045455,0,0.045455,0,0,0.045455,0,0,0,0,0,0.045455
0.043478,0.043478,0,0.043478,0.043478,0.043478,0.043478,0,0,0.086957,0,0,0,0,0,0,0,0.043478,0,0,0.043478,0,0.043478,0,0,0,0.043478,0,0,0,0,0,0,0.043478,0,0.043478,0,0.043478,0,0,0.043478,0,0,0,0,0,0.043478,0,0.043478,0,0,0,0,0.043478,0.043478,0,0.043478,0,0,0,0,0.086957,0,0
0.04,0,0,0.04,0.04,0.04,0,0,0.04,0,0,0.04,0,0,0.04,0.08,0.04,0.04,0,0,0,0,0,0,0,0,0,0,0.04,0.04,0,0,0.08,0.04,0.04,0,0.04,0,0,0,0.08,0,0.04,0,0,0,0,0,0,0,0.04,0,0,0,0.04,0.04,0,0,0,0,0,0,0.04,0
0,0,0,0,0.058824,0.058824,0,0,0,0,0,0,0,0,0,0.058824,0.058824,0,0,0,0,0.11765,0,0.058824,0,0,0,0,0,0,0,0,0,0,0.058824,0,0.058824,0.17647,0,0,0,0,0.058824,0,0,0,0,0,0,0,0,0,0.17647,0,0.058824,0,0,0,0,0,0,0,0,0
0.05,0.1,0,0,0,0,0.05,0,0.05,0.05,0,0,0.15,0,0,0.1,0,0,0,0,0,0,0,0,0,0,0,0,0,0,0,0,0.05,0.05,0,0,0.05,0,0,0,0,0,0,0,0.05,0,0,0,0,0,0,0,0.05,0.05,0,0,0,0,0,0.05,0.1,0,0,0
0.11111,0,0.027778,0,0.027778,0,0,0,0.027778,0,0,0,0,0,0.055556,0.055556,0.027778,0.027778,0.027778,0,0,0,0,0,0.027778,0,0,0.027778,0,0,0,0,0.027778,0.027778,0,0,0.055556,0,0,0,0,0,0,0,0.027778,0,0.055556,0,0,0.027778,0.055556,0.027778,0,0,0,0.027778,0.027778,0.027778,0,0.027778,0.055556,0.027778,0.055556,0
0,0,0,0,0,0.034483,0,0,0,0,0,0.034483,0.068966,0.034483,0,0,0,0.034483,0,0,0,0,0,0,0,0.068966,0,0.034483,0,0,0,0.034483,0.034483,0,0.034483,0,0.034483,0,0,0.034483,0,0,0,0,0.034483,0.068966,0,0,0,0,0,0,0,0.068966,0.10345,0.034483,0,0,0.068966,0.068966,0,0.068966,0,0
0,0.071429,0,0.071429,0,0,0.071429,0,0.071429,0,0,0,0.071429,0,0,0,0.071429,0,0,0,0,0,0.071429,0,0.071429,0,0.071429,0.071429,0,0,0,0,0,0,0,0,0,0,0.071429,0,0,0,0,0,0,0,0.071429,0,0.071429,0,0,0,0,0,0,0,0.071429,0,0,0,0,0,0,0
0,0,0,0,0.125,0,0,0,0,0,0.0625,0,0.0625,0,0,0,0.0625,0.1875,0.0625,0,0,0,0,0,0,0,0,0,0,0,0,0,0,0,0,0,0.1875,0,0,0,0,0,0,0,0,0,0,0,0,0,0,0,0,0,0,0,0,0.0625,0.0625,0,0,0,0.0625,0.0625
0,0,0.11111,0,0,0,0,0.11111,0,0.11111,0,0,0,0,0.11111,0,0.11111,0,0,0,0,0.11111,0,0,0,0,0,0,0,0,0,0,0,0,0,0,0,0,0,0,0,0,0,0,0,0,0,0,0,0,0.11111,0,0.11111,0,0,0,0.11111,0,0,0,0,0,0,0
0,0,0,0,0,0,0,0,0.054054,0,0,0.027027,0,0.027027,0,0.081081,0,0.027027,0.054054,0,0.054054,0,0.081081,0.054054,0.027027,0.054054,0,0.027027,0.027027,0,0.081081,0,0,0.054054,0.027027,0,0,0.027027,0,0,0,0.027027,0,0,0.027027,0,0.027027,0,0,0,0,0.027027,0.027027,0,0,0,0,0,0,0,0,0,0.081081,0
0.1875,0.0625,0,0,0,0,0,0,0,0,0,0,0.0625,0,0.0625,0,0.0625,0,0.0625,0,0,0.0625,0,0,0,0,0,0,0,0,0,0,0,0,0,0,0.0625,0,0,0,0.0625,0,0,0.0625,0,0,0.0625,0,0,0,0,0,0,0.125,0,0,0,0,0,0,0,0,0,0.0625
0,0.034483,0.034483,0,0.034483,0,0,0.034483,0.034483,0.034483,0,0.034483,0,0,0,0,0,0,0,0,0,0,0,0,0,0.034483,0,0,0,0.034483,0.034483,0,0.034483,0,0.034483,0,0.034483,0,0,0.068966,0.034483,0,0,0,0.068966,0.034483,0,0,0,0,0,0.034483,0,0,0.034483,0,0.068966,0.034483,0.068966,0.034483,0,0.034483,0.034483,0
0.15385,0,0,0,0.076923,0,0,0,0,0,0,0.076923,0.076923,0,0,0,0.076923,0,0,0,0,0,0,0,0,0,0,0,0,0,0,0,0,0,0,0,0,0,0,0,0,0.076923,0,0,0,0,0.076923,0,0,0,0.076923,0,0.076923,0.076923,0,0.076923,0,0,0,0,0.076923,0,0,0
0.071429,0,0,0,0,0,0,0.071429,0,0.071429,0,0.071429,0,0,0.071429,0,0.071429,0,0,0,0,0,0,0,0,0,0.071429,0,0,0,0.071429,0,0,0,0,0,0,0,0,0.071429,0,0,0,0,0,0,0,0,0.071429,0,0,0,0,0.071429,0,0,0,0,0,0.14286,0.071429,0,0,0
0.0625,0,0,0,0,0,0,0,0.0625,0,0,0.0625,0.0625,0,0.0625,0.0625,0,0,0,0,0,0,0,0,0,0,0,0,0,0,0.0625,0,0,0,0,0.0625,0.0625,0,0,0,0,0.0625,0,0,0,0,0,0,0.0625,0,0.0625,0.125,0,0.0625,0,0,0,0.0625,0,0,0,0,0,0
0,0,0,0,0,0,0,0.076923,0.038462,0.038462,0,0,0,0,0.038462,0.11538,0.038462,0.038462,0,0,0,0.076923,0.038462,0,0,0.038462,0,0,0,0,0,0,0,0,0,0,0,0,0,0.038462,0,0.038462,0.038462,0.076923,0.038462,0,0,0,0,0,0.076923,0.076923,0,0.038462,0,0,0,0.038462,0,0,0,0,0,0
0.055556,0,0,0.055556,0.055556,0,0,0,0,0,0,0,0,0,0.055556,0,0,0,0,0,0,0,0.055556,0,0,0.055556,0,0,0.055556,0,0.055556,0,0,0,0,0.11111,0,0.11111,0.055556,0,0,0,0.055556,0,0,0,0.055556,0,0,0,0,0,0,0,0,0.055556,0.055556,0,0.055556,0,0,0,0,0
0,0,0.052632,0,0,0,0,0,0,0,0,0.052632,0,0,0,0.052632,0,0,0.10526,0,0.052632,0,0.052632,0.052632,0,0,0,0,0,0,0.10526,0,0,0,0.052632,0,0,0,0,0,0,0,0.052632,0,0,0,0,0,0,0,0,0,0,0.052632,0.10526,0,0.052632,0,0,0,0,0.15789,0,0
0,0,0,0,0.043478,0,0,0,0,0.043478,0.043478,0,0,0.043478,0.043478,0.086957,0,0.043478,0,0,0.043478,0,0,0,0.043478,0.043478,0,0,0,0,0,0,0.043478,0.043478,0,0,0.086957,0,0.043478,0,0.043478,0,0,0,0,0,0,0,0,0,0.043478,0,0.043478,0,0,0,0.043478,0,0.086957,0,0,0,0.043478,0
0,0.035714,0,0,0,0,0.035714,0.035714,0.035714,0,0,0,0,0,0,0,0,0.035714,0.071429,0,0,0,0,0,0.035714,0.035714,0,0,0,0,0,0,0.035714,0.035714,0,0.071429,0.071429,0.071429,0,0,0.035714,0.035714,0.035714,0.071429,0,0,0,0,0,0,0.035714,0,0,0.035714,0.035714,0,0,0.035714,0,0,0,0,0.071429,0
0,0,0.071429,0,0,0.071429,0.071429,0,0,0.071429,0,0.071429,0,0,0,0,0.071429,0,0,0,0.14286,0,0,0,0,0,0,0,0,0,0,0,0,0,0.14286,0,0.071429,0,0.071429,0,0,0,0,0,0,0,0,0,0,0,0,0,0,0,0,0,0,0,0.14286,0,0,0,0,0
0.13333,0,0,0,0,0.066667,0,0,0,0,0,0,0,0,0,0,0,0,0,0,0.066667,0,0,0,0,0,0,0,0,0,0.066667,0,0,0,0,0,0,0,0,0,0.066667,0,0,0,0,0,0,0.066667,0,0,0,0.066667,0.066667,0.066667,0,0,0,0,0,0,0,0,0.066667,0.26667
0,0,0,0,0,0,0.052632,0,0,0,0,0,0,0,0,0.052632,0.052632,0,0,0.052632,0.052632,0.052632,0,0,0,0,0,0.052632,0,0,0,0.052632,0.052632,0,0,0,0.052632,0,0,0,0,0,0.052632,0,0,0,0,0,0,0,0,0,0.052632,0,0,0,0.052632,0,0.052632,0,0,0.10526,0.15789,0
0.13333,0,0.066667,0,0,0,0,0,0,0,0,0,0.066667,0,0,0,0.13333,0,0,0,0,0,0,0,0,0,0,0.066667,0,0,0,0,0,0.066667,0,0,0.066667,0,0,0,0,0,0,0,0,0,0,0,0.13333,0,0,0,0,0,0,0,0,0,0,0,0.2,0,0,0.066667
0.055556,0,0,0,0,0,0,0.11111,0,0,0,0.055556,0,0,0,0,0,0,0,0,0,0,0,0,0.055556,0,0,0,0,0.055556,0.055556,0.055556,0,0,0,0,0,0.055556,0,0,0.055556,0,0,0.055556,0.055556,0,0.055556,0,0,0,0,0,0,0,0.055556,0,0,0.055556,0,0.055556,0.055556,0,0.055556,0
0.037037,0.074074,0,0,0,0.037037,0,0,0,0,0.037037,0,0.037037,0.037037,0,0,0.11111,0,0.074074,0,0.037037,0,0,0.037037,0,0.037037,0,0.037037,0,0,0.037037,0,0.037037,0,0,0,0.037037,0,0.037037,0,0,0,0.037037,0.037037,0.037037,0,0,0,0,0,0,0,0,0.037037,0,0,0,0,0,0,0.037037,0.037037,0,0.037037
0.022727,0.022727,0,0.022727,0.022727,0,0,0,0.045455,0,0.022727,0,0.045455,0.022727,0,0.045455,0,0.022727,0,0,0,0,0.022727,0,0,0.045455,0,0.045455,0,0,0.022727,0,0,0,0,0,0,0,0,0,0.022727,0.045455,0,0.022727,0,0,0,0.022727,0,0.045455,0,0.022727,0,0.022727,0.045455,0.022727,0.045455,0.090909,0.022727,0.022727,0.022727,0.045455,0.022727,0.022727
0,0,0,0,0.066667,0,0,0,0,0,0,0,0,0,0.066667,0,0,0,0,0.066667,0,0,0,0,0,0,0,0,0.066667,0,0.066667,0,0,0,0,0,0,0,0,0,0,0,0,0.066667,0.066667,0,0,0.13333,0.13333,0.13333,0,0,0,0.13333,0,0,0,0,0,0,0,0,0,0
0,0,0.076923,0,0,0,0,0,0.076923,0,0,0,0,0.076923,0,0.076923,0.076923,0,0,0,0,0,0,0,0,0,0,0,0,0.076923,0,0,0.076923,0,0,0,0,0,0,0,0.076923,0,0,0,0,0.076923,0.076923,0.076923,0,0,0,0,0,0,0.076923,0,0.076923,0,0,0,0,0,0,0
0,0,0,0.047619,0.047619,0,0,0.047619,0,0,0,0,0,0.047619,0,0,0,0,0,0,0.047619,0,0,0,0,0,0.047619,0,0,0,0.047619,0,0.047619,0,0,0,0.19048,0,0,0,0,0.095238,0,0,0,0,0.047619,0.047619,0,0,0,0,0,0.047619,0.047619,0,0,0.047619,0.047619,0,0,0,0.047619,0
0,0,0,0.066667,0,0.066667,0,0,0.066667,0.066667,0,0.066667,0,0,0,0,0,0,0,0,0.066667,0.066667,0,0,0.066667,0,0,0,0,0,0,0,0,0,0,0,0,0.13333,0,0.066667,0,0,0,0,0,0,0,0,0.066667,0,0,0.066667,0,0,0,0,0,0,0,0,0.066667,0,0.066667,0
0.025641,0,0,0,0.076923,0,0.025641,0,0.025641,0.051282,0.025641,0,0,0.025641,0,0,0,0.025641,0.051282,0.025641,0,0.051282,0,0.025641,0,0.051282,0,0,0,0.025641,0,0,0,0,0.025641,0.025641,0.051282,0.025641,0.025641,0.025641,0.076923,0,0,0,0,0.025641,0,0.025641,0,0,0,0,0.025641,0.051282,0.025641,0.025641,0,0,0,0,0,0.025641,0.025641,0
0.045455,0.045455,0.022727,0.045455,0.045455,0,0,0,0.022727,0,0,0,0.022727,0,0.022727,0,0,0,0,0,0,0,0.045455,0.045455,0.022727,0,0.022727,0,0.022727,0,0,0.068182,0,0,0,0.022727,0,0,0,0.022727,0,0,0,0,0.068182,0,0.045455,0.090909,0.090909,0,0,0,0.022727,0,0.022727,0,0.045455,0,0,0.022727,0.022727,0,0.022727,0
0.029412,0.029412,0,0.029412,0.029412,0,0,0,0.029412,0,0,0,0,0.029412,0,0.088235,0.029412,0,0,0.058824,0.029412,0,0,0,0,0,0,0.058824,0,0.029412,0,0,0,0,0,0,0,0,0,0,0.029412,0,0,0,0,0,0,0,0,0,0,0.029412,0,0,0,0.058824,0.029412,0.088235,0.029412,0.088235,0,0.058824,0.088235,0.029412
0,0,0.090909,0,0.090909,0,0.090909,0,0.090909,0.090909,0,0,0,0,0,0,0,0,0,0,0.090909,0,0,0,0,0,0,0,0,0,0,0,0,0,0,0,0,0,0.090909,0,0,0,0,0,0,0,0,0,0.090909,0,0.090909,0,0,0,0,0,0,0,0,0.090909,0,0,0,0.090909
0.11765,0.058824,0.029412,0,0.029412,0.029412,0,0,0,0.029412,0.029412,0.029412,0.058824,0,0,0.058824,0.029412,0,0,0,0,0.029412,0,0,0,0.029412,0.029412,0,0,0,0,0,0,0.029412,0,0,0,0,0.029412,0.029412,0,0,0,0,0,0,0,0,0.088235,0,0,0,0,0,0,0,0.029412,0.058824,0.029412,0,0.029412,0,0.058824,0.029412
0.11111,0,0.11111,0,0,0,0,0,0,0,0,0.11111,0,0,0,0,0.055556,0.11111,0.055556,0,0,0,0,0,0,0.055556,0.055556,0,0,0,0,0,0,0,0.055556,0,0.055556,0,0,0,0.055556,0,0,0,0,0,0,0,0,0,0,0,0,0,0.055556,0,0.055556,0,0,0,0,0,0.055556,0
0.066667,0,0,0.13333,0,0,0,0,0.066667,0,0,0,0.066667,0,0,0.2,0.066667,0,0,0,0,0,0,0,0.066667,0,0,0.066667,0,0,0,0,0,0,0,0,0,0,0,0,0,0,0,0,0,0,0,0,0,0,0,0,0.066667,0,0.066667,0,0,0,0,0,0,0.13333,0,0
0.019231,0.038462,0.019231,0,0,0,0,0.038462,0,0.019231,0,0.038462,0.019231,0.019231,0,0,0.019231,0.038462,0.076923,0.038462,0.019231,0.019231,0.019231,0.019231,0,0.038462,0.019231,0,0,0.057692,0,0.038462,0.019231,0,0,0,0,0.019231,0.019231,0,0,0,0.019231,0,0.019231,0,0,0,0,0.019231,0.019231,0,0.019231,0,0.038462,0,0.076923,0.038462,0,0.038462,0,0.019231,0.019231,0
0,0,0,0,0.076923,0,0,0.076923,0,0,0,0,0,0,0.076923,0.23077,0,0,0,0,0,0,0,0,0,0,0,0,0,0,0,0,0,0,0,0,0,0,0,0,0.076923,0,0,0,0,0,0,0,0.076923,0,0.076923,0.076923,0,0,0,0,0,0,0,0,0.076923,0,0,0.15385
0.046512,0.023256,0.023256,0.046512,0.069767,0,0,0,0,0,0.023256,0,0,0.023256,0,0.046512,0.023256,0.023256,0,0,0,0.023256,0.046512,0,0,0,0,0.023256,0,0,0,0.023256,0.023256,0,0,0,0.023256,0,0.023256,0.023256,0,0,0,0,0,0,0,0.046512,0.13953,0,0.023256,0,0,0,0,0,0,0.046512,0,0,0.023256,0.023256,0.046512,0.093023
0.037037,0.018519,0,0,0,0.018519,0,0,0,0.037037,0,0.018519,0.037037,0.018519,0,0.037037,0.018519,0,0.037037,0.018519,0.018519,0,0.037037,0,0,0.018519,0,0,0,0.037037,0.037037,0,0,0,0.018519,0,0.018519,0,0.037037,0.037037,0,0.018519,0.037037,0,0,0,0.018519,0.018519,0,0.037037,0,0.037037,0.018519,0,0,0.018519,0,0,0,0.037037,0.074074,0.055556,0.037037,0.037037
0.13333,0,0,0,0,0.066667,0,0,0,0,0,0.066667,0.066667,0,0,0,0,0,0,0.066667,0,0,0,0,0.066667,0,0,0,0,0,0,0,0,0,0,0,0.066667,0,0,0.066667,0,0,0,0,0,0,0,0,0.066667,0,0,0.066667,0,0,0,0.066667,0,0,0.066667,0,0,0,0.066667,0.066667
0.076923,0,0,0,0.038462,0,0,0,0,0,0,0.038462,0.076923,0,0.038462,0.038462,0,0,0,0,0,0,0,0,0,0.038462,0,0.076923,0,0,0.038462,0,0,0,0,0,0,0.038462,0.038462,0,0,0,0,0,0,0,0.038462,0,0.038462,0.038462,0,0.038462,0,0,0,0,0.038462,0.11538,0,0.038462,0.038462,0,0.038462,0.038462
0.031746,0.031746,0.015873,0.015873,0,0.015873,0.015873,0,0,0.047619,0.063492,0,0.015873,0.031746,0,0.031746,0.031746,0.031746,0.015873,0,0.047619,0.047619,0.031746,0,0.015873,0.015873,0,0.015873,0.015873,0,0,0.015873,0,0,0.031746,0.015873,0.031746,0.015873,0.047619,0,0.015873,0.015873,0,0,0,0.015873,0.015873,0,0,0,0.015873,0.015873,0.031746,0.031746,0,0,0,0.015873,0.015873,0.015873,0.015873,0,0.015873,0.015873
0.037037,0,0,0,0,0,0,0.074074,0,0,0,0.037037,0.037037,0,0,0.037037,0,0,0.037037,0,0,0,0,0,0,0,0.074074,0.074074,0,0,0,0,0.037037,0,0,0,0.037037,0.037037,0.074074,0,0,0.037037,0,0,0,0,0,0.037037,0,0,0.037037,0.037037,0.037037,0,0.074074,0,0,0.037037,0,0,0.037037,0.037037,0,0.037037
0,0,0,0,0,0,0,0,0,0.15385,0,0,0,0,0,0,0,0,0,0,0,0,0,0,0,0,0,0,0,0.076923,0.076923,0,0.076923,0,0,0,0,0,0,0,0,0,0,0,0,0,0,0,0,0,0,0.076923,0,0,0,0.076923,0,0.15385,0,0,0,0.15385,0.15385,0
0,0,0,0,0,0,0,0.076923,0,0,0,0,0,0,0,0.15385,0.076923,0,0,0,0,0,0,0,0,0,0,0,0,0,0,0.15385,0,0,0,0,0,0,0.076923,0.076923,0,0,0,0,0,0,0,0,0.076923,0,0,0.076923,0.076923,0,0,0,0,0,0,0,0,0.15385,0,0
0.055556,0.055556,0,0,0.055556,0,0,0,0,0.055556,0,0,0.055556,0.055556,0,0,0,0.055556,0,0,0,0.11111,0.055556,0,0,0.055556,0,0,0.055556,0,0,0,0.055556,0,0,0,0,0.055556,0.055556,0,0,0,0,0,0,0,0,0,0.055556,0,0,0.055556,0,0,0,0.055556,0,0,0,0,0,0,0,0
0,0,0,0,0.11111,0,0.11111,0,0.11111,0,0,0,0,0,0,0,0,0,0,0,0,0.11111,0,0,0,0.11111,0,0,0,0,0,0,0,0,0.11111,0,0,0,0,0,0,0,0,0,0.11111,0,0,0,0,0,0.11111,0,0,0,0,0,0,0,0,0,0,0,0.11111,0
0,0,0,0.055556,0,0,0.055556,0,0,0,0,0,0,0,0.055556,0,0,0.055556,0,0,0.055556,0.055556,0,0.055556,0,0,0,0,0.055556,0,0,0,0,0,0,0.055556,0,0.11111,0.055556,0,0,0.055556,0,0,0,0,0,0,0.11111,0,0.055556,0,0,0.055556,0,0,0,0,0,0,0,0,0.055556,0
0.076923,0,0,0.076923,0.076923,0,0,0,0,0,0,0,0,0.076923,0,0,0,0.15385,0,0,0,0,0,0,0,0,0,0,0,0,0,0,0.076923,0,0,0,0,0,0.076923,0,0,0,0,0,0,0,0,0,0,0,0,0.076923,0,0,0.076923,0,0,0,0.076923,0.076923,0,0,0.076923,0
0,0,0,0,0,0,0,0,0,0,0,0.0625,0,0,0.0625,0,0,0,0,0,0.0625,0,0.0625,0,0.0625,0,0,0.0625,0.0625,0,0,0,0.0625,0,0,0,0,0.0625,0,0.0625,0,0,0,0,0,0,0,0,0.0625,0.0625,0,0,0,0,0.125,0,0,0.0625,0,0,0,0.0625,0,0
0.0625,0,0,0.03125,0.0625,0,0,0,0,0,0,0.0625,0.15625,0,0,0,0,0,0.0625,0,0,0.0625,0,0,0,0.03125,0,0.03125,0,0.03125,0,0,0,0,0.03125,0,0.0625,0.09375,0.03125,0.03125,0.03125,0,0,0,0.03125,0.03125,0,0,0,0,0,0,0.03125,0,0,0,0,0,0.03125,0,0,0,0,0
0.25806,0.032258,0,0,0.096774,0,0,0.032258,0.032258,0,0,0,0.032258,0,0,0.096774,0.032258,0,0,0,0,0,0,0,0.032258,0,0,0,0,0,0,0,0.032258,0,0,0,0,0,0,0,0,0,0,0,0,0,0,0.064516,0.032258,0,0,0,0.032258,0,0.032258,0.032258,0,0,0,0,0.064516,0,0,0.064516
0.022727,0,0.022727,0,0.090909,0.022727,0,0,0,0,0,0,0.045455,0.022727,0,0.045455,0.022727,0,0.022727,0,0.022727,0.022727,0.022727,0,0.045455,0.022727,0,0,0,0,0.022727,0.045455,0,0,0,0,0.022727,0.045455,0,0.045455,0,0.022727,0,0,0,0.022727,0,0.022727,0.022727,0,0,0,0,0,0,0.045455,0.045455,0.022727,0.022727,0.022727,0.022727,0.045455,0.022727,0.022727
0,0,0,0,0.090909,0,0,0,0,0.090909,0,0.090909,0,0,0.090909,0,0.18182,0,0.090909,0,0,0,0,0,0.090909,0,0,0,0,0,0,0,0,0,0,0,0,0,0,0,0,0.090909,0,0,0,0,0,0,0.090909,0,0,0,0,0,0,0,0,0,0,0,0,0,0,0.090909
0.10526,0,0,0,0.052632,0,0,0.052632,0,0,0,0.052632,0,0,0,0,0.052632,0.10526,0,0,0,0,0,0,0,0,0.052632,0,0,0.052632,0,0,0,0,0,0,0,0,0,0.052632,0,0.052632,0,0.052632,0,0,0,0,0,0,0,0,0,0,0.052632,0.052632,0.052632,0.052632,0,0.052632,0.052632,0,0,0
0.090909,0,0,0,0,0,0,0,0,0,0,0,0.090909,0,0.090909,0,0,0,0,0,0,0,0,0.090909,0,0,0,0,0,0,0.18182,0,0,0,0,0,0,0,0,0,0,0,0,0,0,0,0,0,0.27273,0,0,0,0,0,0,0,0,0,0,0,0.18182,0,0,0
0.023256,0,0,0.046512,0,0,0,0.023256,0.023256,0.023256,0,0.023256,0.069767,0.069767,0.069767,0,0,0,0,0,0,0,0.023256,0,0.023256,0,0,0,0,0,0,0.046512,0,0,0,0,0.069767,0,0,0,0.023256,0,0,0.023256,0,0.023256,0.046512,0,0.046512,0,0,0.046512,0,0.023256,0,0,0,0.069767,0.023256,0.046512,0.046512,0.023256,0,0.023256
0.015152,0.045455,0.030303,0.030303,0.045455,0.030303,0,0.015152,0,0,0,0.015152,0,0,0,0,0.030303,0.030303,0,0.030303,0.045455,0.030303,0.045455,0.045455,0.015152,0.030303,0.015152,0.030303,0.015152,0,0.060606,0.015152,0,0.015152,0,0,0.015152,0.015152,0.015152,0.015152,0,0.015152,0,0,0.015152,0,0,0.030303,0,0,0,0,0,0.015152,0.015152,0.015152,0.015152,0.015152,0.015152,0,0.015152,0,0.045455,0.045455
0.066667,0.066667,0,0,0,0,0,0,0,0,0,0.066667,0.066667,0,0,0,0,0,0,0,0.13333,0,0,0,0,0.066667,0,0,0,0,0,0,0,0,0,0,0,0,0,0,0,0,0,0,0,0.066667,0,0,0.066667,0,0,0,0,0.066667,0,0,0,0,0,0,0,0.066667,0,0.26667
0,0.071429,0,0,0,0,0,0,0,0,0,0.071429,0.071429,0,0,0.14286,0,0,0,0,0,0,0,0.071429,0,0,0,0.071429,0.071429,0,0,0,0,0,0,0,0.071429,0,0,0,0,0,0,0,0,0,0,0,0.071429,0,0,0,0,0,0.071429,0,0,0,0,0,0.21429,0,0,0
0.15385,0,0,0.076923,0,0,0,0,0.076923,0,0,0,0.076923,0,0,0,0,0,0,0,0.076923,0,0,0,0,0,0,0,0,0,0,0,0,0,0,0,0.076923,0,0.15385,0,0,0,0,0,0,0,0,0,0,0,0,0.076923,0.076923,0,0,0.076923,0,0,0,0,0,0,0,0.076923
0,0,0.043478,0,0,0,0,0,0.086957,0.043478,0,0,0,0,0,0,0,0,0.086957,0,0,0,0,0,0.17391,0,0,0,0,0,0,0,0,0.043478,0.17391,0.043478,0.043478,0,0,0,0,0.086957,0,0,0.043478,0,0.086957,0,0,0,0,0,0,0,0,0,0,0,0,0.043478,0,0,0,0
0.076923,0.15385,0,0,0,0,0,0,0,0,0,0,0.076923,0,0,0,0,0,0,0,0,0,0.15385,0,0,0,0,0,0,0,0,0,0,0,0,0,0,0,0.076923,0,0,0,0,0,0.076923,0,0.076923,0,0,0,0,0,0,0,0,0,0,0.076923,0,0,0,0.076923,0.15385,0
0.043478,0,0,0.043478,0.086957,0.086957,0,0,0.043478,0.043478,0,0,0,0,0.043478,0.043478,0,0,0,0,0,0,0.043478,0,0,0,0,0,0,0.086957,0,0,0.043478,0,0,0,0,0,0,0,0.043478,0,0,0,0,0,0,0,0,0.043478,0,0,0,0.043478,0,0,0,0,0.043478,0.043478,0.086957,0.086957,0,0
0,0,0,0,0.076923,0,0,0,0,0,0,0,0,0,0.076923,0,0,0,0,0,0.15385,0.076923,0,0,0,0,0,0,0,0.076923,0,0,0,0,0,0,0,0,0,0,0,0,0,0,0.076923,0,0.076923,0,0,0.076923,0,0.076923,0,0,0,0,0,0.076923,0,0.076923,0,0,0.076923,0
0.057471,0.011494,0.011494,0.011494,0,0.022989,0,0.034483,0.011494,0.022989,0.011494,0,0,0.011494,0.034483,0.022989,0.08046,0.011494,0.022989,0,0,0.045977,0.011494,0.011494,0.011494,0,0.011494,0.011494,0.022989,0.022989,0,0.034483,0.011494,0.011494,0.011494,0,0.022989,0.022989,0,0.022989,0.022989,0.011494,0,0,0,0.022989,0,0.011494,0,0,0,0.011494,0.022989,0.022989,0,0.022989,0.011494,0.034483,0,0,0,0.022989,0.045977,0.068966
0,0.1,0,0,0,0,0,0,0,0.1,0.1,0.1,0.1,0.1,0,0,0,0,0,0,0,0,0,0,0.1,0,0,0,0,0,0,0,0.2,0,0,0,0,0,0,0,0,0,0,0,0,0,0,0,0,0,0.1,0,0,0,0,0,0,0,0,0,0,0,0,0
0.03125,0.125,0,0,0,0,0,0,0,0,0,0,0,0.03125,0,0,0,0,0,0.03125,0.03125,0.03125,0.03125,0,0,0,0,0.03125,0,0.125,0.03125,0.0625,0,0,0,0,0,0,0,0,0,0,0,0,0,0,0,0.0625,0,0,0,0,0,0.125,0.0625,0.03125,0,0,0,0.03125,0,0.03125,0,0.09375
0.05,0.05,0,0.05,0,0,0,0,0,0,0,0,0.1,0,0.15,0,0.05,0,0.05,0,0.05,0,0,0,0,0,0,0,0,0,0,0,0.05,0,0,0,0,0.05,0,0,0,0,0,0,0,0,0,0,0,0.05,0,0.05,0,0,0,0.05,0.1,0,0.05,0,0,0,0,0.05
0,0,0,0,0,0.090909,0,0,0,0,0,0,0,0.090909,0,0,0.090909,0,0,0,0,0,0,0,0,0.090909,0.090909,0,0,0,0,0,0,0,0,0,0,0,0,0.090909,0,0,0,0,0,0,0,0.090909,0,0,0,0,0,0,0,0,0,0.090909,0.090909,0,0,0.090909,0,0.090909
0.10526,0.052632,0.052632,0,0,0,0,0,0.10526,0,0,0,0,0,0,0,0,0.10526,0.052632,0,0.10526,0,0,0,0,0,0,0,0,0,0,0,0,0,0,0,0.052632,0,0.052632,0,0,0,0.052632,0,0,0,0.052632,0,0.052632,0,0.052632,0,0,0,0,0,0.052632,0,0,0,0.052632,0,0,0
0.054054,0,0,0,0.027027,0,0,0.027027,0.027027,0,0,0,0.027027,0.054054,0,0.027027,0,0,0.027027,0,0,0,0,0,0,0.027027,0,0.027027,0,0,0,0,0,0,0,0,0,0,0.027027,0.027027,0,0,0,0,0,0,0.10811,0,0.027027,0,0.054054,0,0.027027,0,0.054054,0,0.081081,0,0,0.027027,0,0.081081,0.054054,0.10811
0,0,0.058824,0,0.11765,0,0,0.058824,0.058824,0,0,0,0,0,0,0,0,0.058824,0.058824,0,0,0,0.058824,0,0.058824,0,0,0,0,0,0,0,0,0,0,0,0.11765,0,0,0.11765,0.058824,0,0,0,0,0,0.058824,0,0,0,0,0,0,0,0,0,0,0,0.058824,0,0.058824,0,0,0
0.12,0.04,0,0.04,0.08,0.04,0,0,0.04,0,0,0,0,0,0,0,0.04,0,0,0,0,0,0.04,0,0.04,0,0,0,0,0.04,0.04,0,0,0,0,0,0,0.04,0,0.04,0,0,0,0.04,0,0.08,0.08,0,0.04,0,0,0,0,0,0,0,0.04,0.04,0,0,0,0.04,0,0
0.23529,0,0,0.058824,0.058824,0,0,0.058824,0,0,0,0,0,0.058824,0.058824,0.058824,0,0,0,0,0.058824,0,0,0,0,0,0,0,0.11765,0,0,0,0,0,0,0,0,0,0,0,0,0,0,0,0,0,0,0,0.11765,0,0,0,0,0.058824,0,0,0,0.058824,0,0,0,0,0,0
0.076923,0.076923,0.15385,0,0,0.15385,0,0,0,0,0,0,0.15385,0,0,0.076923,0.076923,0,0,0,0,0,0.076923,0,0,0,0,0,0,0,0,0.076923,0,0,0,0,0,0,0,0,0,0,0,0,0,0,0,0,0,0,0,0,0,0,0.076923,0,0,0,0,0,0,0,0,0
0,0.037037,0,0,0,0,0.037037,0,0,0,0,0,0,0.037037,0,0.074074,0,0.11111,0,0,0,0.037037,0,0,0,0,0,0,0,0.037037,0.074074,0.074074,0.074074,0,0,0,0,0.037037,0,0,0,0,0,0,0,0,0.037037,0.11111,0,0,0,0,0,0,0,0,0,0,0,0,0.074074,0.074074,0,0.074074
0,0,0.055556,0.055556,0.055556,0,0.055556,0,0,0,0,0,0.055556,0,0,0,0.055556,0.055556,0,0,0,0,0,0,0.055556,0.055556,0,0,0,0,0,0,0,0,0,0.055556,0,0,0.16667,0,0,0,0,0,0,0,0,0,0.055556,0,0.055556,0.055556,0.055556,0,0,0,0,0,0,0,0.055556,0,0,0
0,0,0,0.090909,0,0,0,0,0,0,0,0,0,0,0,0.090909,0,0.090909,0,0,0.090909,0,0,0,0,0,0,0,0,0,0,0,0,0,0,0,0.090909,0,0,0,0,0.090909,0,0,0.18182,0,0.090909,0,0.090909,0,0,0,0,0,0,0,0,0.090909,0,0,0,0,0,0
0,0,0.066667,0,0,0,0.066667,0.066667,0,0,0.066667,0.066667,0,0.13333,0,0,0.066667,0,0,0,0,0,0.066667,0,0,0,0,0,0,0,0.066667,0,0,0.066667,0,0,0.066667,0,0,0,0,0.13333,0,0,0.066667,0,0,0,0,0,0,0,0,0,0,0,0,0,0,0,0,0,0,0
0.17647,0,0,0.058824,0,0,0,0,0,0,0,0,0,0,0,0,0.11765,0,0,0,0,0,0,0,0,0,0,0.058824,0.058824,0.058824,0,0,0.11765,0,0,0,0,0.058824,0,0,0,0,0,0,0,0,0,0,0.058824,0,0,0,0.058824,0,0,0,0,0.058824,0,0.058824,0,0,0.058824,0
0.11321,0.018868,0.018868,0.056604,0,0.018868,0,0.018868,0.018868,0.037736,0,0,0,0.018868,0.018868,0.018868,0.018868,0.018868,0.037736,0.037736,0,0.018868,0,0.018868,0.056604,0,0,0,0.018868,0.018868,0,0.018868,0.018868,0,0,0.018868,0,0,0.037736,0,0.018868,0,0,0,0.018868,0,0,0,0.056604,0.037736,0,0,0,0.018868,0.075472,0,0.018868,0,0,0,0,0,0.018868,0.037736
0,0,0.0625,0.0625,0,0,0,0,0,0,0,0.0625,0.0625,0.0625,0,0,0.0625,0,0,0,0,0,0,0,0.125,0.0625,0.125,0,0,0,0,0,0,0,0,0,0,0,0,0,0,0.0625,0,0,0,0.0625,0.0625,0,0,0,0,0,0,0,0,0,0.125,0,0,0,0,0,0,0
0.1,0.1,0,0.033333,0.033333,0.033333,0,0,0.033333,0,0.033333,0,0.033333,0.066667,0,0,0.1,0.033333,0,0,0.033333,0.033333,0,0,0,0,0,0,0,0,0,0,0.033333,0,0.033333,0,0.033333,0,0,0,0,0,0,0,0.033333,0,0,0,0.066667,0.066667,0,0,0,0,0,0,0,0.033333,0,0,0,0,0.033333,0
0,0.052632,0.052632,0,0.052632,0,0.052632,0,0,0.15789,0.10526,0,0,0,0,0.10526,0,0,0.10526,0,0,0,0,0,0,0,0,0,0,0,0,0,0,0.052632,0,0,0.052632,0,0.052632,0,0,0,0,0,0,0,0.052632,0,0,0.052632,0,0,0,0,0,0,0,0,0.052632,0,0,0,0,0
0,0.041667,0.041667,0.041667,0.041667,0,0,0,0,0.041667,0,0,0,0,0,0.041667,0.041667,0,0,0,0,0.083333,0,0,0.041667,0,0,0,0.041667,0,0,0.041667,0,0,0,0,0,0,0,0.041667,0.041667,0,0,0,0,0,0,0.083333,0,0,0,0,0,0.041667,0,0.041667,0,0,0,0.083333,0,0.125,0,0.041667
0.14286,0,0,0,0.071429,0,0,0,0.035714,0,0,0,0,0.035714,0.035714,0.035714,0.035714,0,0,0,0,0.071429,0,0,0.035714,0,0,0,0,0,0,0,0,0,0,0,0.035714,0,0,0,0,0,0,0,0.035714,0.035714,0,0.035714,0.035714,0,0,0,0.035714,0,0.035714,0,0.035714,0,0,0,0,0.10714,0.071429,0.035714
0.13333,0,0,0,0,0,0.066667,0,0,0,0,0,0,0,0.066667,0.066667,0.13333,0,0,0,0,0,0,0,0,0,0,0,0,0,0,0,0,0,0.066667,0,0,0.066667,0,0,0,0,0,0,0,0.066667,0.066667,0,0,0.066667,0,0,0.066667,0,0,0,0.066667,0,0,0,0.066667,0,0,0
0,0,0,0,0,0,0,0,0,0,0,0,0,0,0,0,0,0,0,0.1,0,0,0.1,0,0,0,0.1,0,0,0,0,0,0,0,0,0,0,0,0.1,0,0,0,0,0,0,0,0,0,0,0,0,0,0,0,0,0,0,0.1,0,0.1,0.1,0.1,0,0.2
0.125,0.0625,0,0.03125,0.03125,0,0,0,0,0,0,0,0.03125,0,0,0.03125,0.03125,0,0.03125,0,0,0,0,0,0,0,0,0,0,0,0,0,0,0,0,0.03125,0.03125,0.03125,0,0,0.03125,0,0,0,0.03125,0,0.03125,0,0.03125,0.0625,0.03125,0,0,0,0.0625,0,0.03125,0.0625,0,0,0.03125,0.09375,0,0.03125
0,0,0.034483,0.034483,0,0.034483,0.034483,0,0.034483,0.034483,0,0.034483,0.034483,0,0.034483,0.034483,0.068966,0.10345,0,0.034483,0,0,0,0.034483,0,0,0,0,0,0,0,0,0,0,0,0,0.034483,0.034483,0.034483,0,0,0,0.034483,0,0,0,0.034483,0,0.034483,0,0,0.034483,0,0,0.034483,0.034483,0,0,0.034483,0,0.034483,0,0.034483,0
0.041667,0.041667,0,0.041667,0,0,0.041667,0,0,0.041667,0,0,0,0,0,0,0,0,0,0,0,0,0,0,0.041667,0,0,0,0,0,0.041667,0,0,0,0.041667,0.041667,0.041667,0,0,0.041667,0.041667,0,0.083333,0,0,0,0.16667,0,0,0,0,0,0,0,0.041667,0,0.083333,0,0.041667,0.083333,0,0,0,0
0.047619,0,0,0,0,0,0,0,0,0.14286,0,0,0,0.095238,0,0,0.047619,0.047619,0,0,0,0.047619,0.047619,0,0,0,0,0,0,0,0,0,0,0.095238,0.047619,0,0.047619,0.047619,0,0,0,0.047619,0.047619,0,0,0,0,0,0.047619,0,0,0,0.047619,0,0,0,0,0.047619,0,0,0,0,0,0.047619
0,0.076923,0,0.076923,0.076923,0,0,0.076923,0,0,0,0,0,0,0.076923,0,0,0,0,0,0,0,0,0,0.076923,0.076923,0,0,0,0,0.076923,0.076923,0,0,0,0,0.076923,0,0,0.076923,0,0,0,0,0,0,0,0,0.076923,0,0,0,0,0,0,0,0,0,0,0,0,0,0.076923,0
0.071429,0,0,0,0,0,0,0,0.071429,0.071429,0,0,0,0,0.071429,0,0.071429,0.071429,0,0,0,0,0,0,0,0,0,0,0,0,0,0,0.071429,0,0,0,0,0,0.071429,0,0.071429,0,0,0,0,0,0,0,0,0,0,0,0,0,0,0,0.14286,0,0,0.071429,0,0.071429,0.071429,0
0,0,0,0,0,0,0,0.21429,0,0,0,0.071429,0.071429,0,0,0.071429,0,0,0,0,0,0,0.071429,0,0,0.071429,0.071429,0.071429,0,0,0,0,0,0,0,0,0,0,0,0,0,0,0.14286,0,0,0,0,0,0,0,0.071429,0,0,0,0,0,0,0,0.071429,0,0,0,0,0
0,0,0.052632,0,0,0.052632,0,0.052632,0.052632,0.052632,0.052632,0,0,0,0,0,0.052632,0,0,0,0,0,0,0.052632,0.052632,0,0,0.052632,0,0.052632,0,0,0,0,0,0,0.10526,0,0,0,0.052632,0,0,0,0,0.052632,0.052632,0,0,0,0,0.052632,0,0,0,0,0.052632,0.052632,0,0,0,0,0,0
0.12121,0.12121,0,0,0,0.030303,0,0,0.090909,0.18182,0,0,0,0,0,0,0.030303,0,0.030303,0,0.030303,0.030303,0,0,0.030303,0,0.030303,0,0,0,0,0,0.030303,0.030303,0.030303,0,0,0,0.030303,0,0.030303,0.030303,0,0,0,0,0,0,0.030303,0,0,0,0,0,0.030303,0.030303,0,0,0,0,0,0,0,0
0.090909,0,0.090909,0,0,0,0,0,0,0,0,0,0.18182,0,0,0.090909,0,0,0,0,0,0,0.090909,0,0,0,0,0,0,0,0,0,0.18182,0,0,0,0,0,0,0,0,0,0,0,0,0,0,0,0,0,0,0,0.090909,0.090909,0,0,0.090909,0,0,0,0,0,0,0
0.04,0,0,0.04,0,0,0,0.08,0,0,0,0,0,0,0,0.04,0.04,0.04,0,0,0,0,0.04,0,0,0,0,0,0,0.04,0,0.12,0,0,0,0,0.04,0,0.04,0.04,0.04,0.04,0,0,0,0,0,0,0,0.04,0,0,0,0,0.04,0,0.04,0,0.04,0.08,0.04,0,0.04,0
0,0,0,0,0,0.1,0.033333,0,0.1,0.033333,0.033333,0.1,0,0,0,0.033333,0.066667,0,0,0.033333,0.16667,0,0,0,0.066667,0,0,0.066667,0,0,0,0,0,0,0,0,0,0.033333,0.033333,0,0,0,0,0,0,0,0.033333,0,0,0,0,0,0.033333,0,0,0,0.033333,0,0,0,0,0,0,0
0.090909,0,0,0,0,0,0.090909,0,0,0.090909,0,0,0.090909,0,0,0,0,0,0,0,0,0,0.090909,0,0,0,0,0,0,0,0,0,0,0,0,0,0,0.090909,0,0.090909,0,0,0,0,0.090909,0.090909,0,0,0,0,0.090909,0,0,0,0,0,0,0,0,0,0,0.090909,0,0
0,0,0,0.043478,0,0,0,0.17391,0,0,0,0.043478,0,0,0,0,0.043478,0,0,0,0,0,0,0,0.043478,0.043478,0,0.043478,0,0,0,0,0,0,0,0,0,0.043478,0.043478,0.043478,0,0,0,0,0,0,0,0.043478,0,0,0.043478,0,0,0,0.043478,0,0,0,0.043478,0,0.043478,0.043478,0.086957,0.086957
0.055556,0.055556,0.055556,0,0,0,0,0,0.11111,0,0,0,0,0,0,0,0,0,0.055556,0,0,0.055556,0,0,0,0,0,0,0,0.11111,0,0,0,0,0,0,0,0.11111,0,0,0,0.11111,0,0,0,0,0,0,0.055556,0,0,0,0,0,0,0,0,0,0,0,0,0.055556,0.11111,0.055556
0.11429,0,0.057143,0,0,0,0,0.057143,0,0,0,0.028571,0.028571,0.028571,0,0,0,0,0.028571,0,0,0,0.028571,0,0,0,0,0.057143,0,0,0.028571,0,0.085714,0,0,0,0,0.028571,0.028571,0.028571,0.028571,0,0,0.028571,0,0.028571,0.028571,0,0,0,0,0,0.028571,0,0.057143,0,0,0,0,0,0.057143,0.028571,0.028571,0.057143
0.083333,0,0,0.083333,0,0,0,0.083333,0,0.083333,0,0,0,0,0,0.083333,0.083333,0,0.083333,0,0.083333,0.083333,0,0,0,0,0,0,0,0,0,0,0,0,0,0,0,0,0,0,0,0,0,0,0.16667,0,0,0,0,0,0,0,0,0,0,0,0.083333,0,0,0,0,0,0,0
0,0,0,0.0625,0,0.0625,0,0,0,0.0625,0,0,0,0,0,0.0625,0,0,0.0625,0,0.0625,0,0,0,0,0,0,0,0,0.0625,0,0.0625,0,0,0,0,0,0,0.0625,0,0,0,0,0,0,0,0,0,0.125,0,0,0,0.0625,0,0,0,0.0625,0.0625,0.0625,0,0,0,0.0625,0
0,0,0,0,0,0,0,0,0,0,0,0,0,0,0,0,0,0,0,0,0.047619,0.047619,0.047619,0.047619,0,0,0,0,0,0.047619,0.095238,0,0,0,0,0,0.095238,0,0,0,0.047619,0.047619,0.047619,0,0,0,0,0,0,0,0,0,0.047619,0,0,0,0.047619,0.14286,0.095238,0,0,0.095238,0,0
0,0,0,0,0.071429,0,0,0.071429,0,0,0,0,0.071429,0,0,0,0,0,0.071429,0,0,0,0,0,0,0,0,0,0,0.071429,0,0,0,0,0.071429,0,0,0,0.14286,0,0.071429,0,0,0.14286,0,0.071429,0,0.071429,0,0,0,0,0,0,0,0,0,0,0,0.071429,0,0,0,0
0.13514,0.027027,0.054054,0.027027,0.027027,0,0.081081,0.027027,0.027027,0.027027,0,0,0.054054,0,0,0.054054,0.027027,0.027027,0,0,0,0,0,0,0.027027,0,0,0,0.027027,0,0.054054,0,0,0,0,0.027027,0.027027,0,0,0,0,0,0.027027,0,0.027027,0,0.027027,0,0.027027,0,0,0,0.027027,0,0.027027,0,0,0.027027,0.027027,0,0.027027,0,0,0
0.1875,0,0,0.0625,0,0.0625,0,0,0.0625,0,0,0,0,0.0625,0.0625,0,0,0,0,0,0,0,0,0,0,0,0,0,0,0,0,0,0,0,0,0,0,0,0,0,0.0625,0,0,0,0,0.0625,0,0.0625,0,0.0625,0,0.0625,0,0,0,0,0,0.0625,0.0625,0.0625,0,0,0,0
0.076923,0,0,0,0.076923,0,0,0,0,0,0,0,0,0,0,0.076923,0,0,0,0,0,0,0.076923,0,0,0,0,0,0,0,0,0.15385,0,0,0,0.076923,0,0,0,0,0,0,0.076923,0,0.076923,0,0,0.076923,0,0.076923,0.076923,0,0,0,0,0,0,0,0,0,0.076923,0,0,0
0.086957,0,0.043478,0,0,0,0,0,0,0,0.043478,0.043478,0,0,0,0.043478,0.043478,0.043478,0,0.043478,0.043478,0,0,0,0,0,0.043478,0,0,0,0.043478,0,0.043478,0,0,0,0,0.086957,0.043478,0,0,0,0,0,0.043478,0,0,0,0,0,0,0.086957,0.043478,0,0,0,0,0,0,0,0.043478,0.043478,0,0.043478
0,0.1,0,0,0,0,0,0,0,0,0,0,0,0,0,0.2,0.1,0,0.1,0,0,0,0,0,0,0.1,0,0,0,0,0,0,0.1,0,0,0,0,0,0,0,0,0,0,0,0,0,0,0.1,0,0,0,0,0.1,0,0,0,0,0,0,0,0,0,0,0.1
0,0,0.14286,0,0,0,0,0,0,0.071429,0,0.071429,0,0,0,0,0,0,0,0,0,0,0.071429,0,0,0,0,0,0,0,0,0,0,0,0,0,0,0.071429,0,0,0,0,0,0.071429,0,0.071429,0.071429,0,0,0,0,0,0.071429,0,0,0,0,0.071429,0.071429,0,0,0,0.071429,0.071429
0,0,0,0,0.058824,0,0,0.058824,0.17647,0,0,0,0.058824,0,0,0,0.058824,0,0,0,0,0,0,0,0,0,0,0,0,0,0,0,0.17647,0,0.058824,0,0.058824,0,0,0,0,0.11765,0,0,0,0,0.058824,0,0,0.058824,0.058824,0,0,0,0,0,0,0,0,0,0,0,0,0
0.026316,0.026316,0,0,0.052632,0,0.026316,0.052632,0.052632,0.026316,0.026316,0,0.052632,0.026316,0,0,0.026316,0.026316,0.026316,0,0.026316,0,0,0,0,0,0.052632,0,0,0,0.026316,0,0,0,0,0,0.078947,0,0,0.052632,0.026316,0.026316,0,0,0,0,0,0.026316,0,0.026316,0.026316,0.026316,0.026316,0.026316,0,0,0,0.026316,0,0,0,0,0.026316,0.052632
0.076923,0.038462,0,0,0.038462,0,0,0.15385,0,0,0.038462,0,0.038462,0.038462,0,0,0.038462,0,0.038462,0,0.076923,0,0,0,0,0,0,0,0,0,0.038462,0,0.038462,0,0,0,0,0,0,0,0,0.076923,0,0,0.038462,0,0,0.038462,0.076923,0.076923,0,0,0,0,0,0,0.038462,0,0,0,0,0,0,0
0.1519,0.012658,0.037975,0.012658,0.012658,0.037975,0.037975,0,0.012658,0.012658,0.012658,0,0.050633,0,0,0,0.012658,0.025316,0.025316,0.012658,0,0.012658,0.012658,0,0.037975,0.037975,0,0,0.012658,0.012658,0.025316,0.012658,0,0,0.025316,0.012658,0.012658,0.012658,0.012658,0.037975,0,0,0,0,0.012658,0,0.037975,0.012658,0.012658,0,0,0,0,0.012658,0.012658,0,0.012658,0.025316,0.012658,0.025316,0.025316,0.012658,0.025316,0.012658
0.13333,0,0,0,0.066667,0,0,0,0,0,0,0,0,0,0,0,0.13333,0,0,0,0.066667,0,0,0,0,0,0,0,0,0,0,0,0,0.13333,0,0,0,0,0,0,0,0,0.066667,0,0,0,0,0.066667,0.13333,0,0,0,0.066667,0,0,0,0,0,0,0,0,0,0.066667,0.066667
0,0,0.05,0.05,0,0,0,0,0,0,0,0,0,0,0.05,0.1,0.05,0,0,0,0,0,0.05,0,0.05,0,0,0,0,0,0.05,0,0.05,0,0,0,0,0,0,0,0,0,0,0.05,0,0.05,0,0,0.05,0,0,0,0.05,0,0,0,0,0.05,0,0,0.15,0,0.05,0.05
0.09375,0,0,0,0,0,0,0,0,0,0,0.0625,0,0.03125,0.03125,0,0.03125,0,0,0,0.03125,0,0,0,0,0.0625,0,0,0.03125,0,0,0.03125,0,0,0,0.03125,0,0,0,0.03125,0,0,0.03125,0.03125,0.03125,0.03125,0,0,0.03125,0.03125,0,0,0,0.03125,0,0.0625,0.0625,0,0,0,0.03125,0.03125,0.0625,0.0625
0.14286,0,0,0.071429,0,0,0.071429,0,0,0,0,0,0,0,0,0,0,0,0,0,0.071429,0,0,0,0,0,0,0,0,0,0,0,0.071429,0,0,0.071429,0,0,0,0,0,0,0,0,0.071429,0,0,0,0,0,0,0,0.071429,0,0,0,0,0,0,0,0.21429,0.071429,0,0.071429
0.027778,0.13889,0.027778,0.027778,0,0.027778,0.027778,0,0,0.13889,0.027778,0.027778,0,0,0,0,0.083333,0,0.027778,0,0.027778,0,0,0,0,0,0,0,0,0,0,0,0.027778,0.027778,0,0,0.055556,0,0,0.027778,0.027778,0,0,0,0,0,0,0,0.055556,0,0,0,0.055556,0,0,0,0,0,0.027778,0,0.083333,0,0,0
0,0,0.071429,0,0,0,0,0,0,0,0,0,0,0,0,0,0,0.21429,0,0,0,0,0.071429,0.071429,0,0,0,0,0,0,0,0,0.071429,0,0,0,0,0,0,0,0,0,0,0.071429,0.071429,0.14286,0,0,0,0.071429,0,0,0,0,0,0,0,0,0.071429,0,0,0,0.071429,0
0.05,0,0.05,0,0,0,0.05,0.05,0,0,0,0,0.05,0,0,0,0.1,0,0,0,0,0,0.05,0,0.05,0,0,0,0,0.05,0,0,0.1,0,0,0,0,0.1,0,0,0,0,0,0,0,0,0,0.05,0,0,0,0,0,0,0.05,0,0.05,0,0.05,0,0.05,0,0,0.05
0,0,0.052632,0.035088,0.035088,0,0,0,0.017544,0.035088,0,0.017544,0,0,0,0.017544,0,0.017544,0.10526,0.10526,0.017544,0,0,0.017544,0.017544,0.017544,0.052632,0.017544,0.017544,0,0,0,0.017544,0.017544,0.017544,0,0.035088,0,0.017544,0,0.017544,0,0,0,0,0,0.017544,0.017544,0.017544,0.017544,0.017544,0.017544,0.017544,0,0,0.017544,0.052632,0,0,0,0.017544,0.017544,0.035088,0.017544
0.041667,0,0,0,0.041667,0,0,0,0.041667,0,0.041667,0,0,0,0,0.083333,0,0,0,0,0,0,0,0,0,0,0,0,0,0,0,0,0,0,0.041667,0.041667,0.083333,0.083333,0,0.041667,0.041667,0,0,0,0,0,0,0,0.041667,0.083333,0,0.041667,0.041667,0.041667,0.041667,0,0.041667,0.041667,0,0,0,0.041667,0,0
0.066667,0,0,0,0.066667,0,0,0,0,0,0.066667,0.066667,0,0,0,0,0,0.066667,0,0,0,0,0,0,0,0,0,0,0,0,0,0,0.066667,0,0,0,0,0,0,0,0,0,0,0.066667,0,0,0.066667,0,0.13333,0,0,0,0,0,0.066667,0,0,0.13333,0,0.066667,0,0,0,0.066667
0,0,0,0.0625,0,0,0,0,0.0625,0,0,0,0,0,0.0625,0.1875,0.125,0,0,0,0,0,0,0,0,0,0,0,0,0,0,0,0,0,0,0,0,0,0,0,0,0,0,0.0625,0,0,0,0,0.125,0,0,0,0.0625,0,0,0.0625,0.0625,0,0,0,0,0,0,0.125
0,0.076923,0,0,0,0,0,0,0,0,0.076923,0.076923,0,0,0,0,0,0,0,0,0,0.076923,0.076923,0,0,0.076923,0,0,0,0.076923,0,0,0,0,0.076923,0,0.076923,0,0,0,0,0,0,0,0,0,0,0,0,0,0,0.076923,0,0.076923,0.076923,0,0,0,0,0,0,0,0.076923,0
0,0.047619,0,0.047619,0,0,0.047619,0.047619,0.047619,0,0,0,0,0,0,0,0.095238,0.047619,0.047619,0.047619,0.095238,0.047619,0,0,0,0.047619,0,0,0,0,0,0,0.095238,0,0,0,0,0.047619,0,0.047619,0,0,0,0,0,0,0,0,0,0,0.047619,0,0,0,0,0,0,0,0,0,0,0.047619,0,0.047619
0,0,0,0,0,0,0.090909,0,0,0,0,0,0,0,0,0.090909,0.18182,0.090909,0,0,0,0,0,0,0.090909,0,0.090909,0.090909,0,0,0,0.090909,0,0,0,0,0.090909,0,0,0,0,0,0,0,0,0,0,0,0,0,0,0,0,0,0.090909,0,0,0,0,0,0,0,0,0
0.074074,0,0,0,0,0,0,0.037037,0,0.074074,0,0.037037,0,0,0,0.037037,0,0,0.037037,0,0,0,0,0,0.074074,0,0,0.037037,0,0,0,0.074074,0.037037,0,0.037037,0,0,0.074074,0,0,0.037037,0,0,0,0,0.037037,0,0,0,0,0,0,0,0,0.11111,0.074074,0,0,0.037037,0,0,0.037037,0.037037,0
0.1,0,0,0,0,0,0,0,0,0.2,0,0,0,0,0,0,0.2,0,0,0,0,0,0,0,0.1,0,0,0,0,0,0,0,0,0,0,0,0,0,0,0,0,0,0,0,0,0,0,0,0.1,0,0,0,0,0,0.1,0,0,0,0,0,0.1,0.1,0,0
0,0.066667,0,0,0,0,0,0,0,0.2,0.066667,0,0,0,0,0.13333,0,0,0.066667,0,0,0,0,0,0,0.066667,0,0,0,0,0,0,0.066667,0.13333,0,0,0,0,0,0,0,0.13333,0,0,0,0,0,0,0,0,0,0,0,0,0,0,0,0.066667,0,0,0,0,0,0
0.066667,0,0,0.13333,0,0.066667,0,0.066667,0.13333,0,0.13333,0,0,0,0,0.066667,0,0,0.066667,0,0,0,0,0,0,0,0,0,0,0,0,0,0,0,0,0,0,0,0,0,0,0,0,0,0,0,0,0,0.066667,0,0,0.066667,0.066667,0,0,0,0,0.066667,0,0,0,0,0,0
0.016667,0.033333,0.033333,0.083333,0.033333,0.016667,0.016667,0.016667,0,0,0,0.016667,0.016667,0.05,0,0.016667,0.016667,0.033333,0.016667,0.016667,0,0.033333,0,0,0.016667,0.016667,0,0,0.033333,0.016667,0,0,0.016667,0,0,0,0.016667,0.016667,0.016667,0,0,0.016667,0,0.016667,0.016667,0,0.033333,0.016667,0.016667,0,0,0,0.033333,0.05,0,0.016667,0,0.033333,0,0,0.016667,0.05,0,0.066667
0,0,0,0.052632,0,0.052632,0,0,0,0,0,0,0,0,0.052632,0.10526,0.052632,0,0,0,0,0,0,0,0,0,0,0.052632,0,0,0.052632,0,0,0,0.052632,0,0.052632,0,0.052632,0,0,0,0.052632,0,0,0,0,0,0,0.10526,0.052632,0.052632,0,0,0,0,0,0.052632,0,0,0.052632,0,0.052632,0
0,0.10526,0.052632,0.052632,0.052632,0,0,0,0,0,0,0,0.052632,0,0,0.10526,0.052632,0,0,0,0,0,0,0,0,0,0,0,0.052632,0,0.052632,0,0.052632,0,0,0,0.052632,0,0,0,0,0,0,0,0,0,0,0,0,0,0,0,0.052632,0,0,0,0.052632,0,0,0,0.052632,0.052632,0.10526,0
0.022727,0,0.034091,0,0.011364,0.011364,0.011364,0.011364,0.011364,0.011364,0.011364,0.022727,0.011364,0.034091,0,0.034091,0.022727,0.011364,0.022727,0,0,0.034091,0.011364,0.011364,0,0.011364,0.034091,0.022727,0.011364,0.011364,0.022727,0.034091,0,0.011364,0,0.011364,0.011364,0.022727,0.034091,0.034091,0.011364,0.011364,0,0.011364,0.011364,0.011364,0.022727,0.022727,0.011364,0,0,0,0.011364,0.022727,0.034091,0.011364,0.022727,0.011364,0.011364,0.011364,0.011364,0.045455,0.034091,0.034091
0,0.15385,0.076923,0,0,0,0,0,0,0,0,0.076923,0,0,0,0,0.076923,0,0,0,0,0,0,0.076923,0,0.076923,0,0,0,0,0,0,0,0,0,0,0,0,0,0,0,0,0.076923,0,0,0,0,0,0,0,0,0,0,0,0.076923,0,0,0.15385,0.076923,0,0,0,0.076923,0
0.052632,0,0.052632,0.052632,0,0,0,0,0,0.10526,0,0,0,0,0,0,0,0,0,0.052632,0,0,0,0,0,0.052632,0,0,0,0,0,0,0,0,0,0,0,0.052632,0,0,0.052632,0,0,0,0.052632,0,0,0.052632,0.052632,0,0,0,0.052632,0,0,0,0.052632,0,0,0.15789,0,0,0.052632,0.052632
0,0,0.083333,0.083333,0,0,0,0,0.083333,0,0,0,0,0,0,0,0.083333,0,0,0,0,0,0,0,0,0,0,0,0,0,0,0,0.083333,0,0,0,0.083333,0,0,0,0,0,0,0,0,0,0,0,0.083333,0,0,0,0,0,0,0,0,0,0,0,0.083333,0.083333,0.083333,0.16667
0.071429,0,0,0.14286,0,0,0,0,0,0.14286,0,0,0,0,0,0,0.071429,0.071429,0,0,0,0,0,0,0.14286,0.071429,0.071429,0,0,0,0,0,0,0,0.14286,0,0,0,0,0,0,0.071429,0,0,0,0,0,0,0,0,0,0,0,0,0,0,0,0,0,0,0,0,0,0
0,0,0,0,0,0,0,0,0,0,0,0.1,0,0,0.2,0,0,0,0,0,0,0,0,0,0,0.2,0,0,0.1,0,0,0,0,0,0.1,0,0,0.1,0,0,0,0,0,0,0,0,0,0,0.1,0,0,0,0,0.1,0,0,0,0,0,0,0,0,0,0
0,0,0,0,0,0,0,0,0,0,0,0.071429,0,0.071429,0,0,0.071429,0,0,0,0,0,0,0,0,0,0,0,0,0.071429,0,0,0,0,0,0,0.071429,0,0,0,0,0,0,0,0,0,0.21429,0,0,0,0,0,0,0,0,0.071429,0,0,0,0.14286,0,0.071429,0.071429,0.071429
0,0,0,0,0.2,0,0,0,0,0,0,0,0,0,0,0.1,0.1,0,0,0,0.1,0,0,0,0,0,0,0,0,0,0,0,0,0,0,0,0,0,0,0,0,0.1,0,0,0,0,0,0,0,0,0,0.1,0,0,0,0,0,0.1,0,0,0.1,0,0,0.1
0.071429,0,0.071429,0,0,0,0.14286,0,0,0,0,0.071429,0,0,0,0,0,0,0,0,0,0,0,0,0,0,0.071429,0,0,0,0,0,0,0,0.071429,0.071429,0,0,0.071429,0,0,0,0,0,0,0,0.071429,0,0,0,0.071429,0,0,0,0,0,0,0,0,0,0,0,0.21429,0
0,0.071429,0,0,0.071429,0,0.14286,0,0,0.071429,0,0,0.071429,0,0,0,0.071429,0.071429,0,0,0,0,0,0,0.071429,0,0,0.071429,0,0,0,0,0,0,0,0,0,0,0,0.071429,0,0,0,0,0,0,0.14286,0,0,0,0,0.071429,0,0,0,0,0,0,0,0,0,0,0,0
0.066667,0,0,0.13333,0,0,0,0,0,0,0,0,0.066667,0.066667,0.066667,0,0,0,0,0,0,0.066667,0.26667,0,0,0,0,0.066667,0,0,0.066667,0,0,0,0,0,0,0,0,0,0,0,0,0,0,0,0,0,0,0,0,0,0,0,0.066667,0,0,0,0,0,0,0.066667,0,0
0.090909,0,0,0,0.090909,0,0,0,0,0,0,0,0.18182,0,0,0,0,0,0,0,0,0,0,0,0,0,0,0,0,0,0.090909,0,0,0,0,0,0,0.090909,0,0,0,0,0,0,0,0,0.090909,0,0,0,0.090909,0.090909,0,0.090909,0,0,0,0,0,0,0,0,0.090909,0
0.038462,0.038462,0.038462,0.15385,0,0,0,0,0,0.038462,0.038462,0,0.11538,0,0,0,0,0,0,0.076923,0,0,0.038462,0,0,0,0,0,0,0,0,0,0.038462,0,0,0,0,0,0,0.076923,0,0,0,0,0,0,0.11538,0,0,0,0.038462,0,0,0,0.038462,0,0.038462,0.076923,0,0,0,0,0,0
0.095238,0,0.047619,0,0,0,0,0,0,0,0,0.047619,0,0,0,0,0.095238,0,0,0,0,0,0,0.047619,0,0,0,0,0,0.047619,0,0,0,0,0,0,0.047619,0,0,0,0,0,0,0,0,0.047619,0,0,0,0,0.047619,0,0,0,0.095238,0,0,0.047619,0,0.095238,0,0.047619,0.095238,0.095238
0,0.05,0.05,0,0,0,0,0,0.05,0,0,0,0.05,0,0,0,0.05,0,0,0,0.05,0,0.05,0.05,0,0,0,0,0,0,0,0,0.05,0,0,0,0.05,0,0,0.1,0,0.05,0,0,0,0,0.05,0,0,0.05,0,0.05,0,0,0,0,0,0.05,0,0.1,0,0,0,0.05
0,0,0,0,0,0,0.028571,0,0,0.057143,0,0,0.028571,0.028571,0,0,0,0,0.057143,0.028571,0.028571,0.057143,0,0,0.028571,0,0.028571,0.028571,0,0,0,0,0.028571,0,0.028571,0.028571,0,0.028571,0.028571,0.028571,0.057143,0.028571,0,0,0,0.028571,0,0,0.057143,0,0,0,0.028571,0.028571,0.057143,0.028571,0.028571,0,0.028571,0.028571,0,0.028571,0,0
0.11538,0,0,0.038462,0.076923,0.038462,0,0,0.038462,0,0,0,0.076923,0,0,0,0.038462,0,0,0,0.11538,0,0,0,0,0,0,0,0,0,0,0.038462,0.038462,0,0,0.038462,0,0,0,0.038462,0,0,0,0,0,0,0,0,0.038462,0.038462,0,0.076923,0,0,0.038462,0.038462,0,0,0,0,0,0,0,0.076923
0.2,0,0.1,0,0,0,0,0,0,0,0,0,0,0,0,0,0,0,0,0,0,0,0,0,0,0.1,0,0,0,0,0,0,0,0,0,0,0,0,0,0.1,0,0,0,0.1,0,0,0,0,0.1,0,0,0,0.1,0,0.1,0,0,0,0,0,0,0,0.1,0
0,0,0.090909,0,0,0,0.090909,0,0.090909,0,0,0,0,0,0,0.18182,0,0,0,0,0.090909,0,0,0,0,0.090909,0,0,0,0,0,0,0,0,0,0,0,0,0.090909,0,0,0,0,0,0,0,0.090909,0,0,0.090909,0,0,0,0,0,0,0,0,0,0,0,0.090909,0,0
0.11111,0.055556,0.055556,0.055556,0,0,0,0,0.055556,0,0,0,0,0,0,0.055556,0,0,0,0,0,0,0.055556,0,0,0.055556,0,0,0.055556,0,0,0,0.055556,0,0,0,0,0,0,0,0,0,0,0,0,0,0,0,0.16667,0,0,0,0.055556,0,0.11111,0,0,0.055556,0,0,0,0,0,0
0.125,0,0,0,0,0.125,0.0625,0,0,0,0,0,0,0.0625,0,0,0,0,0,0,0.0625,0,0,0,0,0,0,0,0,0.0625,0,0,0.125,0,0,0.0625,0.0625,0,0,0,0.0625,0,0.0625,0,0,0,0,0,0.0625,0,0,0,0,0,0,0,0,0,0,0,0,0,0.0625,0
0,0,0.023256,0.069767,0.046512,0,0.046512,0,0,0,0,0.023256,0.046512,0.046512,0.023256,0.069767,0.023256,0.023256,0,0,0.023256,0.023256,0,0.023256,0.023256,0.023256,0.023256,0,0,0,0.093023,0,0,0,0,0.023256,0,0.023256,0.023256,0,0,0.023256,0,0.023256,0,0,0,0,0,0,0,0.023256,0,0.046512,0,0,0.023256,0.046512,0,0.046512,0,0,0.023256,0
0.1236,0.044944,0.078652,0.022472,0.022472,0.011236,0.022472,0,0.022472,0.011236,0,0.022472,0.011236,0,0,0.011236,0.05618,0.033708,0.011236,0,0.022472,0.011236,0.011236,0,0.022472,0.011236,0.022472,0,0.011236,0,0,0.011236,0.044944,0,0.011236,0.011236,0,0.011236,0.033708,0,0.033708,0.011236,0.022472,0,0.011236,0.011236,0.011236,0.011236,0,0.011236,0,0.022472,0,0.011236,0,0,0.011236,0.011236,0.011236,0.022472,0.011236,0,0.011236,0.022472
0,0.11111,0,0,0,0.22222,0,0,0,0,0,0,0,0,0,0.11111,0,0,0,0,0,0,0,0,0,0,0,0,0,0,0,0,0,0,0,0.11111,0,0,0,0,0,0,0,0,0,0,0,0,0.11111,0,0,0,0,0,0,0,0.22222,0,0,0.11111,0,0,0,0
0.041667,0,0,0,0,0,0.041667,0,0,0.041667,0,0.041667,0,0.041667,0.083333,0,0.083333,0,0,0,0,0,0,0,0,0,0.041667,0,0,0,0,0,0.083333,0,0,0,0,0,0.041667,0.041667,0.041667,0,0,0,0,0,0.041667,0.041667,0.041667,0,0,0.041667,0,0,0,0,0.041667,0,0.041667,0.041667,0.041667,0,0.041667,0
0.083333,0.083333,0,0,0,0,0,0,0,0.083333,0,0,0,0,0,0,0.083333,0.083333,0.083333,0,0,0,0,0,0,0,0,0,0,0,0,0,0,0,0.083333,0,0,0.083333,0,0,0,0,0,0,0,0.083333,0,0.16667,0.083333,0,0,0,0,0,0,0,0,0,0,0,0,0,0,0
0.17647,0.029412,0.029412,0,0,0,0.029412,0,0,0.029412,0,0,0,0,0.058824,0,0,0.029412,0,0.058824,0,0,0,0.029412,0.029412,0.058824,0,0,0.029412,0,0,0,0,0,0,0.029412,0,0,0,0,0,0,0,0,0,0,0.029412,0.029412,0.058824,0,0.029412,0,0.029412,0,0,0,0.029412,0.029412,0,0.029412,0.058824,0,0,0.058824
0.13043,0,0,0.043478,0.13043,0,0,0,0,0,0,0,0.043478,0,0.043478,0,0.30435,0,0,0,0,0.043478,0.043478,0,0,0,0,0,0,0,0.13043,0,0,0,0,0,0,0,0,0,0,0,0,0,0,0,0,0,0.043478,0,0,0,0,0,0.043478,0,0,0,0,0,0,0,0,0
0.041667,0.013889,0.013889,0.013889,0.041667,0,0.013889,0.041667,0.027778,0.055556,0,0,0.013889,0,0,0,0,0,0.013889,0,0.027778,0,0.027778,0.013889,0.027778,0.013889,0,0.013889,0,0.013889,0.041667,0.013889,0.027778,0,0.027778,0.055556,0.013889,0,0.013889,0,0,0.027778,0.013889,0,0.013889,0.027778,0.027778,0,0.013889,0.027778,0.027778,0,0.013889,0.069444,0.041667,0,0.027778,0,0.013889,0,0,0,0.013889,0.013889
0.071429,0.071429,0,0,0.071429,0,0.071429,0.071429,0,0.14286,0,0,0,0,0,0,0,0,0,0,0,0,0,0,0,0.071429,0,0,0.071429,0,0,0,0,0,0,0,0.071429,0.071429,0,0,0.071429,0,0,0,0,0,0,0,0.071429,0,0,0,0,0,0.071429,0,0,0,0,0,0,0,0,0
0,0.066667,0.066667,0.066667,0.066667,0,0,0,0,0,0,0,0.066667,0,0,0.066667,0.066667,0,0,0,0.066667,0,0,0,0.066667,0,0,0.066667,0.066667,0,0.066667,0,0,0,0.066667,0,0,0,0,0,0,0,0,0,0,0,0,0,0,0.066667,0,0.066667,0,0,0,0,0,0,0,0,0,0,0,0
0,0,0,0,0.18182,0.090909,0,0,0,0,0,0.090909,0,0.090909,0,0,0,0,0,0.090909,0,0,0.090909,0,0,0,0,0,0,0,0,0,0.090909,0,0,0,0,0,0,0.090909,0.090909,0,0,0,0,0,0,0,0,0,0,0,0,0,0,0,0.090909,0,0,0,0,0,0,0
0,0,0.058824,0.058824,0.058824,0,0,0,0,0.11765,0,0,0,0,0,0,0,0,0,0,0,0,0,0,0,0.058824,0,0,0,0,0,0.058824,0,0,0,0,0,0.058824,0.11765,0,0,0,0,0,0,0.058824,0.11765,0,0,0,0,0,0,0,0,0,0,0.058824,0,0,0.11765,0,0,0.058824
0,0.076923,0,0,0.076923,0,0,0,0,0,0,0,0,0,0.076923,0,0,0,0,0.076923,0,0,0,0,0,0,0,0.076923,0,0,0.076923,0,0,0,0,0,0,0,0,0,0,0,0,0,0,0,0,0.076923,0,0,0,0,0,0,0,0,0.076923,0.076923,0,0,0.076923,0,0.076923,0.15385
0,0,0,0.083333,0,0,0.083333,0,0,0,0,0,0,0,0,0.083333,0,0,0,0,0,0,0,0,0,0,0,0,0,0,0.083333,0,0.083333,0,0,0,0,0,0.083333,0,0,0,0,0,0.083333,0,0.083333,0,0,0,0,0,0,0,0.083333,0,0,0,0,0.16667,0,0.083333,0,0
0.016393,0,0,0,0.016393,0,0,0.016393,0,0,0,0.016393,0.016393,0,0,0.04918,0,0.016393,0.032787,0,0,0,0,0,0.032787,0.016393,0.032787,0.016393,0,0,0,0.016393,0.016393,0,0,0,0.032787,0,0.016393,0.032787,0,0.032787,0,0.016393,0.016393,0.016393,0.032787,0.016393,0.016393,0.016393,0.04918,0.065574,0,0.032787,0.016393,0,0.016393,0,0.016393,0.065574,0.032787,0,0.032787,0.11475
0.095238,0,0,0.095238,0.095238,0,0.047619,0,0,0,0,0,0.047619,0.047619,0.047619,0,0,0,0,0,0,0,0,0,0,0.047619,0,0.047619,0,0,0,0,0,0,0,0,0,0,0.095238,0,0,0,0,0,0,0,0.14286,0,0,0,0,0.047619,0,0,0,0,0.047619,0.047619,0,0.047619,0,0,0,0
0.15385,0.076923,0,0,0.076923,0,0.076923,0,0.076923,0,0,0,0.15385,0,0,0,0,0.076923,0,0,0,0,0,0,0.076923,0,0,0,0,0,0,0,0.076923,0,0,0,0,0,0,0.076923,0,0,0,0,0,0,0,0,0.076923,0,0,0,0,0,0,0,0,0,0,0,0,0,0,0
0,0,0,0,0,0.083333,0,0,0,0,0,0.083333,0.083333,0,0.083333,0,0,0,0.083333,0,0,0,0,0,0,0.16667,0,0,0.083333,0,0.083333,0,0,0,0,0,0,0,0,0,0,0,0,0,0.083333,0,0,0,0,0,0,0,0,0,0.083333,0,0,0,0,0,0,0.083333,0,0
0.035714,0,0.035714,0,0.035714,0,0,0,0,0.035714,0,0,0.14286,0,0,0,0,0,0.071429,0.035714,0,0,0.035714,0,0.035714,0.035714,0,0.035714,0,0,0,0,0,0,0,0,0,0.071429,0,0,0,0,0,0,0.035714,0,0,0,0.035714,0.035714,0,0.035714,0,0,0.035714,0,0,0.071429,0.035714,0,0,0,0,0.10714
0.045455,0,0,0,0.090909,0.045455,0.045455,0,0.045455,0,0,0,0.13636,0,0,0,0.045455,0,0,0,0.045455,0,0.045455,0,0,0,0,0,0,0,0,0.045455,0,0.045455,0,0.045455,0.045455,0,0,0,0,0,0.045455,0,0,0,0,0,0,0,0,0.045455,0,0,0.045455,0,0,0,0,0,0,0,0.045455,0.090909
0.13043,0.043478,0,0.021739,0.021739,0.043478,0,0,0,0.021739,0,0.021739,0.021739,0,0.021739,0,0.043478,0,0,0.021739,0.043478,0,0.021739,0,0,0,0,0.021739,0.043478,0.021739,0,0,0.043478,0.021739,0,0.021739,0.021739,0,0,0,0.021739,0,0,0,0,0,0.043478,0.043478,0,0.043478,0.021739,0,0,0,0.021739,0,0,0,0,0,0,0.086957,0,0.043478
0.1875,0,0.0625,0,0,0,0,0,0.0625,0,0,0.125,0,0,0.0625,0.0625,0.0625,0,0,0,0.125,0,0,0,0,0,0,0,0.0625,0,0,0,0,0,0,0,0,0,0,0,0,0,0,0,0,0,0,0,0,0,0,0.0625,0,0.0625,0,0,0.0625,0,0,0,0,0,0,0
0.13333,0,0.033333,0,0,0.033333,0.033333,0,0,0,0,0.066667,0,0,0,0,0.066667,0.033333,0.033333,0.033333,0.033333,0,0,0,0.033333,0.033333,0,0,0,0.033333,0,0,0.033333,0.033333,0,0,0.033333,0.033333,0,0.033333,0,0.033333,0,0,0,0,0,0.033333,0,0,0,0,0.033333,0.066667,0.033333,0,0,0.033333,0,0,0,0,0,0
0.10526,0.026316,0,0.052632,0,0.026316,0.026316,0.026316,0.026316,0,0,0,0.052632,0.026316,0,0.052632,0,0,0,0,0,0,0,0,0.052632,0,0,0,0.026316,0.026316,0.026316,0.026316,0,0,0,0.026316,0.026316,0,0,0.026316,0.026316,0,0,0,0.026316,0,0.052632,0,0,0.026316,0,0,0,0.026316,0,0,0.052632,0,0.026316,0.026316,0,0,0,0.078947
0.054945,0.043956,0.043956,0.010989,0.021978,0,0,0,0.021978,0.010989,0.010989,0.010989,0,0.032967,0,0.021978,0.021978,0.010989,0.010989,0.010989,0.010989,0,0.021978,0,0.054945,0.032967,0.010989,0.021978,0,0.010989,0.021978,0,0.043956,0,0.021978,0.021978,0.021978,0,0.021978,0,0,0.010989,0.010989,0,0.021978,0,0.043956,0.010989,0,0.010989,0,0.010989,0,0,0.021978,0,0.032967,0.065934,0,0.054945,0.021978,0,0.010989,0.010989
0,0,0,0,0,0,0,0,0,0,0,0,0,0,0,0,0,0.066667,0,0,0.066667,0,0.066667,0,0,0,0,0,0.13333,0.066667,0,0,0,0,0,0,0,0.066667,0,0.066667,0,0,0,0,0,0,0,0,0,0,0,0.066667,0.066667,0,0.066667,0,0,0,0,0,0,0.066667,0,0.2
0,0,0,0.04,0,0,0,0,0,0,0,0,0,0,0,0.12,0,0,0,0,0,0.04,0.08,0.08,0,0,0,0,0.04,0,0,0.2,0,0,0,0,0.08,0,0.08,0.04,0,0,0,0,0,0,0,0.04,0,0,0,0,0,0.04,0,0,0,0,0,0.04,0.04,0,0,0.04
0.033333,0.033333,0.066667,0,0.033333,0,0,0,0,0,0.033333,0,0.1,0,0.033333,0,0,0,0.033333,0,0,0,0,0,0,0,0,0,0,0,0,0,0,0,0.033333,0,0.1,0.033333,0.033333,0,0.033333,0,0,0,0,0,0.033333,0,0.033333,0.033333,0,0.1,0,0,0,0,0.1,0,0,0.033333,0,0.033333,0.033333,0
0.1087,0.021739,0.086957,0.065217,0.065217,0,0,0.021739,0.021739,0.021739,0,0,0.021739,0.021739,0,0,0.043478,0,0,0,0,0,0,0,0.021739,0,0.043478,0,0,0,0.021739,0,0.043478,0.021739,0.043478,0,0.021739,0.043478,0.021739,0.021739,0.065217,0,0,0,0,0.021739,0,0,0,0.021739,0,0,0,0,0.021739,0,0.021739,0,0,0,0.021739,0,0,0.021739
0.28,0,0,0.04,0.04,0,0,0,0.04,0.04,0,0,0.04,0,0.04,0,0.08,0,0,0,0,0,0,0,0.04,0.04,0,0,0,0,0,0,0,0,0,0,0,0.04,0,0,0,0.04,0,0,0,0,0,0,0.16,0.04,0,0,0.04,0,0,0,0,0,0,0,0,0,0,0
0,0,0.02381,0.047619,0,0,0,0,0.02381,0.02381,0,0,0.047619,0.02381,0.047619,0,0.047619,0,0.02381,0,0,0,0,0.02381,0.02381,0,0,0.02381,0,0,0.02381,0,0.071429,0.02381,0.047619,0,0.047619,0.02381,0.047619,0.02381,0.02381,0,0.02381,0,0.02381,0,0.02381,0.02381,0.047619,0,0.02381,0.047619,0,0,0,0,0.02381,0,0,0,0,0,0.02381,0.02381
0.0625,0.03125,0.03125,0.03125,0.03125,0,0,0,0,0.03125,0,0,0,0,0.03125,0,0.125,0,0,0,0,0,0,0,0,0,0,0.0625,0,0,0.03125,0,0,0,0.0625,0,0,0.0625,0.03125,0,0,0.0625,0,0,0,0,0,0.09375,0,0,0,0,0,0,0,0,0,0.09375,0.03125,0.0625,0,0.03125,0,0
0.043478,0.043478,0,0,0.086957,0.086957,0,0.043478,0,0,0,0,0.086957,0,0,0,0.043478,0.086957,0,0,0.043478,0,0,0,0,0,0.043478,0,0,0.043478,0,0,0,0,0.086957,0,0.043478,0,0,0,0,0,0,0,0,0,0,0,0,0,0.043478,0.043478,0,0.043478,0,0,0,0,0,0,0,0,0,0.086957
0.066667,0.022222,0.066667,0.022222,0.044444,0,0.022222,0.022222,0.044444,0.022222,0,0,0,0,0,0,0.066667,0.066667,0.066667,0.022222,0,0.022222,0,0,0,0.022222,0,0.022222,0,0,0,0,0.022222,0.022222,0.022222,0,0.044444,0.022222,0.022222,0,0,0,0,0,0.022222,0,0.044444,0,0.022222,0,0.022222,0,0,0,0,0,0.022222,0,0.022222,0.022222,0,0,0.044444,0
0.020408,0,0.040816,0.040816,0.10204,0,0,0,0.061224,0.040816,0.040816,0.020408,0,0.020408,0,0,0.020408,0,0.081633,0,0,0,0,0,0.081633,0.040816,0.061224,0.020408,0,0,0.020408,0,0,0.020408,0,0,0,0,0,0,0.081633,0,0,0,0,0,0,0,0.020408,0,0.040816,0,0,0,0.020408,0,0.020408,0.020408,0,0.040816,0,0,0,0.020408
0.19048,0,0.095238,0,0,0,0,0,0,0.047619,0,0,0.095238,0.047619,0,0,0,0,0.095238,0,0,0,0,0,0,0,0.047619,0,0,0,0,0,0.047619,0,0,0,0.095238,0.047619,0,0,0,0,0,0,0.047619,0,0,0,0,0,0,0.047619,0,0,0,0,0,0.047619,0.047619,0,0,0,0,0
0.18182,0,0.090909,0,0.090909,0,0,0,0,0.090909,0.090909,0,0,0,0.090909,0,0,0,0.090909,0,0,0,0,0,0,0.090909,0,0,0,0,0,0,0,0,0,0,0,0,0,0,0,0,0,0,0,0,0,0,0,0,0.090909,0,0,0,0,0,0.090909,0,0,0,0,0,0,0
0.066667,0.066667,0.066667,0,0,0,0,0,0,0,0.066667,0.13333,0,0,0,0,0,0,0.066667,0,0,0,0,0,0.066667,0,0,0,0,0,0,0.066667,0,0,0,0,0,0,0.066667,0,0.066667,0,0,0,0,0,0,0,0,0,0,0,0.066667,0,0.066667,0,0.13333,0,0,0,0,0,0,0
0.016667,0.033333,0.016667,0.016667,0,0,0.016667,0.016667,0,0.033333,0,0.016667,0,0.016667,0,0.033333,0.05,0.016667,0.033333,0.016667,0.05,0,0.016667,0,0,0.05,0,0,0,0,0.033333,0,0,0,0,0.016667,0,0.033333,0.05,0.016667,0,0.016667,0.016667,0,0.016667,0,0,0.016667,0.016667,0,0.016667,0.016667,0.016667,0.033333,0.05,0,0.016667,0.016667,0,0.016667,0.033333,0,0.066667,0.033333
0,0.083333,0,0,0,0.083333,0,0,0,0,0,0,0,0,0,0.083333,0.083333,0,0,0.083333,0,0,0,0,0,0,0,0,0,0,0,0,0,0,0,0,0,0.083333,0,0,0,0,0,0,0.083333,0,0.25,0,0,0,0,0,0,0,0,0,0.083333,0,0,0.083333,0,0,0,0
0,0,0.025,0,0.025,0.075,0.025,0,0.075,0.025,0,0,0.05,0,0.05,0.025,0,0,0.025,0,0.05,0.025,0,0,0.025,0,0,0,0,0.025,0,0,0,0.025,0.025,0,0.025,0.05,0.025,0,0.025,0.1,0,0,0.025,0,0,0,0,0.05,0.025,0.025,0,0.025,0,0,0,0.025,0,0.025,0,0,0,0
0.0625,0,0,0.03125,0.0625,0,0.0625,0,0.0625,0.03125,0,0,0.03125,0.03125,0,0.03125,0,0,0,0.03125,0,0,0,0,0.03125,0.0625,0,0,0,0,0.09375,0,0,0,0,0,0.0625,0,0,0,0.03125,0.03125,0,0,0.03125,0,0.03125,0,0.03125,0,0,0,0,0.03125,0.03125,0,0,0,0,0,0.03125,0.03125,0,0.03125
0,0.15385,0,0,0,0,0,0,0,0,0,0,0,0.076923,0,0,0,0,0,0,0,0,0,0,0,0.076923,0,0.076923,0,0,0,0,0,0,0,0,0,0,0,0,0,0,0,0,0,0,0,0.076923,0.076923,0,0,0,0,0,0.076923,0.076923,0,0,0,0.23077,0,0.076923,0,0
0,0,0.11765,0,0.058824,0,0.058824,0.058824,0,0.058824,0,0,0.058824,0.058824,0,0,0.058824,0,0.058824,0,0,0,0,0,0,0.058824,0,0,0,0,0,0,0.058824,0,0.058824,0,0,0.058824,0.058824,0,0,0,0,0,0,0,0,0.058824,0,0,0,0,0,0,0,0,0,0,0,0,0,0,0,0.058824
0.16667,0,0.083333,0.083333,0,0,0,0,0.083333,0,0,0,0,0,0,0,0,0,0,0,0.083333,0,0,0,0.083333,0,0.083333,0,0,0,0.083333,0,0,0,0,0,0,0,0.083333,0,0,0,0,0,0,0,0.083333,0,0,0,0,0,0,0,0,0,0.083333,0,0,0,0,0,0,0
0,0,0,0,0.0625,0,0.0625,0,0,0,0.0625,0,0,0,0.0625,0,0,0.0625,0.0625,0,0,0,0,0,0.0625,0.0625,0,0.0625,0,0,0,0,0,0,0,0,0,0,0.0625,0,0,0,0,0,0,0,0.1875,0,0,0,0,0,0,0,0,0,0,0.0625,0,0,0,0,0.125,0
0.18182,0.068182,0,0,0,0.11364,0,0.022727,0,0,0,0,0.022727,0.045455,0,0,0.022727,0,0,0,0,0,0,0.022727,0.022727,0,0,0,0,0.068182,0.022727,0.022727,0,0.045455,0,0,0,0.022727,0,0,0,0,0,0,0,0,0,0.022727,0,0.022727,0,0,0,0,0.022727,0.045455,0.022727,0,0,0.022727,0.022727,0.045455,0,0.068182
0.046512,0,0,0.046512,0,0,0,0,0,0,0,0,0.18605,0.069767,0,0.023256,0,0,0,0.023256,0.023256,0,0,0,0,0,0,0.023256,0.023256,0.023256,0.023256,0,0,0,0,0,0,0,0,0.023256,0,0,0.023256,0,0,0,0.069767,0,0.046512,0.023256,0,0.093023,0,0,0,0.046512,0,0.023256,0,0.069767,0.023256,0.023256,0.023256,0
0.18182,0,0,0,0.090909,0,0,0,0.090909,0,0,0,0,0,0,0,0.090909,0,0.090909,0,0,0,0,0,0,0,0.090909,0.090909,0,0,0,0,0,0.090909,0,0,0,0,0,0,0,0,0,0,0,0,0,0,0,0,0.090909,0,0,0,0,0,0.090909,0,0,0,0,0,0,0
0,0.076923,0,0.076923,0,0,0,0,0,0.076923,0,0,0,0.076923,0,0,0.076923,0,0,0,0,0,0,0,0.076923,0,0,0,0,0,0,0,0,0.076923,0,0,0,0,0,0,0,0,0,0.076923,0,0.076923,0.15385,0,0.076923,0,0,0,0,0,0,0,0,0,0,0.076923,0,0,0,0
0,0,0,0,0,0,0,0,0,0.066667,0,0.066667,0,0,0,0,0,0,0.066667,0.2,0,0,0.066667,0,0,0,0,0,0,0.066667,0,0,0,0,0,0.066667,0,0,0,0,0,0,0,0.066667,0,0,0.066667,0,0,0,0,0,0.066667,0.066667,0,0.066667,0.066667,0,0,0,0,0,0,0
0,0,0,0.15385,0,0,0.076923,0,0,0,0,0,0,0,0,0,0,0,0,0,0,0.076923,0.076923,0,0,0,0.15385,0,0,0,0.076923,0,0.076923,0,0,0,0,0,0.076923,0,0,0,0.076923,0,0,0,0,0,0,0,0,0,0.076923,0.076923,0,0,0,0,0,0,0,0,0,0
0,0,0,0.071429,0,0,0,0,0,0,0,0,0,0,0,0,0,0,0,0,0,0,0,0.071429,0,0,0,0.071429,0,0,0,0,0,0,0,0,0.071429,0,0,0,0,0,0,0.071429,0.14286,0,0,0,0.14286,0,0,0.071429,0,0,0,0,0.071429,0,0.071429,0,0.071429,0,0,0.071429
0.076923,0.038462,0.019231,0.057692,0.057692,0.019231,0,0.038462,0.038462,0,0.019231,0,0.038462,0.019231,0,0,0.038462,0,0.019231,0.019231,0,0.038462,0,0.019231,0.038462,0.019231,0,0,0,0,0,0.019231,0,0,0.019231,0.019231,0.076923,0.019231,0,0,0.038462,0,0,0,0,0.019231,0.019231,0,0.038462,0,0,0,0.038462,0.019231,0,0,0.019231,0,0,0,0.019231,0,0.019231,0
0.066667,0,0,0,0,0,0,0,0.066667,0,0.066667,0.066667,0,0,0,0,0.066667,0,0.066667,0,0,0,0,0,0,0.066667,0,0,0,0,0,0,0,0,0,0,0.066667,0,0,0,0,0.066667,0,0,0,0,0.13333,0.066667,0.066667,0,0,0,0,0,0.066667,0,0.066667,0,0,0,0,0,0,0
0.10526,0.10526,0,0,0.052632,0,0,0,0,0,0,0,0.10526,0.10526,0,0,0.052632,0,0,0.052632,0,0,0,0,0,0,0,0,0,0,0,0,0,0,0,0,0,0,0,0,0.052632,0,0,0,0,0,0,0,0,0,0,0.052632,0.052632,0.10526,0,0,0,0,0,0.052632,0,0.10526,0,0
0.22222,0,0,0,0.11111,0,0,0,0,0,0,0,0,0,0,0,0,0,0,0.055556,0,0,0,0,0,0,0,0,0.055556,0,0,0,0,0,0,0,0.16667,0,0,0,0,0,0,0,0,0,0,0,0.11111,0,0.055556,0,0,0,0,0,0,0.055556,0,0,0.055556,0,0,0.11111
0,0,0.022222,0.022222,0,0.022222,0,0.044444,0.022222,0.044444,0,0,0,0.044444,0,0.022222,0.022222,0.022222,0.022222,0,0.022222,0.022222,0,0,0.022222,0.022222,0,0,0.022222,0.022222,0.022222,0,0,0,0.022222,0,0.022222,0.022222,0,0,0.044444,0.022222,0,0.022222,0.022222,0,0.044444,0.022222,0,0,0.022222,0,0,0.022222,0,0,0.022222,0.022222,0.044444,0.066667,0,0.022222,0.044444,0.022222
0.10526,0.026316,0.026316,0.052632,0,0,0.026316,0,0.026316,0,0,0,0,0.052632,0,0,0,0.026316,0.052632,0.026316,0,0,0.026316,0,0.078947,0,0,0,0.052632,0.026316,0.026316,0.026316,0,0,0.052632,0.052632,0.026316,0,0,0,0,0,0,0,0.052632,0.026316,0,0,0.052632,0,0,0,0,0.026316,0,0,0,0,0,0.026316,0,0,0,0.026316
0,0,0.04,0.08,0,0,0,0.04,0,0.04,0.04,0.04,0,0,0,0.04,0.12,0.04,0,0,0,0.04,0,0.04,0,0.04,0,0,0,0,0,0,0,0,0,0,0.04,0,0,0,0,0,0.04,0,0,0,0,0,0.08,0,0,0,0,0,0,0,0.04,0.04,0.08,0.04,0,0.04,0,0
0,0.015625,0,0.015625,0.015625,0.046875,0.046875,0.015625,0.015625,0.10938,0,0.015625,0,0.015625,0,0,0.0625,0,0.015625,0,0.03125,0.046875,0.03125,0.015625,0.046875,0.015625,0.015625,0,0,0.015625,0,0,0,0,0,0.015625,0,0.0625,0.046875,0.015625,0.03125,0,0,0,0,0.015625,0.046875,0,0.015625,0.015625,0,0,0.015625,0.015625,0,0,0,0.0625,0,0.015625,0,0,0,0.015625
0,0,0,0,0,0,0,0,0,0,0,0.090909,0,0.090909,0,0,0.090909,0,0,0.090909,0.090909,0,0,0,0,0,0,0,0.090909,0,0,0,0,0,0,0,0,0,0,0,0.090909,0,0,0,0.090909,0,0,0,0,0,0,0,0,0,0,0.090909,0,0,0.18182,0,0,0,0,0
0.076923,0.076923,0,0,0.076923,0,0,0,0.076923,0.076923,0.076923,0,0,0,0,0,0,0,0,0,0,0.076923,0,0,0.15385,0,0.076923,0,0,0,0,0,0,0,0,0,0,0,0.076923,0,0.076923,0,0,0,0,0,0,0,0,0,0,0,0,0,0.076923,0,0,0,0,0,0,0,0,0
0.23333,0.033333,0,0.033333,0.16667,0.033333,0,0,0,0.033333,0,0,0.066667,0,0,0,0.033333,0,0,0,0,0,0,0,0,0.033333,0,0,0.033333,0,0,0,0.033333,0,0,0,0,0,0.033333,0,0,0,0,0,0.033333,0,0,0,0.1,0.066667,0,0,0.033333,0,0,0,0,0,0,0,0,0,0,0
0.097561,0.02439,0,0,0.073171,0.02439,0,0,0,0.04878,0.02439,0,0,0.02439,0,0,0,0,0,0.02439,0,0,0,0,0,0,0,0,0,0,0.02439,0.073171,0.04878,0.02439,0,0,0.02439,0,0.04878,0,0,0,0.02439,0,0.02439,0.02439,0.02439,0.02439,0.02439,0,0.02439,0,0,0,0.02439,0,0.04878,0.02439,0.02439,0.04878,0,0,0,0.073171
0,0,0,0,0.025,0.025,0,0.1,0.025,0,0,0,0,0,0,0.025,0.025,0.025,0,0.05,0,0.025,0,0,0.025,0,0,0.025,0,0.025,0,0,0,0,0.025,0,0.025,0,0.025,0,0.025,0,0,0,0.05,0,0,0,0,0.075,0.025,0.075,0.075,0.125,0.025,0.025,0,0,0,0,0,0,0.025,0
0,0.047619,0.047619,0,0,0,0,0,0,0.047619,0,0,0.047619,0.14286,0.047619,0.047619,0,0,0,0,0.047619,0,0.047619,0,0.095238,0,0,0,0,0,0,0,0,0,0,0,0,0,0,0,0,0,0,0,0,0.047619,0,0,0,0.14286,0.047619,0,0.047619,0,0.047619,0,0,0,0,0.047619,0,0,0,0
0.045455,0.045455,0.045455,0,0,0,0.045455,0,0.090909,0,0.045455,0,0,0,0,0.045455,0,0,0,0,0.045455,0.045455,0,0,0,0,0,0,0,0.045455,0,0.090909,0,0,0.090909,0.045455,0.045455,0,0,0,0,0,0,0,0,0,0,0,0,0,0,0,0.045455,0,0,0,0.045455,0.045455,0,0,0,0,0.045455,0.045455
0,0,0,0,0.090909,0,0,0,0.090909,0.090909,0.090909,0,0,0,0,0.090909,0,0,0,0,0,0.18182,0.090909,0,0,0,0,0,0,0,0,0,0,0,0,0,0,0,0,0,0,0.090909,0.090909,0,0,0,0,0,0,0,0,0,0,0,0,0,0,0,0,0.090909,0,0,0,0
0,0.071429,0,0,0,0,0.21429,0,0,0,0,0,0.071429,0,0,0.071429,0,0,0,0,0,0,0,0,0,0,0,0,0,0,0.071429,0,0,0,0,0,0,0,0,0,0,0,0,0,0,0,0,0,0.14286,0.071429,0,0,0,0,0,0,0,0.071429,0,0,0.14286,0,0,0.071429
0,0,0,0.05,0.05,0,0,0,0.05,0,0,0.05,0,0,0,0,0,0,0.05,0.05,0,0,0,0,0.05,0,0.05,0,0.1,0,0,0,0,0,0,0.05,0,0,0.05,0,0,0,0,0,0,0,0,0,0.05,0,0,0,0,0,0,0,0.05,0,0.1,0.05,0,0.1,0,0.05
0.1,0,0,0,0,0,0,0,0,0,0,0,0.1,0.1,0,0,0,0,0,0,0,0,0,0,0,0,0,0.1,0,0,0,0,0,0,0,0.1,0,0,0.1,0.1,0,0,0,0,0,0,0,0,0.1,0,0,0.1,0,0,0,0,0,0.1,0,0,0,0,0,0
0.04,0,0.04,0.04,0.04,0,0.04,0,0,0,0,0,0,0,0,0.04,0.04,0,0.04,0,0,0,0,0,0,0,0,0.04,0,0,0,0.04,0,0,0,0.04,0,0,0.04,0,0.04,0,0,0,0,0,0.04,0.04,0.04,0,0.04,0,0,0,0,0,0,0,0.08,0.04,0.04,0,0.04,0.12
0,0.083333,0,0,0.083333,0,0,0,0.083333,0,0,0,0,0,0,0.083333,0,0,0,0,0,0,0,0,0.16667,0,0,0,0.083333,0,0,0,0,0,0,0,0.083333,0,0,0,0.083333,0.083333,0,0,0,0,0,0,0.083333,0,0,0,0,0,0,0,0.083333,0,0,0,0,0,0,0
0.125,0,0,0.0625,0.125,0.0625,0,0.0625,0.0625,0,0,0,0,0,0,0,0.0625,0,0,0,0,0,0,0,0,0.0625,0,0,0,0,0.0625,0,0,0,0,0,0,0,0,0,0,0,0,0.0625,0,0,0,0,0,0.125,0,0,0,0,0,0,0,0.0625,0,0,0,0.0625,0,0
0.2,0,0,0,0,0.1,0,0,0,0,0,0,0,0,0.2,0,0,0,0,0,0,0,0,0,0,0.1,0,0,0,0,0,0,0,0,0.1,0,0,0,0,0,0,0,0,0,0,0,0,0.1,0.1,0,0,0,0,0,0,0,0.1,0,0,0,0,0,0,0
0.052632,0,0.052632,0.052632,0.026316,0.026316,0.026316,0.026316,0.026316,0,0.026316,0,0.052632,0,0,0,0,0,0.026316,0,0,0.026316,0.026316,0.026316,0,0.026316,0,0.026316,0,0,0.026316,0,0.026316,0,0,0,0.052632,0,0,0,0,0,0,0,0,0.026316,0.026316,0,0.026316,0,0,0.026316,0,0,0,0,0.052632,0.052632,0,0,0.13158,0,0.026316,0
0,0,0,0,0.047619,0,0,0,0,0,0,0,0.19048,0.047619,0.047619,0.047619,0,0,0,0.047619,0,0,0,0,0,0,0,0,0,0,0,0,0,0,0,0.047619,0,0,0.047619,0,0.047619,0,0,0.047619,0,0,0,0.047619,0.047619,0.047619,0.047619,0.047619,0,0,0,0,0.047619,0,0,0.095238,0,0,0,0
0.055556,0.16667,0.055556,0,0,0,0,0,0,0,0,0,0.11111,0,0.055556,0.11111,0,0,0,0,0,0,0,0,0.055556,0,0,0,0,0,0,0,0,0,0.055556,0,0,0,0,0.055556,0,0,0,0,0,0,0,0,0,0.055556,0.055556,0,0,0,0,0,0,0,0,0,0,0.055556,0.055556,0.055556
0.076923,0,0.038462,0,0.057692,0,0,0,0.019231,0.038462,0,0,0.019231,0.019231,0,0.057692,0.038462,0,0.019231,0,0,0.019231,0,0,0.057692,0,0,0.019231,0,0,0,0,0.019231,0,0,0,0.076923,0,0,0,0.057692,0,0.038462,0,0.057692,0,0.038462,0.038462,0.038462,0,0.019231,0.019231,0,0.019231,0,0,0.019231,0,0,0.019231,0.019231,0.019231,0.019231,0
0.076923,0,0,0,0.076923,0,0,0,0.076923,0,0,0,0,0,0,0,0,0.076923,0,0,0,0,0,0,0,0,0,0,0,0,0.076923,0,0,0,0,0.076923,0,0,0.076923,0.076923,0.076923,0,0,0,0,0,0,0,0,0.076923,0,0,0,0,0,0,0.076923,0.076923,0,0,0,0.076923,0,0
0.21429,0.071429,0,0.071429,0,0,0,0,0,0.071429,0,0,0,0,0,0,0.071429,0,0.071429,0,0,0,0,0,0.071429,0.071429,0,0,0,0,0,0,0,0,0.071429,0,0,0,0,0,0,0,0,0,0,0,0,0,0,0,0,0,0,0,0,0,0.071429,0,0.071429,0,0,0.071429,0,0
0.066667,0,0.066667,0,0.066667,0,0.066667,0,0,0,0,0,0,0,0,0.066667,0,0,0,0,0,0,0,0,0,0,0,0,0,0,0.066667,0,0,0,0,0,0,0,0,0,0,0,0,0,0,0,0.066667,0,0,0,0,0.066667,0,0,0,0,0.066667,0.13333,0,0.066667,0,0,0.066667,0.13333
0,0.055556,0,0,0.055556,0,0,0.055556,0,0.11111,0,0,0.055556,0.055556,0,0,0,0.055556,0.055556,0,0,0,0,0,0,0.055556,0,0,0.055556,0,0,0,0,0,0,0.055556,0.055556,0,0,0,0,0,0,0.055556,0.055556,0,0,0,0.055556,0,0,0,0.055556,0,0,0,0,0,0,0,0,0.055556,0,0
0,0,0,0,0.15789,0.052632,0,0,0,0,0,0,0.052632,0.10526,0,0,0,0,0,0,0,0,0,0,0,0,0,0,0,0,0,0,0,0,0,0.052632,0,0,0,0,0,0,0,0,0,0,0.052632,0.052632,0.10526,0.052632,0,0.052632,0,0,0,0,0,0,0.052632,0.052632,0.052632,0,0.052632,0.052632
0,0,0,0,0,0.038462,0,0,0.038462,0,0,0,0.038462,0,0.038462,0,0,0,0,0,0,0.038462,0,0,0,0,0,0,0,0,0,0,0,0,0.038462,0.038462,0.038462,0,0,0,0,0,0,0,0,0,0.038462,0.038462,0.076923,0,0,0.038462,0,0,0,0.038462,0.038462,0,0,0.038462,0.11538,0,0.076923,0.19231
0.055556,0.055556,0,0.055556,0.11111,0,0,0,0.055556,0,0,0,0,0.055556,0,0.055556,0,0,0.055556,0,0,0.055556,0,0,0.055556,0,0,0,0,0,0,0,0,0,0,0,0,0,0,0,0.055556,0,0,0,0,0,0,0,0.055556,0.055556,0,0,0,0,0,0,0.055556,0.055556,0,0,0,0.055556,0.055556,0
0,0,0,0,0,0,0,0,0.066667,0,0,0,0,0,0,0,0,0,0,0,0,0,0,0,0.13333,0,0.13333,0,0,0,0,0,0,0,0,0.066667,0,0,0,0,0,0,0,0.066667,0,0,0,0,0.066667,0,0,0,0,0,0,0,0.4,0,0,0.066667,0,0,0,0
0.04878,0.073171,0,0,0.02439,0.04878,0.04878,0.02439,0,0.02439,0,0,0.02439,0.04878,0,0,0.073171,0.04878,0.04878,0.02439,0.02439,0.02439,0.02439,0,0,0,0,0,0,0.02439,0,0.02439,0.02439,0,0,0.02439,0,0,0,0,0.02439,0.02439,0,0,0,0,0,0.02439,0.04878,0.02439,0.04878,0,0.02439,0,0,0,0.02439,0,0,0,0.02439,0,0,0
0.090909,0,0,0,0,0,0.090909,0.090909,0,0,0,0,0,0.090909,0,0,0,0,0,0,0,0,0,0,0,0,0,0,0,0,0,0,0,0,0.090909,0,0,0,0,0,0,0,0,0,0,0,0,0,0.090909,0,0,0,0,0,0.18182,0.090909,0,0,0.090909,0,0,0,0,0.090909
0,0,0.066667,0,0,0,0,0,0,0,0,0,0.066667,0,0,0,0.2,0,0,0.066667,0,0,0,0,0,0,0,0.066667,0,0,0,0.13333,0,0,0,0,0,0,0,0,0,0,0,0,0,0,0,0,0,0.066667,0,0,0,0,0,0,0.066667,0,0,0,0.066667,0.13333,0.066667,0
0,0,0,0,0.13333,0,0,0,0,0,0,0,0,0,0.066667,0,0,0,0,0,0,0,0,0,0.066667,0.066667,0,0,0,0.066667,0,0,0,0.13333,0,0,0,0,0,0,0,0,0,0,0.066667,0,0.066667,0,0,0.066667,0.066667,0,0,0.066667,0,0,0.13333,0,0,0,0,0,0,0
0.05,0.05,0,0.1,0.05,0,0.05,0.05,0,0,0,0.1,0.15,0,0.05,0,0,0,0,0,0,0,0.05,0,0,0,0,0,0,0,0,0,0,0.05,0,0,0.05,0,0,0,0,0,0,0,0,0,0,0,0,0,0,0.05,0.05,0,0.05,0,0,0,0,0,0,0,0.05,0
0,0,0,0.0625,0,0,0.0625,0.0625,0,0,0,0,0,0,0,0.0625,0,0,0.0625,0,0,0.0625,0,0,0.125,0,0,0,0,0,0.0625,0,0,0.0625,0,0,0.0625,0,0.0625,0,0,0,0,0.0625,0,0,0,0,0,0,0,0,0.125,0,0,0,0.0625,0,0,0,0,0,0,0
0.11111,0,0.037037,0.074074,0,0.037037,0,0,0,0,0,0.037037,0.11111,0,0,0.074074,0,0,0,0.037037,0,0,0,0,0,0,0.037037,0.037037,0,0,0,0,0,0,0,0,0,0,0,0,0.037037,0,0,0,0.037037,0.037037,0.037037,0.037037,0,0.037037,0,0,0.037037,0,0,0.037037,0.037037,0,0,0.037037,0.037037,0,0,0
0.14815,0,0.074074,0,0.037037,0,0,0,0.074074,0,0,0,0,0,0.037037,0,0.037037,0.037037,0,0,0.037037,0,0,0,0,0.037037,0,0,0,0,0,0,0.074074,0,0,0.037037,0.074074,0,0,0,0,0,0,0,0,0,0.037037,0,0,0,0,0.037037,0.037037,0,0.037037,0,0.037037,0,0,0,0.037037,0,0.074074,0
0.12121,0.060606,0.090909,0.030303,0,0.030303,0,0,0.030303,0.030303,0,0,0,0.030303,0,0.060606,0.060606,0,0,0.090909,0,0,0,0,0,0,0.030303,0,0.030303,0,0,0,0.030303,0,0.030303,0,0.030303,0,0,0,0,0,0,0,0,0,0,0,0,0,0,0,0.030303,0,0,0,0.030303,0,0.030303,0.030303,0.030303,0.030303,0.030303,0
0.25,0,0,0,0,0.05,0,0,0,0,0,0.05,0.05,0,0,0,0,0.1,0,0,0.05,0,0,0,0,0,0,0,0,0,0.05,0,0,0,0,0,0.1,0.05,0,0,0.05,0.05,0,0,0,0,0,0,0,0,0,0,0,0,0,0,0,0.1,0,0,0,0,0,0.05
0,0,0,0,0.045455,0,0.045455,0,0,0,0.045455,0,0.045455,0,0,0,0,0.090909,0,0,0,0,0,0,0.045455,0,0,0.045455,0,0,0,0,0.045455,0,0.045455,0,0,0.045455,0,0,0.045455,0,0,0,0.045455,0,0,0,0.045455,0,0,0.045455,0.045455,0.045455,0,0.045455,0,0,0.090909,0.045455,0.045455,0,0,0
0.088235,0.029412,0.029412,0.029412,0,0.029412,0,0.029412,0,0,0,0.029412,0.029412,0,0,0.029412,0,0.029412,0.029412,0,0,0.029412,0,0.029412,0,0,0.058824,0,0,0,0,0,0,0,0,0,0,0,0,0.029412,0.029412,0,0.029412,0,0.029412,0.029412,0.029412,0.029412,0.058824,0,0,0,0.029412,0,0,0,0.029412,0.058824,0.029412,0,0.058824,0.029412,0,0
0.020833,0.020833,0,0.041667,0,0,0,0.020833,0,0.020833,0,0.020833,0,0.041667,0.020833,0,0.041667,0.020833,0,0,0.020833,0,0,0,0.083333,0.041667,0.020833,0,0.020833,0,0.0625,0,0.020833,0.0625,0,0.020833,0.0625,0.041667,0,0.020833,0,0,0,0,0,0.041667,0,0.020833,0.041667,0,0.020833,0,0.041667,0,0,0,0,0.020833,0,0,0,0.020833,0.020833,0.020833
0.026316,0.026316,0.052632,0.052632,0.026316,0,0,0.052632,0,0,0,0.052632,0.026316,0.026316,0,0,0.078947,0.078947,0,0.026316,0,0,0.026316,0,0.026316,0.026316,0,0,0.052632,0.052632,0,0,0.052632,0,0,0,0,0,0,0,0.026316,0,0,0,0,0,0,0,0,0,0.026316,0.026316,0.026316,0,0,0,0,0.078947,0,0.026316,0,0,0,0.026316
0.03125,0,0.03125,0.0625,0,0.03125,0.03125,0.03125,0.03125,0,0,0,0,0,0,0.03125,0,0,0,0,0,0,0,0,0.03125,0,0,0,0.0625,0,0,0.03125,0,0.03125,0,0,0.03125,0,0,0,0,0,0.03125,0.09375,0.03125,0,0.0625,0,0.0625,0,0,0,0.03125,0.03125,0.03125,0,0,0.09375,0,0,0,0,0,0.0625
0.11111,0.055556,0,0.055556,0,0,0,0,0,0,0,0,0,0,0,0,0.055556,0.055556,0,0,0.055556,0.11111,0,0,0,0,0.055556,0.055556,0,0,0,0,0,0,0,0,0,0,0.055556,0,0,0,0,0,0,0,0,0.055556,0.055556,0,0,0.055556,0,0,0,0,0,0,0.055556,0,0,0,0,0.11111
0.10526,0,0.052632,0.052632,0,0,0,0,0.052632,0,0,0,0.052632,0.052632,0,0.052632,0,0,0.10526,0,0,0,0,0,0,0.052632,0,0,0,0,0,0,0,0.052632,0.052632,0,0.052632,0.052632,0,0,0.052632,0,0,0,0,0,0,0,0.052632,0,0,0,0,0,0,0,0.052632,0.052632,0,0,0,0,0,0
0.086957,0,0,0,0,0,0,0.043478,0,0.086957,0,0,0,0.086957,0,0.086957,0.043478,0.043478,0,0,0,0,0,0.043478,0.086957,0,0,0,0,0,0,0,0.043478,0,0,0,0.043478,0.043478,0.043478,0,0.043478,0,0,0.043478,0,0,0,0,0,0,0,0,0,0,0,0,0,0.043478,0.043478,0,0,0,0,0.043478
0.035714,0.017857,0.017857,0.10714,0,0.035714,0,0,0,0,0.035714,0,0,0.017857,0,0.017857,0.035714,0.017857,0,0,0.017857,0,0.017857,0,0.017857,0.017857,0.035714,0,0,0,0.035714,0,0.053571,0,0,0.017857,0,0,0.017857,0.017857,0.017857,0,0.053571,0,0.035714,0.017857,0.035714,0.035714,0,0,0,0.035714,0.035714,0.017857,0.035714,0,0,0,0.053571,0,0,0.035714,0,0
0.1,0,0,0.1,0,0,0,0,0,0,0,0,0,0,0,0,0,0,0,0,0,0,0,0,0,0.2,0,0,0,0,0,0,0,0,0.1,0,0,0,0,0,0,0.1,0,0,0,0.1,0,0,0,0,0,0,0,0,0,0,0.1,0,0,0,0.1,0,0,0.1
0,0,0,0,0,0,0,0.11111,0,0,0,0.11111,0.22222,0,0,0,0,0,0,0,0.11111,0,0,0,0,0,0,0,0,0,0,0,0,0,0,0,0,0,0,0,0,0,0,0,0,0,0,0,0,0.22222,0,0,0,0,0.11111,0,0,0,0,0,0,0,0,0.11111
0.030303,0,0,0,0,0,0.030303,0.060606,0,0.060606,0.030303,0,0,0,0,0,0.060606,0,0.060606,0,0,0,0,0,0,0,0,0,0,0.030303,0,0,0.030303,0.090909,0,0,0.030303,0,0,0.030303,0.090909,0.060606,0,0,0,0,0,0,0,0.030303,0.060606,0,0.030303,0,0.060606,0,0,0,0.060606,0,0.030303,0.030303,0,0
0.055556,0.055556,0,0.027778,0,0.055556,0.027778,0.027778,0.027778,0.027778,0,0,0.055556,0,0,0.027778,0,0,0.027778,0.055556,0,0,0.027778,0,0,0,0,0.027778,0.027778,0,0,0,0,0,0,0.027778,0.027778,0,0,0,0,0.027778,0,0,0.027778,0,0.055556,0,0.027778,0,0,0,0.027778,0.027778,0.027778,0,0.027778,0,0,0.027778,0.027778,0.027778,0.027778,0.027778
0.11765,0,0.058824,0.058824,0,0,0,0,0,0,0,0,0,0,0,0,0,0,0,0,0,0,0,0,0,0,0,0.058824,0,0,0,0,0,0,0,0,0,0,0,0.11765,0.058824,0,0,0,0,0,0,0.058824,0,0,0,0,0.058824,0,0.058824,0,0,0,0.058824,0.11765,0.058824,0,0.11765,0
0.076923,0.076923,0,0,0.23077,0.076923,0.076923,0,0,0.076923,0,0,0,0,0.076923,0,0,0.076923,0,0,0,0,0,0,0,0,0,0,0,0,0,0,0,0,0,0,0.076923,0,0,0,0,0.076923,0,0,0,0,0,0,0,0,0,0,0,0.076923,0,0,0,0,0,0,0,0,0,0
0.085714,0.028571,0,0.057143,0.085714,0.028571,0.028571,0,0.028571,0.028571,0,0,0,0.057143,0,0.028571,0.17143,0.028571,0.028571,0,0.028571,0,0,0.028571,0,0,0,0,0,0,0,0.028571,0.028571,0,0,0,0,0,0,0.028571,0,0,0,0,0,0,0.028571,0,0,0,0,0.028571,0,0,0,0.028571,0.028571,0,0,0,0,0,0,0.057143
0.21053,0,0.052632,0,0.052632,0.15789,0,0,0,0,0.052632,0,0,0,0,0,0.052632,0,0,0,0.052632,0,0,0,0,0,0,0,0,0,0,0,0.052632,0,0,0,0,0.052632,0,0,0,0,0,0,0,0,0.052632,0,0.10526,0.052632,0,0,0,0,0.052632,0,0,0,0,0,0,0,0,0
0,0.071429,0,0,0,0.071429,0,0.14286,0,0,0,0,0,0,0,0,0,0,0,0,0,0.071429,0,0,0,0,0,0,0,0,0.071429,0,0.071429,0.071429,0,0,0.071429,0,0,0,0,0,0.071429,0,0,0,0,0,0,0.071429,0,0,0,0,0.071429,0.071429,0,0,0,0,0,0,0,0.071429
0,0,0,0,0.18519,0.037037,0,0,0,0,0,0,0.074074,0,0.037037,0,0,0,0,0,0,0,0,0,0,0,0,0.037037,0,0,0,0.037037,0,0,0.037037,0,0.037037,0,0,0.037037,0.037037,0,0,0,0.037037,0,0,0,0,0.074074,0.037037,0.074074,0.037037,0,0,0,0,0,0,0.11111,0.037037,0,0.037037,0
0.090909,0,0,0,0,0,0,0,0,0.090909,0,0,0,0,0,0.090909,0,0,0,0,0,0,0,0,0,0,0,0,0,0,0,0,0,0,0.090909,0,0.090909,0,0,0,0,0,0.090909,0,0,0,0.090909,0,0.18182,0.090909,0,0,0,0,0,0,0,0,0,0.090909,0,0,0,0
0.05,0.05,0.033333,0,0.016667,0,0.033333,0,0.033333,0,0.016667,0,0.016667,0.033333,0.05,0,0.033333,0.016667,0.016667,0.033333,0,0.016667,0,0,0.016667,0,0,0,0,0,0.016667,0,0.05,0.016667,0.033333,0.016667,0.016667,0,0,0,0.033333,0,0,0,0.05,0,0.016667,0,0,0.066667,0.016667,0.016667,0.033333,0,0.05,0.016667,0.016667,0.016667,0,0,0.016667,0,0.016667,0.016667
0.03125,0,0,0,0.0625,0,0,0,0,0,0,0.03125,0.03125,0.0625,0,0,0.03125,0,0,0,0.03125,0.03125,0,0,0,0,0,0,0,0.03125,0,0,0,0,0,0,0.0625,0.03125,0,0,0.03125,0.03125,0.03125,0.03125,0,0,0.03125,0.0625,0.0625,0,0.03125,0.03125,0.0625,0.03125,0,0,0.03125,0,0,0.03125,0.0625,0,0,0
0,0,0,0,0.035714,0,0,0,0.035714,0,0.035714,0.071429,0.035714,0.035714,0,0,0.035714,0,0,0,0,0.035714,0,0,0,0.071429,0.035714,0,0.035714,0,0,0,0.035714,0,0.035714,0,0.035714,0.035714,0,0.035714,0,0,0,0.035714,0,0,0,0,0.071429,0,0,0.035714,0,0,0.035714,0.071429,0,0,0,0,0,0.10714,0,0
0,0,0,0,0.05,0,0,0,0,0,0,0,0.05,0.2,0,0.05,0,0,0.05,0,0.05,0.05,0,0,0,0,0,0,0.1,0,0,0,0,0,0,0,0,0,0,0,0,0,0.05,0,0,0,0.05,0,0.05,0,0,0,0,0,0.05,0.05,0,0,0.05,0,0.05,0,0.05,0
0,0,0.076923,0,0.076923,0,0,0,0,0,0,0,0,0,0,0,0,0,0,0,0,0,0,0,0.076923,0,0.076923,0,0,0,0,0.076923,0,0,0,0,0,0,0.076923,0,0,0,0,0,0,0.076923,0,0.076923,0.076923,0,0,0,0,0,0.076923,0,0,0,0,0,0.076923,0,0.076923,0.076923
0,0,0,0,0.030303,0.030303,0,0,0,0.030303,0,0,0,0.030303,0.090909,0.030303,0.030303,0,0.060606,0.030303,0,0.030303,0,0,0,0,0,0,0.060606,0,0,0,0,0.030303,0.030303,0,0,0.060606,0.030303,0,0,0,0,0,0.030303,0.030303,0.060606,0.030303,0.030303,0,0.030303,0.060606,0,0,0,0.030303,0,0.060606,0,0,0,0.030303,0,0
0.025,0.025,0.025,0,0,0,0,0,0.025,0.025,0.025,0,0,0.025,0,0.025,0,0,0,0.025,0.025,0,0,0,0,0.075,0,0,0.075,0,0,0,0.025,0,0,0,0.05,0.025,0,0.025,0,0.05,0,0.025,0.025,0.025,0.025,0.025,0,0,0.05,0.025,0,0,0,0,0.05,0.025,0,0.05,0.025,0.025,0,0.05
0.13333,0.066667,0.033333,0,0,0.033333,0.033333,0,0.066667,0,0,0,0,0,0,0.066667,0.16667,0,0,0,0,0,0.066667,0,0,0.033333,0,0.033333,0,0,0,0,0,0,0,0,0.033333,0,0.033333,0,0.1,0,0,0,0,0,0,0,0,0,0,0,0,0,0,0,0.033333,0,0.033333,0.033333,0,0,0,0
0,0,0,0,0,0,0,0.1,0,0,0,0,0,0.1,0.1,0,0,0,0,0.1,0.1,0,0,0,0,0,0,0,0,0.1,0,0,0,0,0,0,0.1,0,0,0,0,0,0,0,0,0,0,0,0,0,0.1,0,0.1,0.1,0,0,0,0,0,0,0,0,0,0
0,0.15385,0,0,0,0,0,0,0,0,0,0,0,0,0,0,0.076923,0,0,0,0,0,0,0,0,0.076923,0,0,0,0,0,0,0,0,0.076923,0,0,0,0.15385,0,0,0,0,0,0,0,0.076923,0,0,0,0,0,0,0,0.076923,0,0,0,0,0.076923,0,0,0.15385,0.076923
0,0,0.0625,0.125,0,0,0,0,0,0,0,0,0,0,0.0625,0,0.0625,0,0.0625,0,0,0,0,0,0,0.0625,0.0625,0,0,0,0,0,0,0.0625,0,0,0,0,0,0,0.0625,0.0625,0,0,0,0,0,0,0.0625,0,0,0,0,0,0,0,0,0.0625,0,0.0625,0.0625,0,0,0.0625
0,0.028571,0.028571,0.028571,0,0,0.028571,0,0,0,0.028571,0,0,0,0,0,0.057143,0.028571,0,0.028571,0.028571,0.028571,0.028571,0.028571,0.028571,0,0,0,0,0,0,0,0,0.028571,0,0,0,0,0.028571,0,0.028571,0,0,0,0,0,0,0,0.057143,0,0,0,0.085714,0.085714,0.028571,0,0.028571,0.028571,0.057143,0.028571,0.057143,0.028571,0.028571,0
0,0,0,0,0,0,0,0.125,0,0,0,0,0,0.125,0,0,0,0,0,0,0,0,0,0,0,0,0,0,0,0,0.125,0,0,0,0,0,0,0,0,0,0,0,0.125,0,0,0,0,0,0,0,0,0.25,0.125,0,0,0,0,0,0,0,0,0,0,0.125
0.069767,0.023256,0.023256,0.023256,0.034884,0.023256,0,0,0.023256,0.034884,0.023256,0.034884,0,0.034884,0.011628,0.011628,0.034884,0.011628,0.046512,0.011628,0.023256,0.011628,0,0,0.023256,0.011628,0.023256,0.011628,0,0.011628,0.011628,0,0.023256,0,0.023256,0,0.011628,0,0,0.011628,0.023256,0.034884,0.011628,0.011628,0,0,0,0,0.011628,0.011628,0.011628,0,0.023256,0.011628,0.011628,0,0.011628,0.046512,0.034884,0,0.011628,0,0.023256,0.034884
0,0.083333,0,0,0,0,0,0,0,0,0,0,0.083333,0.16667,0.083333,0.083333,0.083333,0,0,0,0,0,0,0,0,0,0,0,0,0,0,0,0,0,0,0,0,0,0,0,0,0,0,0,0,0,0.083333,0,0,0,0,0.083333,0,0,0,0,0,0.083333,0,0,0,0,0,0.16667
0.054054,0.027027,0,0,0,0.027027,0.054054,0.027027,0,0.027027,0,0.027027,0,0.027027,0.081081,0.054054,0,0.027027,0.054054,0,0,0,0.027027,0,0.027027,0,0,0.027027,0.10811,0,0,0.027027,0,0,0,0,0,0.027027,0,0.054054,0,0.054054,0,0,0,0,0,0,0.027027,0.027027,0,0.027027,0,0,0,0.027027,0,0,0.027027,0,0,0.027027,0,0
0.076923,0,0,0,0,0,0,0,0.15385,0,0.076923,0,0,0,0,0,0,0,0,0,0,0,0,0,0,0,0,0,0,0,0,0,0,0,0.30769,0,0,0,0.076923,0,0,0,0,0,0,0.076923,0.076923,0,0,0,0,0,0,0,0,0,0,0,0,0.15385,0,0,0,0
0.1,0,0,0,0,0,0,0,0,0,0,0,0,0,0,0,0.1,0,0,0,0,0,0.1,0,0,0,0,0,0,0,0,0,0.1,0,0,0,0,0,0,0,0.2,0,0,0,0,0,0,0,0,0,0,0.2,0,0,0,0,0.1,0,0,0,0,0,0,0.1
0.043478,0,0,0.043478,0,0.043478,0.043478,0,0,0,0,0.043478,0,0,0,0,0.13043,0.043478,0,0,0,0,0,0,0,0,0,0,0,0,0,0,0,0,0,0,0,0.043478,0,0,0,0.086957,0.043478,0.043478,0,0,0.043478,0.043478,0.043478,0,0,0.043478,0,0,0,0,0,0.043478,0.043478,0,0,0,0.043478,0.086957
0.0625,0,0.0625,0,0,0.0625,0,0,0,0,0,0,0,0,0.125,0,0,0.0625,0.0625,0,0,0,0,0,0,0,0,0,0.0625,0,0.0625,0,0.125,0,0,0,0,0.0625,0,0,0,0,0,0,0,0,0.0625,0,0,0,0,0,0.0625,0,0,0,0,0,0,0,0.0625,0,0.0625,0
0.086957,0,0.043478,0,0,0.086957,0,0,0,0,0.043478,0,0,0,0,0,0,0.043478,0,0.086957,0,0,0,0,0,0,0.043478,0,0,0,0,0,0.043478,0,0,0,0.043478,0.043478,0,0,0,0,0,0.043478,0,0,0,0.043478,0.086957,0,0,0.043478,0,0,0,0,0,0,0,0,0.043478,0,0.086957,0.086957
0,0.05,0.1,0,0.05,0,0,0,0,0,0,0,0,0,0,0,0.05,0,0,0.05,0,0,0,0,0,0.05,0,0,0,0,0,0,0,0,0.05,0,0,0,0,0,0.1,0,0,0,0.05,0.05,0,0.05,0,0.05,0,0.05,0,0,0,0,0,0.1,0.05,0.05,0,0,0.05,0
0.13043,0,0.043478,0.086957,0,0,0,0,0,0,0,0,0.086957,0,0,0.043478,0.13043,0,0,0,0,0,0,0,0.043478,0,0,0,0,0,0,0,0,0,0,0,0,0,0,0,0,0,0,0,0,0,0.043478,0,0.17391,0,0,0.086957,0,0,0,0,0.086957,0,0,0,0,0,0,0.043478
0,0.058824,0,0,0,0,0,0,0.058824,0,0,0.058824,0.11765,0,0.058824,0,0.11765,0,0,0.058824,0,0,0,0,0,0,0,0,0,0,0,0,0,0,0,0,0,0,0,0,0,0,0,0,0,0,0.058824,0,0,0,0,0,0,0,0.058824,0,0,0.11765,0,0.058824,0.058824,0,0.058824,0.058824
0.021277,0,0,0,0,0.042553,0,0,0.021277,0,0,0.042553,0,0,0,0.021277,0.042553,0,0,0.021277,0.021277,0.042553,0.021277,0.042553,0.021277,0,0,0,0.042553,0.06383,0.042553,0,0.021277,0,0,0,0.10638,0.021277,0,0,0,0,0,0,0,0,0.042553,0,0.021277,0,0.042553,0.085106,0,0.042553,0,0.021277,0.021277,0.021277,0,0.021277,0,0.021277,0,0
0.16667,0,0,0.041667,0.041667,0,0.041667,0,0.125,0,0,0,0.041667,0.041667,0,0,0,0,0,0,0,0,0,0,0,0,0.041667,0,0,0,0.041667,0,0.041667,0,0.041667,0,0.041667,0,0,0,0.083333,0,0,0,0,0,0,0,0.041667,0,0,0,0,0,0,0,0,0.041667,0,0.041667,0,0.083333,0,0
0,0,0,0,0.076923,0,0,0,0,0,0,0.076923,0,0.076923,0,0.15385,0.15385,0,0,0.076923,0,0,0,0,0,0,0,0,0.076923,0,0,0,0,0,0,0,0,0,0,0,0,0,0,0,0.076923,0,0,0.076923,0,0.076923,0,0.076923,0,0,0,0,0,0,0,0,0,0,0,0
0,0,0,0,0,0,0,0,0,0,0,0,0,0.033333,0,0.033333,0,0,0,0,0,0,0,0.066667,0,0,0,0,0.033333,0,0.066667,0.033333,0,0,0,0,0.1,0,0.033333,0,0.033333,0,0,0.033333,0,0,0,0.033333,0.033333,0,0,0.033333,0,0.033333,0.033333,0,0,0,0.033333,0.033333,0,0,0.23333,0.066667
0.14286,0,0,0,0,0,0.071429,0,0.071429,0,0,0,0,0,0,0,0.071429,0,0,0,0,0,0,0,0.14286,0,0,0,0,0,0,0,0.071429,0,0.14286,0,0,0,0,0,0,0,0,0,0.071429,0,0,0.071429,0,0,0,0,0,0,0,0,0,0.071429,0,0,0.071429,0,0,0
0,0,0,0,0,0,0,0,0,0,0,0,0,0,0,0,0,0,0,0,0,0.066667,0,0,0,0,0,0.066667,0,0,0,0,0,0,0,0,0,0,0,0.066667,0,0,0,0.066667,0,0,0,0.066667,0,0,0,0.13333,0,0,0,0.13333,0,0.066667,0.066667,0.26667,0,0,0,0
0.090909,0.045455,0,0,0.090909,0,0.045455,0,0,0,0,0,0,0.045455,0,0,0.22727,0,0,0,0,0,0,0,0.045455,0,0,0.045455,0,0,0,0.045455,0,0,0,0,0,0,0.045455,0,0,0,0,0,0.045455,0,0.045455,0,0.045455,0,0,0.045455,0,0,0,0,0.045455,0.045455,0,0,0,0,0,0
0.019231,0.038462,0.019231,0.038462,0.057692,0,0,0,0,0,0.076923,0,0.019231,0,0,0.019231,0.038462,0.076923,0.019231,0,0,0.038462,0,0.019231,0.019231,0.019231,0.019231,0,0,0,0,0.019231,0.076923,0.019231,0.057692,0,0.057692,0,0.038462,0,0.057692,0.019231,0,0,0,0,0.019231,0,0.019231,0.019231,0,0,0,0,0,0,0.038462,0.019231,0,0,0,0,0,0
0.1,0,0,0.1,0,0,0,0,0.1,0,0,0,0.1,0,0,0,0.1,0,0.1,0.1,0,0,0,0,0,0,0,0,0,0,0,0,0,0,0,0,0,0,0,0,0,0,0,0,0,0,0,0,0,0,0.2,0.1,0,0,0,0,0,0,0,0,0,0,0,0
0.090909,0,0,0,0,0,0,0.090909,0.090909,0,0,0,0,0.18182,0,0,0,0,0,0.090909,0,0,0,0,0.18182,0,0.090909,0,0,0,0,0,0,0,0,0,0,0,0,0,0,0.090909,0,0,0,0,0,0,0,0,0,0,0,0,0,0,0,0,0,0,0.090909,0,0,0
0.05,0,0,0,0.1,0,0,0.1,0,0,0,0,0.05,0,0,0.05,0.05,0,0,0,0,0,0,0,0,0.05,0,0,0,0.05,0.05,0,0.05,0.05,0,0,0,0,0.05,0,0,0,0,0,0,0,0.1,0.05,0,0,0,0,0,0,0,0.05,0,0,0.05,0,0,0,0,0.05
0.19231,0.11538,0,0,0.076923,0.038462,0.076923,0,0.076923,0.076923,0,0,0,0,0,0,0.038462,0,0.038462,0,0.038462,0,0.038462,0,0.038462,0,0,0,0,0,0,0,0.076923,0,0,0,0.038462,0,0,0,0,0,0,0,0,0,0,0,0,0.038462,0,0,0,0,0,0,0,0,0,0,0,0,0,0
0,0,0,0.096774,0,0,0,0,0,0,0.032258,0,0,0,0.032258,0.064516,0.096774,0.032258,0,0,0,0,0,0,0.064516,0,0.032258,0,0,0.032258,0.064516,0,0,0,0.032258,0,0,0,0.032258,0,0.032258,0,0.032258,0,0.032258,0,0.032258,0,0.032258,0,0,0.032258,0,0,0,0,0.032258,0,0,0.032258,0.032258,0.032258,0,0.064516
0,0,0,0,0.125,0,0.0625,0,0,0.0625,0,0,0,0.0625,0.0625,0.0625,0.0625,0,0.0625,0,0,0,0,0,0.0625,0,0,0,0,0,0,0,0.0625,0,0,0,0,0,0,0,0,0,0,0,0,0,0,0,0.0625,0,0,0,0.0625,0,0,0,0,0.0625,0,0,0,0.0625,0.0625,0
0.041667,0,0,0.083333,0.083333,0,0.041667,0,0,0.083333,0,0,0,0,0,0.083333,0.041667,0.041667,0.041667,0,0,0,0,0,0,0.041667,0,0.041667,0,0,0,0,0,0,0,0,0.041667,0,0,0,0,0,0,0,0.041667,0,0,0,0.041667,0,0,0,0,0,0,0,0,0.041667,0.041667,0.041667,0,0.083333,0,0.041667
0,0,0,0.071429,0.14286,0,0,0,0.071429,0,0,0,0,0.071429,0,0,0.071429,0,0,0,0,0,0.071429,0,0,0.071429,0,0,0,0,0,0,0,0,0,0,0.071429,0.071429,0,0,0,0,0,0,0,0,0.071429,0,0,0,0,0,0.14286,0,0,0,0,0,0.071429,0,0,0,0,0
0.1,0,0,0,0,0,0,0,0,0,0,0,0.1,0.1,0,0,0,0,0,0,0,0,0,0,0,0,0,0,0,0,0,0,0,0.1,0,0,0,0,0,0,0,0,0,0,0,0,0,0.2,0.1,0,0,0,0.1,0,0,0,0,0,0,0,0.1,0,0,0.1
0,0.076923,0.076923,0,0,0,0,0,0,0.076923,0,0,0,0,0,0,0,0,0,0,0.076923,0,0,0,0,0,0,0,0,0,0,0,0,0,0,0,0,0,0,0,0,0,0,0,0,0,0.15385,0,0,0,0,0,0,0,0.076923,0,0,0,0,0.23077,0,0,0.15385,0.076923
0,0,0.043478,0,0,0,0,0.043478,0.043478,0,0,0,0,0,0,0.086957,0.043478,0.043478,0,0.043478,0,0,0.043478,0,0,0,0,0,0,0,0,0,0.043478,0,0,0,0,0,0,0,0,0,0,0,0,0.043478,0.043478,0.043478,0.043478,0,0,0.043478,0,0,0.043478,0.086957,0,0,0,0.086957,0.043478,0,0.043478,0.043478
0,0,0,0,0,0,0,0,0,0,0,0,0.037037,0,0,0.037037,0,0,0,0,0,0.074074,0,0.074074,0,0.074074,0,0.037037,0,0.074074,0,0.037037,0,0,0,0,0,0,0,0.11111,0,0,0,0,0.074074,0.037037,0,0,0,0,0,0,0,0.037037,0,0.11111,0.037037,0,0,0.11111,0,0.037037,0,0
0,0,0.11111,0,0,0,0,0,0.055556,0,0,0,0,0,0,0.055556,0.11111,0,0,0,0.055556,0,0,0.055556,0,0.055556,0.055556,0,0,0.055556,0,0,0,0,0,0,0,0,0,0.11111,0.055556,0,0,0,0,0,0,0,0,0,0,0,0,0,0.11111,0.055556,0,0,0.055556,0,0,0,0,0
0,0.054054,0,0,0.027027,0.027027,0,0.027027,0.081081,0,0.027027,0,0,0.027027,0,0.054054,0.027027,0,0,0,0.027027,0.054054,0,0,0,0.027027,0,0,0,0,0,0.027027,0.027027,0,0,0,0.054054,0,0,0,0.081081,0.027027,0.027027,0.054054,0,0,0.027027,0,0.027027,0,0,0,0,0,0.027027,0,0.054054,0.054054,0,0.027027,0.027027,0,0,0
0,0.027778,0.013889,0.013889,0,0.027778,0.027778,0.027778,0,0.027778,0,0.041667,0,0.027778,0.041667,0.013889,0,0.027778,0.013889,0,0,0.013889,0,0,0,0.013889,0,0.013889,0.013889,0,0.013889,0.013889,0.069444,0.027778,0,0,0.027778,0,0,0,0.055556,0.041667,0.027778,0.027778,0,0.013889,0,0,0.027778,0.013889,0,0,0,0.069444,0,0.027778,0.027778,0.055556,0.055556,0,0,0.013889,0,0
0,0.083333,0,0,0,0,0,0,0,0,0,0,0.16667,0,0,0.16667,0,0,0,0,0,0,0,0,0,0,0,0,0,0,0,0,0,0,0,0,0,0.083333,0,0.083333,0,0,0,0,0,0,0,0.083333,0,0,0,0,0,0,0.083333,0,0,0,0,0,0,0.083333,0,0.16667
0.027778,0,0,0.027778,0.055556,0,0,0.027778,0,0.055556,0,0,0.027778,0,0,0.027778,0,0,0,0,0.027778,0,0,0,0.027778,0,0,0,0.055556,0.027778,0,0,0,0,0,0,0.055556,0,0.027778,0,0,0.027778,0,0.055556,0,0,0,0.027778,0,0.055556,0.027778,0.027778,0.027778,0,0,0,0.055556,0.055556,0,0.027778,0.027778,0.027778,0.055556,0.027778
0.095238,0,0.02381,0.02381,0.02381,0,0,0,0,0.02381,0,0.02381,0.02381,0.02381,0,0,0.02381,0,0,0,0.02381,0.02381,0,0.02381,0,0,0,0.02381,0,0.02381,0,0,0,0,0.02381,0.02381,0,0.02381,0,0.02381,0,0.02381,0,0,0.02381,0,0.095238,0,0.02381,0.02381,0,0,0.02381,0,0.047619,0,0,0.02381,0,0.047619,0.02381,0,0.047619,0.095238
0.0625,0,0,0.125,0,0,0.0625,0,0,0,0,0,0.0625,0,0.0625,0,0,0,0,0,0,0,0,0.0625,0.0625,0,0,0.0625,0,0,0,0,0,0,0,0,0.0625,0,0.0625,0,0,0,0,0,0,0,0.0625,0,0,0,0,0,0.0625,0,0,0,0,0,0.0625,0,0,0.0625,0,0.0625
0.045455,0,0,0,0,0,0,0,0,0.045455,0,0,0,0.090909,0,0.045455,0.045455,0,0,0,0,0,0,0.045455,0,0.090909,0,0.045455,0,0.045455,0,0.045455,0.045455,0,0,0.045455,0.045455,0,0,0,0,0,0,0,0.045455,0.045455,0,0,0.045455,0,0,0,0.045455,0,0,0,0,0,0,0.045455,0,0,0,0.090909
0.022727,0.022727,0,0.022727,0.045455,0,0,0,0,0.022727,0,0.022727,0.022727,0.022727,0,0.045455,0.045455,0,0.045455,0.022727,0,0.045455,0,0,0,0,0.022727,0,0,0,0,0.045455,0,0,0.022727,0,0.045455,0.022727,0,0,0,0,0,0,0.022727,0.022727,0.022727,0,0.022727,0.022727,0.022727,0,0.045455,0.045455,0.022727,0,0.022727,0.068182,0.022727,0,0,0,0.022727,0.045455
0.090909,0,0,0,0.090909,0,0,0,0,0,0,0,0,0.090909,0,0.090909,0,0,0,0.090909,0,0,0,0,0,0,0,0,0.090909,0,0,0,0,0,0,0,0,0,0,0,0,0,0,0,0,0,0,0,0,0,0.090909,0.18182,0,0,0.090909,0,0,0.090909,0,0,0,0,0,0
0.090909,0,0,0,0,0,0.090909,0,0,0,0,0,0,0.090909,0,0,0,0.090909,0,0,0,0,0,0,0,0,0,0,0,0,0.090909,0,0.090909,0,0,0,0.090909,0,0.090909,0,0,0.090909,0,0,0,0,0,0.090909,0,0,0.090909,0,0,0,0,0,0,0,0,0,0,0,0,0
0.17647,0,0.058824,0,0.058824,0,0,0,0,0,0,0,0,0,0,0,0,0,0,0,0,0,0,0,0.058824,0,0.058824,0,0,0.058824,0,0,0.058824,0.058824,0,0,0.058824,0,0.058824,0,0,0,0,0,0.11765,0,0,0,0,0,0,0,0,0,0,0,0,0.058824,0.058824,0,0,0.058824,0,0
0,0,0,0.068966,0.034483,0,0,0.034483,0,0,0,0,0.034483,0,0,0.068966,0,0,0,0,0,0,0,0,0,0,0,0.034483,0.034483,0,0,0,0,0,0,0,0,0.10345,0,0.034483,0,0,0,0,0,0.034483,0,0.068966,0,0,0,0.068966,0.034483,0,0,0.13793,0.034483,0,0,0,0,0.034483,0.034483,0.10345
0.11111,0,0,0.22222,0,0.11111,0,0,0,0,0,0,0,0,0,0,0.11111,0,0,0,0,0,0,0,0.11111,0,0,0,0,0,0.11111,0,0,0,0,0,0,0,0,0,0,0,0.11111,0,0,0,0,0,0,0,0.11111,0,0,0,0,0,0,0,0,0,0,0,0,0
0.125,0,0.0625,0.125,0.0625,0,0,0,0,0,0,0,0.125,0,0,0.0625,0,0,0,0,0,0,0,0,0,0,0,0,0,0,0.0625,0,0,0,0,0,0,0,0,0,0,0,0,0,0,0,0.0625,0,0.1875,0,0,0,0,0.0625,0.0625,0,0,0,0,0,0,0,0,0
0,0,0,0,0.083333,0,0,0,0,0,0,0,0,0,0.083333,0,0,0.083333,0,0,0.083333,0,0,0.083333,0,0,0,0,0,0,0,0,0,0,0,0,0,0,0.083333,0,0,0.083333,0,0,0.16667,0,0,0,0.083333,0,0,0,0,0.083333,0,0,0,0,0.083333,0,0,0,0,0
0,0,0,0,0,0.0625,0,0,0,0,0,0,0,0,0,0,0,0,0.0625,0.125,0,0,0,0,0,0.0625,0,0,0,0.125,0.0625,0,0,0.0625,0,0,0,0,0.0625,0,0,0,0,0.0625,0,0,0,0,0,0,0,0,0,0,0,0,0.0625,0.0625,0.0625,0,0,0.0625,0.0625,0
0,0,0.1,0,0,0,0,0,0,0,0,0,0,0,0,0,0,0,0,0,0,0.1,0,0,0,0.1,0,0,0,0,0,0,0,0,0.1,0.1,0,0,0,0,0,0,0,0,0,0.1,0,0,0,0.2,0,0,0.1,0,0.1,0,0,0,0,0,0,0,0,0
0,0,0,0,0,0,0,0.055556,0,0,0.055556,0.11111,0,0,0,0,0,0,0,0.055556,0.055556,0,0,0,0,0,0.11111,0,0,0,0,0,0,0,0,0,0,0,0,0,0,0,0,0,0,0.11111,0,0.055556,0,0,0,0,0.055556,0.055556,0,0.055556,0,0,0.055556,0,0,0.11111,0.055556,0
0.043478,0,0,0,0.043478,0,0.086957,0,0,0.043478,0,0,0,0,0,0.043478,0.043478,0.043478,0.086957,0,0.043478,0,0,0.043478,0.086957,0,0.043478,0,0.043478,0,0,0,0,0.043478,0,0.086957,0,0.043478,0.043478,0,0.043478,0,0,0,0,0,0,0,0,0,0,0,0,0.043478,0,0,0,0,0,0,0,0,0,0
0.058824,0,0,0.058824,0,0,0,0,0,0,0.11765,0,0,0,0,0,0.058824,0,0,0.058824,0,0,0,0.058824,0,0,0,0.058824,0,0,0,0,0.058824,0,0,0,0,0,0,0,0,0.058824,0,0.058824,0,0,0.058824,0,0,0,0,0,0.058824,0.058824,0.11765,0,0,0,0,0,0.058824,0,0,0
0.090909,0.045455,0.045455,0,0.045455,0,0,0,0.045455,0,0,0,0.045455,0.045455,0,0,0.045455,0,0.045455,0,0,0,0,0,0,0,0,0,0,0,0,0,0.045455,0.045455,0,0,0.13636,0,0,0,0.090909,0,0,0,0,0,0,0,0.045455,0,0,0,0,0.045455,0,0,0,0,0,0,0,0.045455,0.090909,0
0,0,0,0,0,0.04,0,0.04,0.08,0.04,0,0,0,0,0,0,0,0,0,0,0,0.04,0,0,0,0.04,0.08,0,0.04,0,0,0,0.12,0.04,0.04,0,0.16,0.04,0,0,0,0,0.04,0,0,0.04,0.04,0,0,0,0,0,0,0,0,0,0,0,0,0,0.04,0.04,0,0
0,0,0,0.047619,0,0,0,0,0,0,0.095238,0,0,0,0,0,0.047619,0,0,0.047619,0,0.095238,0,0,0.047619,0,0,0,0,0,0,0,0,0.047619,0.047619,0,0.047619,0,0.047619,0,0.095238,0,0,0,0,0.047619,0.14286,0,0,0.047619,0,0,0,0,0,0,0,0.047619,0,0.047619,0,0,0,0
0,0,0,0,0.041667,0,0.041667,0,0,0,0,0,0.041667,0.041667,0,0.041667,0,0,0,0.041667,0,0.083333,0,0,0,0,0.041667,0,0,0,0,0,0,0,0,0.041667,0,0,0,0,0,0,0,0,0,0,0.083333,0,0.125,0,0,0.041667,0,0,0.041667,0.041667,0,0.083333,0,0.125,0,0,0,0.041667
0,0,0.045455,0,0,0,0,0,0,0,0,0,0,0,0,0,0,0,0,0,0.045455,0,0,0,0,0.045455,0.045455,0,0,0,0.045455,0.045455,0.045455,0,0,0,0.090909,0,0,0.045455,0,0,0,0.045455,0,0.045455,0.045455,0.045455,0,0,0,0,0.045455,0.045455,0.045455,0.090909,0,0.045455,0,0.045455,0,0,0,0.045455
0,0,0,0,0,0,0,0,0.125,0,0,0,0,0,0,0,0,0,0,0,0,0.125,0.125,0,0,0,0,0,0,0,0.125,0.125,0,0,0,0,0,0,0,0,0,0,0,0,0,0.125,0.125,0,0,0,0,0,0,0,0,0,0,0,0.125,0,0,0,0,0
0,0,0,0,0,0,0.1,0,0,0.1,0,0,0,0.1,0,0,0,0,0,0,0,0,0,0,0,0,0,0,0,0,0.1,0,0,0,0,0,0.1,0,0,0,0,0,0.1,0,0,0,0.1,0,0,0,0,0,0,0,0,0.1,0,0,0,0,0,0,0,0.2
0.042254,0,0.014085,0.028169,0,0,0.014085,0.014085,0,0.014085,0.028169,0,0.042254,0.028169,0,0,0,0,0.028169,0.014085,0.028169,0.014085,0.042254,0.056338,0.028169,0.028169,0,0.028169,0.028169,0.014085,0.014085,0.028169,0.014085,0.042254,0,0,0.014085,0.042254,0.014085,0.014085,0,0,0,0,0,0.014085,0,0.042254,0.014085,0,0,0.014085,0.014085,0.014085,0.056338,0.014085,0,0.014085,0,0,0.028169,0.028169,0,0.028169
0,0.03125,0,0,0.0625,0,0.0625,0.03125,0,0,0,0,0.03125,0.03125,0,0.03125,0.125,0.09375,0,0,0.03125,0,0,0,0,0.0625,0,0,0,0.03125,0,0,0,0,0.0625,0.03125,0.03125,0.03125,0.03125,0,0,0.0625,0,0,0,0,0.03125,0,0,0,0,0,0.03125,0,0.03125,0,0,0,0,0.03125,0,0,0,0
0,0.11111,0,0,0,0,0,0.11111,0.11111,0,0.11111,0,0,0,0,0,0,0,0,0,0,0,0,0,0,0,0,0,0,0,0,0,0,0,0,0,0.11111,0.11111,0.11111,0,0,0,0,0,0,0,0,0,0,0,0,0,0,0.11111,0,0,0,0,0,0,0.11111,0,0,0
0,0,0,0.071429,0,0.071429,0,0,0.14286,0,0,0,0,0,0,0,0,0,0,0,0.071429,0,0,0,0,0,0,0,0,0,0.071429,0,0,0.14286,0,0,0,0,0,0,0,0.14286,0,0,0,0,0.071429,0.071429,0,0,0,0,0.071429,0,0,0,0,0,0,0.071429,0,0,0,0
0,0,0,0.038462,0,0.038462,0,0.038462,0,0,0,0.038462,0,0,0,0,0,0,0,0,0,0.038462,0,0.038462,0.11538,0.038462,0,0,0,0,0,0.038462,0,0,0.038462,0.038462,0,0.076923,0.038462,0,0,0,0,0,0.038462,0,0.23077,0,0,0,0,0,0,0,0,0,0,0.076923,0,0,0,0,0.038462,0
0.13793,0.068966,0.034483,0.034483,0,0,0,0,0,0,0,0,0,0.034483,0,0.034483,0,0,0,0,0,0.034483,0,0,0,0.068966,0.034483,0.034483,0.034483,0,0,0,0.034483,0,0,0,0.10345,0.068966,0,0,0,0,0,0,0,0,0.068966,0,0,0.034483,0,0,0.034483,0,0.034483,0,0,0,0,0,0,0.034483,0,0.034483
0.066667,0,0.066667,0,0.066667,0,0,0,0,0,0,0,0.066667,0.066667,0,0.13333,0.066667,0,0.13333,0,0,0,0,0,0,0,0,0,0,0,0,0,0,0,0,0,0,0.066667,0,0,0,0,0,0,0,0,0,0,0.066667,0,0,0,0,0,0,0,0.066667,0,0,0,0,0.066667,0,0.066667
0.023256,0,0.046512,0,0,0,0,0,0,0.023256,0.023256,0,0,0,0.023256,0,0.069767,0,0.23256,0,0.069767,0,0,0.046512,0.023256,0.069767,0,0,0,0,0,0,0,0,0,0,0,0.023256,0,0.023256,0.069767,0,0,0,0,0.023256,0,0,0.093023,0,0,0,0.023256,0,0,0.023256,0.023256,0.046512,0,0,0,0,0,0
0,0,0,0.076923,0,0,0,0,0,0,0.076923,0,0,0,0,0,0,0,0,0,0,0.076923,0,0,0,0,0.076923,0,0,0,0,0,0.076923,0,0.076923,0,0,0.076923,0.076923,0,0,0,0,0,0,0,0,0,0,0,0,0,0,0.076923,0,0,0,0.15385,0,0.076923,0,0,0,0.076923
0.041667,0.041667,0,0.041667,0,0.041667,0.041667,0,0.041667,0,0,0,0,0,0,0,0.041667,0.041667,0.041667,0,0.041667,0,0.041667,0,0,0.041667,0,0,0,0,0.041667,0.041667,0.041667,0.041667,0.041667,0,0.041667,0,0,0,0.041667,0,0,0,0,0.041667,0.041667,0,0,0,0,0,0,0,0,0,0.041667,0.041667,0,0,0,0,0.041667,0
0.043478,0,0,0,0,0,0,0,0,0,0,0,0,0,0.043478,0.13043,0,0,0,0,0.043478,0,0,0.086957,0,0,0,0,0.086957,0,0,0,0,0,0,0,0,0,0,0,0,0,0.043478,0,0,0.043478,0.043478,0.043478,0,0,0.043478,0,0,0,0,0,0,0.043478,0,0.043478,0.086957,0,0.043478,0.13043
0,0,0.033333,0,0,0,0,0,0,0.033333,0,0,0.033333,0,0,0,0,0.033333,0,0,0,0,0.033333,0.033333,0.066667,0,0,0,0,0,0.033333,0,0,0,0,0.033333,0.033333,0,0.033333,0,0,0,0,0.033333,0.033333,0,0.066667,0.033333,0,0,0,0.1,0,0,0,0,0.066667,0.033333,0,0,0.033333,0.033333,0.033333,0.13333
0,0,0,0,0,0,0,0,0.020408,0,0,0,0,0,0,0.020408,0.020408,0,0.020408,0,0.020408,0.020408,0.020408,0.020408,0,0.020408,0.020408,0,0.020408,0.040816,0.020408,0.020408,0,0.020408,0,0,0.081633,0.040816,0.061224,0.10204,0.020408,0,0,0,0.020408,0,0.020408,0.2449,0,0.020408,0,0,0,0,0.020408,0,0,0.020408,0,0,0,0,0,0.020408
0.025,0,0.025,0,0.025,0,0,0,0,0,0,0,0.025,0.05,0,0.025,0.025,0.025,0,0,0.025,0.025,0.1,0,0,0.025,0,0.025,0,0.025,0,0.025,0.025,0.05,0,0,0,0.075,0,0,0.025,0,0,0.05,0,0.025,0,0.025,0.025,0,0,0,0,0.05,0.025,0,0.025,0.025,0,0.025,0,0.05,0.025,0
0,0,0,0,0.15385,0,0,0.076923,0,0.076923,0,0,0,0,0.15385,0,0,0,0,0,0,0,0,0,0,0,0,0,0,0,0,0,0,0,0,0,0,0.076923,0,0,0,0.15385,0,0,0,0,0,0.15385,0,0,0,0,0,0,0.076923,0,0,0,0.076923,0,0,0,0,0
0.08,0.04,0,0.04,0.04,0,0.04,0.04,0,0,0,0,0.04,0,0,0.04,0.04,0,0.04,0,0.04,0,0,0,0,0,0.08,0,0,0,0,0,0,0,0,0.04,0.08,0,0,0.04,0,0.04,0,0,0,0.04,0,0,0,0,0,0,0.04,0,0,0,0,0,0,0,0,0,0.12,0.04
0.025974,0.1039,0.038961,0.025974,0.038961,0.012987,0.025974,0.012987,0.025974,0.051948,0.038961,0,0.038961,0.012987,0.025974,0,0.025974,0.012987,0.012987,0,0,0,0.012987,0,0.012987,0.012987,0,0.025974,0,0.012987,0,0.012987,0,0.012987,0,0.012987,0.012987,0,0.025974,0,0.025974,0,0,0.012987,0.012987,0.012987,0.025974,0,0.025974,0.012987,0.012987,0.012987,0.012987,0.012987,0,0,0,0.051948,0.025974,0.025974,0.012987,0.012987,0,0
0.066667,0.022222,0.022222,0,0.066667,0.022222,0.022222,0,0.022222,0,0,0.022222,0,0.088889,0,0,0,0.022222,0,0.066667,0.022222,0,0,0,0,0.022222,0.022222,0.022222,0,0,0,0,0,0,0.022222,0.066667,0.022222,0,0.022222,0,0.022222,0,0,0.022222,0.022222,0,0,0,0,0,0.022222,0.044444,0.022222,0.022222,0,0,0.022222,0.022222,0.044444,0.022222,0.022222,0,0.022222,0
0.025,0,0,0,0.025,0,0,0.05,0.025,0,0,0,0.1,0.025,0,0.025,0,0.025,0,0.025,0,0,0,0.025,0,0,0,0,0.025,0,0.025,0,0.075,0,0.025,0,0,0,0,0.025,0.05,0,0,0.025,0,0,0.05,0,0.025,0,0,0,0,0,0.025,0.025,0,0.025,0.025,0,0.075,0.025,0.075,0.05
0.11429,0,0,0,0.028571,0,0.028571,0.028571,0.028571,0,0,0,0,0.028571,0,0.028571,0.085714,0,0,0,0,0,0,0,0,0,0,0,0,0,0,0,0.057143,0,0,0,0,0.028571,0,0,0,0.028571,0,0,0.057143,0,0.057143,0,0.028571,0,0.028571,0,0,0.028571,0.028571,0,0.028571,0.085714,0.028571,0.11429,0,0,0,0.028571
0.090909,0,0,0,0,0,0.090909,0.090909,0.090909,0,0,0,0,0,0,0.090909,0,0,0,0,0,0.090909,0,0,0.090909,0.090909,0,0,0,0,0,0,0,0,0,0,0,0,0,0,0,0,0,0,0,0,0.090909,0,0,0,0,0,0,0,0,0,0,0,0,0,0,0,0.090909,0.090909
0.26087,0.086957,0,0,0.043478,0,0.043478,0,0,0,0,0,0.043478,0,0,0,0.043478,0.086957,0.086957,0,0,0,0,0,0.043478,0.043478,0,0,0,0,0.043478,0,0,0,0,0,0,0,0.043478,0,0,0,0,0,0.043478,0,0,0,0,0,0,0.043478,0,0,0,0,0,0,0,0,0,0,0.043478,0
0.073171,0,0,0.04878,0.02439,0,0.04878,0.02439,0.02439,0.02439,0,0,0,0,0.02439,0,0.02439,0.02439,0,0,0.02439,0,0,0,0,0.02439,0,0.02439,0,0,0.02439,0.02439,0,0,0.02439,0,0.02439,0.02439,0.14634,0,0,0,0.02439,0,0.02439,0,0.073171,0,0,0,0,0,0,0,0,0.02439,0.04878,0,0,0,0,0,0.12195,0
0,0,0,0.047619,0,0,0.095238,0,0.047619,0,0,0,0.047619,0,0,0,0.047619,0,0,0,0,0.047619,0,0,0,0,0,0,0.095238,0,0,0,0,0,0,0.047619,0,0,0,0.047619,0,0,0,0,0,0,0,0,0,0.047619,0.047619,0,0.047619,0,0,0.047619,0,0.047619,0,0,0.14286,0,0,0.095238
0,0,0.11111,0,0,0,0,0.037037,0,0,0,0,0,0,0.074074,0,0,0,0,0,0.037037,0,0.037037,0,0.037037,0,0.037037,0,0,0,0,0,0,0,0,0.037037,0.074074,0,0,0.037037,0,0.074074,0,0.037037,0,0,0,0,0,0,0.074074,0,0,0,0,0.037037,0.037037,0.037037,0.14815,0.037037,0,0,0,0
0,0,0,0,0,0,0,0,0,0,0,0,0,0,0.11111,0,0.11111,0,0.037037,0,0,0,0,0,0,0,0,0,0,0,0.037037,0,0.074074,0,0,0.074074,0,0,0.037037,0,0,0.037037,0,0,0.037037,0,0.14815,0,0.037037,0,0,0,0,0,0.074074,0,0,0.037037,0.074074,0,0,0.074074,0,0
0,0,0,0,0.041667,0,0,0,0,0.041667,0,0,0.041667,0,0,0.041667,0.041667,0,0,0.041667,0.041667,0,0,0,0.041667,0,0,0,0,0,0,0,0,0,0,0,0.041667,0,0,0,0,0,0,0,0,0.083333,0.20833,0,0,0,0,0.041667,0,0,0,0.041667,0,0.083333,0,0.041667,0.041667,0,0,0.083333
0.028571,0.028571,0.057143,0.057143,0.085714,0,0,0,0,0,0,0.028571,0,0,0,0.057143,0.028571,0.028571,0,0.085714,0,0,0,0.028571,0.028571,0.028571,0,0,0.028571,0.028571,0,0,0,0,0,0,0.028571,0,0,0,0,0,0,0,0,0,0.057143,0.028571,0.028571,0.028571,0,0.028571,0,0.028571,0.028571,0,0.028571,0.028571,0,0,0,0.028571,0.028571,0
0.11765,0.058824,0,0.058824,0,0,0.058824,0,0,0,0,0,0.058824,0.058824,0,0,0,0,0,0.058824,0,0,0,0,0,0,0.058824,0,0.058824,0,0.058824,0,0,0,0,0,0,0.058824,0.058824,0,0.058824,0,0,0,0,0,0,0,0,0,0,0,0.058824,0,0,0,0.11765,0,0,0,0,0,0,0
0.086207,0.017241,0,0.034483,0.017241,0,0,0,0.034483,0.034483,0,0.017241,0.017241,0.051724,0,0.051724,0.034483,0.034483,0.017241,0,0,0,0.034483,0.017241,0,0,0,0,0.017241,0,0,0,0.034483,0.017241,0,0.017241,0.017241,0,0,0,0.017241,0.017241,0.017241,0,0,0.017241,0.017241,0.017241,0.086207,0.034483,0,0,0,0.017241,0.017241,0,0.051724,0.017241,0.034483,0,0.017241,0.017241,0,0
0,0,0,0,0,0,0,0.11111,0.11111,0,0,0,0,0,0,0,0,0,0,0,0,0,0,0,0,0,0,0.11111,0.11111,0,0,0,0,0,0,0,0,0,0,0,0.11111,0,0,0,0,0,0.11111,0.11111,0,0,0.11111,0,0.11111,0,0,0,0,0,0,0,0,0,0,0
0,0.071429,0,0,0.071429,0,0.071429,0,0,0.071429,0,0,0,0,0,0,0,0,0,0,0,0,0,0,0,0,0,0,0.071429,0,0,0.071429,0,0,0,0,0,0,0.071429,0,0.071429,0,0,0,0,0,0,0.14286,0.071429,0,0,0.071429,0,0,0,0,0,0,0,0,0,0,0,0.14286
0.021739,0.021739,0.021739,0,0,0,0,0,0.021739,0.021739,0,0,0.021739,0.021739,0,0.043478,0.021739,0.043478,0.021739,0,0,0.021739,0,0,0,0.021739,0.021739,0,0.021739,0,0,0,0.021739,0,0,0.021739,0.043478,0,0.043478,0,0,0.043478,0,0,0,0,0.021739,0.043478,0.065217,0,0.021739,0,0.043478,0.021739,0.021739,0,0.021739,0,0.021739,0,0.1087,0.043478,0,0.021739
0.047619,0.047619,0,0,0,0.095238,0,0,0,0,0,0,0,0.047619,0,0,0,0.047619,0.047619,0,0,0.047619,0,0.047619,0,0.047619,0.047619,0.047619,0,0,0.047619,0,0,0,0.047619,0,0,0,0,0,0,0,0.047619,0,0,0,0,0,0.095238,0,0,0,0,0,0,0.047619,0,0,0,0,0.047619,0.047619,0.047619,0
0.034483,0,0.034483,0,0.034483,0.034483,0,0,0.034483,0,0,0,0,0,0,0,0.034483,0.17241,0,0,0,0,0,0,0,0,0,0,0,0.068966,0,0,0.034483,0,0,0,0.034483,0,0,0,0,0,0,0.034483,0.034483,0,0,0,0.034483,0.034483,0,0.068966,0.034483,0.034483,0,0,0.034483,0.034483,0.034483,0,0,0.034483,0,0.068966
0,0.028571,0,0,0.028571,0.028571,0,0,0.028571,0,0,0.028571,0.11429,0,0,0,0,0,0,0.057143,0,0.028571,0.028571,0.028571,0.028571,0,0,0.028571,0,0,0,0,0.028571,0.028571,0.028571,0,0,0,0,0,0,0,0,0.028571,0.085714,0,0.057143,0,0,0.028571,0.028571,0.028571,0.028571,0.028571,0,0.028571,0,0.028571,0,0,0,0.028571,0,0.057143
0.15385,0,0,0,0,0.076923,0.076923,0,0,0,0,0,0,0.076923,0,0,0.076923,0,0,0.076923,0.076923,0,0,0,0.076923,0,0,0,0,0,0,0.076923,0,0,0,0,0,0,0,0,0,0,0,0,0,0,0,0,0,0.076923,0,0,0,0,0.076923,0,0,0,0,0.076923,0,0,0,0
0.083333,0,0.055556,0,0.055556,0,0,0,0,0.027778,0,0.027778,0.055556,0,0,0.027778,0.055556,0,0,0.027778,0,0.055556,0,0,0,0,0.027778,0,0,0,0.027778,0,0,0,0,0,0,0.055556,0.027778,0,0,0,0,0,0,0,0.027778,0,0.083333,0,0,0,0,0,0,0,0,0.027778,0.027778,0.027778,0.13889,0,0.027778,0.027778
0,0,0,0,0.125,0,0,0,0.125,0,0,0,0,0,0,0,0,0,0.125,0,0,0.125,0,0,0,0,0,0,0,0,0,0,0.125,0,0,0,0,0,0,0,0,0.125,0,0,0,0.125,0,0,0,0,0,0,0,0,0,0,0,0,0,0,0,0,0.125,0
0,0.027027,0,0,0,0,0.027027,0,0.054054,0,0,0,0,0.16216,0,0.081081,0,0,0,0,0.027027,0,0,0.027027,0,0.027027,0,0,0.027027,0,0,0.027027,0.027027,0,0,0,0.081081,0.081081,0.027027,0,0.054054,0,0.054054,0,0,0,0.027027,0,0,0,0,0.027027,0,0.027027,0,0,0,0.027027,0.054054,0.027027,0,0,0,0
0,0,0,0,0,0,0,0,0,0,0,0,0,0,0,0,0,0,0.1,0,0,0,0,0,0.3,0,0,0,0,0,0,0,0,0.1,0,0,0.1,0.1,0,0,0,0,0,0,0,0,0,0,0,0,0,0,0,0,0,0,0,0,0.1,0,0,0.2,0,0
0.10526,0.052632,0.052632,0.052632,0.10526,0,0,0,0,0,0,0,0.052632,0,0,0.10526,0,0,0,0,0.052632,0,0,0,0,0,0,0,0.052632,0,0,0.052632,0.052632,0,0,0,0.10526,0,0,0,0,0,0,0,0,0,0,0,0.052632,0,0,0,0,0.052632,0,0,0.052632,0,0,0,0,0,0,0
0.071429,0,0.071429,0.071429,0,0,0,0,0.071429,0,0,0,0.071429,0.071429,0,0.071429,0.071429,0,0,0,0,0.071429,0.071429,0,0,0,0,0,0,0,0,0,0,0,0,0,0,0,0,0,0,0,0,0,0,0,0,0,0,0,0.071429,0.071429,0,0,0,0,0,0,0,0,0,0,0,0.14286
0,0,0.023256,0.023256,0.023256,0,0,0.023256,0,0,0.046512,0,0,0,0,0.023256,0.046512,0,0.046512,0.093023,0.046512,0.023256,0.069767,0.023256,0,0.046512,0.046512,0,0,0.023256,0.046512,0.023256,0.023256,0,0.023256,0,0,0,0,0,0,0,0.023256,0.023256,0,0,0,0.069767,0,0.023256,0,0,0,0,0,0,0.023256,0,0.046512,0,0,0,0.023256,0.023256
0,0,0,0,0,0,0,0,0.11765,0,0,0,0,0,0,0,0.11765,0,0,0,0,0,0,0,0,0,0,0,0,0.058824,0,0.058824,0,0,0,0,0,0,0,0,0.17647,0,0,0,0,0,0,0,0.058824,0,0.11765,0.058824,0.058824,0,0,0,0.058824,0,0,0,0.058824,0,0,0.058824
0,0.2,0,0,0,0.1,0,0,0,0,0,0,0,0,0,0,0.1,0,0,0,0,0,0,0,0,0,0,0,0,0,0,0,0,0,0,0,0.1,0,0.2,0,0,0,0,0,0,0,0,0,0,0,0,0,0,0,0,0,0,0.1,0,0,0,0.1,0.1,0
0,0.083333,0,0.083333,0,0,0,0,0,0.083333,0,0,0,0,0,0,0.083333,0,0,0,0.083333,0,0,0,0.083333,0,0,0,0,0,0,0,0,0,0,0,0,0,0.083333,0,0,0,0,0,0,0,0,0.083333,0,0,0,0,0,0.083333,0.16667,0,0,0,0,0,0,0.083333,0,0
0.076923,0.076923,0,0,0,0,0,0,0,0,0.076923,0,0.076923,0,0,0.076923,0.15385,0,0.076923,0,0,0,0,0,0.076923,0,0,0,0,0,0,0,0,0,0,0,0.15385,0,0,0,0.076923,0,0,0,0,0,0,0,0,0,0,0,0,0,0,0,0,0,0,0,0.076923,0,0,0
0.045455,0,0,0,0,0,0,0,0,0,0,0,0.045455,0,0.090909,0,0,0,0,0,0,0.045455,0,0,0,0,0,0,0,0,0,0,0.045455,0,0,0,0.045455,0.045455,0,0.045455,0.045455,0,0,0.045455,0.045455,0,0.045455,0,0.045455,0.045455,0.045455,0.090909,0,0,0,0.045455,0,0,0,0.045455,0,0.045455,0,0.045455
0,0.090909,0,0.090909,0.090909,0,0,0,0,0,0,0.090909,0,0,0,0,0.090909,0,0,0,0,0,0,0,0,0,0,0,0,0,0.090909,0,0,0,0,0,0,0,0,0,0,0,0,0,0,0.090909,0.18182,0,0,0,0,0.090909,0,0,0,0,0,0,0,0,0.090909,0,0,0
0.076923,0,0,0.076923,0,0,0,0,0,0,0,0,0,0,0,0.076923,0.076923,0,0,0,0,0,0,0,0,0,0,0,0.076923,0,0,0,0.076923,0,0,0,0,0,0.15385,0,0,0.076923,0,0.076923,0,0,0,0.076923,0,0,0,0,0,0,0,0,0,0.15385,0,0,0,0,0,0
0,0,0,0,0.1,0,0.1,0,0,0,0,0,0.1,0,0.1,0,0,0,0,0,0,0,0,0,0,0.2,0,0,0,0,0,0,0,0,0,0,0.1,0,0,0,0,0,0.1,0,0,0,0,0,0.1,0.1,0,0,0,0,0,0,0,0,0,0,0,0,0,0
0.085714,0,0.14286,0,0,0.028571,0,0,0,0,0.028571,0,0,0,0,0.028571,0.085714,0,0.057143,0.028571,0,0,0,0,0,0,0.028571,0,0,0.028571,0,0,0.085714,0,0.057143,0,0.028571,0,0.028571,0,0,0.028571,0,0,0,0,0.085714,0,0,0,0,0,0,0,0,0,0,0,0.057143,0.028571,0,0,0.028571,0.028571
0.1,0.025,0.025,0,0,0,0,0,0,0.025,0.025,0,0,0,0.05,0.025,0.075,0.025,0,0,0,0,0.025,0,0,0,0.025,0.05,0,0,0.025,0.05,0,0,0,0,0,0,0,0,0.05,0.025,0.025,0.025,0.025,0.025,0,0,0.025,0,0.025,0,0,0,0.025,0,0.025,0.025,0,0,0.075,0,0.05,0.025
0.055556,0.11111,0,0.055556,0,0,0,0,0,0,0,0,0,0,0,0.055556,0,0,0,0,0,0,0,0,0.055556,0,0,0,0.055556,0,0,0,0,0,0,0,0,0,0,0,0,0.055556,0,0,0,0.055556,0.11111,0,0,0.16667,0,0,0.055556,0,0,0,0,0,0,0.055556,0.055556,0.055556,0,0
0.047619,0.047619,0,0,0,0,0,0,0,0.047619,0,0,0.047619,0,0.047619,0,0.095238,0.14286,0.095238,0,0.047619,0,0,0,0,0,0,0,0,0,0,0,0.047619,0,0,0,0.095238,0,0,0,0,0,0,0,0,0,0,0.095238,0.047619,0,0.047619,0,0,0,0.047619,0,0,0,0,0,0,0,0,0
0,0.071429,0.14286,0,0,0,0,0,0,0,0,0,0.071429,0.071429,0,0,0,0,0.071429,0,0,0,0,0,0,0,0,0,0,0,0,0,0,0,0,0,0,0,0,0,0,0.071429,0,0,0,0,0,0,0,0.071429,0,0.14286,0,0,0,0,0,0,0.071429,0.071429,0.071429,0,0,0.071429
0,0.15385,0,0,0,0,0,0.076923,0,0.076923,0,0,0,0,0,0,0,0,0,0,0.076923,0,0,0,0,0,0,0,0,0,0,0,0,0,0,0,0.076923,0.076923,0,0,0,0,0,0,0.076923,0,0,0,0.076923,0,0.076923,0.076923,0,0,0,0,0,0,0,0,0.15385,0,0,0
0,0,0,0,0.071429,0,0,0,0.071429,0,0.071429,0.071429,0,0,0,0,0.071429,0,0.28571,0,0,0,0,0,0,0,0.071429,0,0,0,0,0,0,0,0.071429,0,0,0,0,0,0,0,0,0,0,0,0,0,0,0,0,0,0,0,0,0.071429,0.071429,0,0,0,0,0,0,0.071429
0,0,0,0,0,0,0,0.071429,0,0,0,0,0,0,0,0,0,0,0,0,0,0,0,0,0.071429,0.14286,0,0,0,0,0,0.071429,0,0,0,0,0,0,0,0,0,0.071429,0,0,0,0,0,0,0,0,0,0,0.14286,0.071429,0.071429,0.071429,0,0.071429,0,0.071429,0,0,0,0.071429
0.083333,0,0,0.083333,0,0,0,0,0,0,0.083333,0,0,0,0.083333,0,0,0,0,0,0,0,0,0,0,0,0,0,0.083333,0,0,0,0,0,0,0,0.083333,0,0,0,0,0,0,0,0,0.083333,0.16667,0,0.083333,0,0,0,0,0,0,0,0,0.16667,0,0,0,0,0,0
0.10769,0.046154,0.015385,0.015385,0.076923,0.015385,0,0,0.046154,0,0,0,0,0.030769,0,0.030769,0.061538,0,0,0,0,0,0,0,0.046154,0,0.030769,0,0.015385,0,0,0.015385,0.015385,0,0.046154,0,0.015385,0,0.030769,0.015385,0.015385,0.046154,0,0.015385,0,0,0.030769,0,0.030769,0,0,0,0.030769,0,0,0,0.030769,0.030769,0.015385,0.015385,0.015385,0.015385,0.015385,0.015385
0,0,0,0,0,0,0,0,0.047619,0.047619,0,0.047619,0,0,0,0.047619,0.047619,0,0,0,0.047619,0.095238,0,0,0,0,0,0,0.047619,0,0,0.047619,0,0,0,0,0,0.095238,0,0.047619,0,0.047619,0,0,0,0,0,0,0,0,0,0,0.047619,0.047619,0.047619,0,0,0,0.047619,0,0,0.095238,0,0.047619
0,0.0625,0,0,0,0,0.0625,0,0,0,0,0,0,0,0,0.0625,0,0.0625,0.0625,0.0625,0,0,0.0625,0,0,0.0625,0,0,0,0,0,0,0,0,0,0,0,0,0,0,0,0,0,0,0,0,0,0.0625,0,0,0,0,0,0,0.0625,0,0,0,0,0.25,0,0,0,0.125
0,0,0.021277,0,0.021277,0,0.042553,0,0,0,0,0,0,0.021277,0,0.042553,0.06383,0,0.06383,0.042553,0,0,0.021277,0,0,0,0.021277,0.021277,0,0,0.085106,0.021277,0,0,0.021277,0,0.042553,0.021277,0,0,0,0,0,0,0,0,0.021277,0,0,0,0,0.021277,0.021277,0,0.06383,0,0.021277,0.021277,0.042553,0,0,0.021277,0.06383,0.12766
0.25,0,0,0,0,0,0,0,0,0,0,0,0,0,0,0,0,0,0,0,0,0,0,0,0,0,0,0,0,0,0,0,0.083333,0,0,0,0.25,0,0.16667,0,0.083333,0,0,0,0,0,0,0,0,0,0,0,0,0,0.083333,0,0.083333,0,0,0,0,0,0,0
0,0,0.090909,0,0,0,0,0,0,0,0,0,0.090909,0.090909,0,0,0,0,0,0,0.090909,0,0,0,0,0.18182,0,0,0,0,0,0,0,0,0.090909,0,0,0,0,0,0,0,0,0,0,0,0.090909,0,0.090909,0,0,0,0,0,0,0,0,0,0,0,0,0,0,0.18182
0,0,0,0,0,0,0.05,0,0,0,0,0.05,0.05,0,0,0,0,0,0,0,0,0,0,0,0.05,0.05,0,0,0,0.05,0.05,0,0.15,0,0,0,0.05,0,0,0,0,0.05,0,0,0,0.05,0.05,0,0,0,0,0,0,0,0.1,0,0.05,0,0,0,0,0,0.1,0.05
0.090909,0,0,0,0.060606,0.030303,0,0.030303,0.030303,0,0,0,0.030303,0,0.030303,0.030303,0.12121,0,0,0,0.030303,0,0,0,0.030303,0.030303,0,0,0,0,0,0,0.030303,0,0,0,0.12121,0.030303,0,0,0,0,0,0,0,0.030303,0,0.030303,0,0.030303,0,0,0.030303,0,0.030303,0,0,0.060606,0,0,0,0,0.030303,0.030303
0,0.027778,0,0.027778,0.027778,0,0,0,0,0.027778,0,0.083333,0,0,0.027778,0.055556,0.027778,0,0,0,0,0,0,0,0.027778,0,0,0.027778,0,0,0,0,0,0,0.027778,0,0,0.055556,0.027778,0,0.027778,0.055556,0.027778,0,0.027778,0,0.055556,0.083333,0.055556,0,0.027778,0,0,0,0,0,0,0,0,0,0,0.055556,0.027778,0.083333
0,0,0.066667,0.066667,0,0,0,0,0,0,0,0,0.066667,0,0,0,0,0,0.066667,0,0,0,0,0,0.066667,0,0,0,0,0,0,0.066667,0,0,0,0,0,0.066667,0.13333,0,0,0,0,0,0,0,0,0,0.066667,0,0,0.066667,0.066667,0,0,0,0,0.066667,0,0,0.066667,0.066667,0,0
0,0,0,0,0,0,0,0,0,0,0,0,0,0,0,0,0,0,0,0,0,0,0.071429,0,0,0.071429,0,0,0.14286,0.071429,0,0.071429,0,0,0,0,0,0.071429,0,0,0,0,0.071429,0,0,0,0,0.14286,0,0,0,0,0,0,0.071429,0.071429,0,0,0,0,0,0.071429,0,0.071429
0.21739,0,0,0,0.086957,0,0.043478,0,0,0,0.086957,0,0,0,0,0,0,0,0,0,0,0.043478,0,0,0.043478,0,0,0,0,0,0.086957,0,0,0.043478,0,0,0.043478,0.043478,0.043478,0.043478,0,0,0,0,0,0,0,0,0,0,0,0,0,0,0,0,0,0,0,0.043478,0.086957,0,0,0.043478
0.13333,0.033333,0.033333,0,0.2,0.033333,0.033333,0,0,0.033333,0,0,0,0,0,0.033333,0.066667,0,0,0,0,0,0,0,0,0.033333,0.033333,0,0.033333,0,0,0,0.066667,0,0,0,0.033333,0,0,0,0,0,0,0,0,0,0.066667,0.033333,0,0,0.033333,0,0,0,0,0,0,0,0,0,0,0.033333,0,0.033333
0,0,0,0,0.076923,0,0,0,0,0,0,0,0,0,0,0.076923,0,0,0,0,0,0,0,0,0.076923,0,0,0,0,0,0,0,0,0,0,0,0,0,0,0,0,0,0,0,0.076923,0.076923,0.076923,0,0.076923,0.076923,0,0.15385,0,0,0,0,0,0.076923,0,0.076923,0,0.076923,0,0
0,0,0,0,0,0,0,0,0,0.041667,0,0,0.083333,0,0.041667,0,0.041667,0,0.041667,0,0,0,0,0,0,0,0,0,0,0,0,0,0.041667,0,0,0,0,0,0.083333,0,0,0,0,0.041667,0,0,0.125,0.125,0,0,0.041667,0.041667,0.041667,0,0,0,0,0.041667,0,0.083333,0,0,0.041667,0.041667
0.047619,0.047619,0.047619,0,0,0,0.047619,0,0.19048,0.047619,0,0,0,0.047619,0,0,0,0,0,0,0,0,0.047619,0,0,0,0.047619,0,0,0,0,0,0,0,0.095238,0.047619,0.047619,0,0.095238,0,0,0,0.047619,0,0,0,0,0,0,0,0,0,0,0,0,0,0.047619,0,0,0,0,0,0,0.047619
0.068966,0,0.034483,0.034483,0.034483,0,0,0,0,0,0,0,0,0.034483,0,0,0.2069,0.034483,0.034483,0,0,0,0,0,0.068966,0,0.068966,0,0.034483,0,0,0.034483,0,0,0.034483,0.034483,0,0,0.068966,0,0,0,0,0,0,0,0,0,0,0,0.034483,0,0,0,0.034483,0,0.034483,0,0,0.034483,0,0,0,0.034483
0.044444,0,0,0,0,0,0,0.022222,0.044444,0.022222,0,0,0.088889,0,0,0,0.066667,0.022222,0.066667,0,0.044444,0,0,0,0.022222,0,0.022222,0,0.044444,0,0,0.066667,0.066667,0.11111,0.066667,0,0,0,0,0,0.022222,0,0,0.022222,0,0,0,0,0,0,0,0,0,0,0.022222,0,0.022222,0,0,0.022222,0,0.022222,0.022222,0.022222
0.15385,0,0,0.038462,0,0.11538,0,0.038462,0,0,0,0,0,0.038462,0.038462,0,0.076923,0.038462,0,0,0.038462,0,0,0,0,0,0,0.038462,0,0,0,0,0,0.038462,0,0,0.038462,0,0,0,0,0,0,0,0,0,0.038462,0,0.076923,0,0,0.038462,0,0,0,0,0,0.076923,0,0,0.038462,0,0,0.038462
0,0.11111,0,0.055556,0.055556,0,0,0,0,0,0,0.055556,0,0,0,0.055556,0.11111,0,0,0,0.055556,0,0.055556,0.055556,0,0,0,0,0.055556,0.055556,0,0,0,0,0,0,0,0,0,0.055556,0,0,0,0,0,0,0,0,0.055556,0,0,0,0,0,0,0,0,0.055556,0,0,0.11111,0,0,0
0,0,0,0,0.071429,0.071429,0,0,0,0,0,0,0,0,0,0,0,0,0,0,0,0,0,0,0,0,0,0.071429,0,0,0,0,0,0,0,0,0.071429,0,0,0.071429,0,0,0,0,0.071429,0,0,0,0.14286,0,0,0.071429,0.071429,0,0,0,0,0,0,0.071429,0,0,0,0.21429
0,0,0,0.125,0,0,0,0,0,0,0,0,0,0,0,0.0625,0.0625,0,0,0,0,0,0,0,0,0,0,0,0,0,0.0625,0,0,0,0,0,0.0625,0,0.0625,0.0625,0,0,0,0,0,0,0,0,0.0625,0,0,0.0625,0,0,0,0,0.125,0.0625,0,0.0625,0.0625,0.0625,0,0
0.055556,0,0,0,0.055556,0,0,0,0,0,0,0,0,0,0,0.11111,0.055556,0,0,0,0,0,0.055556,0,0,0,0,0.055556,0,0.055556,0,0,0,0,0,0,0.11111,0,0,0,0,0,0,0,0,0,0,0,0.055556,0,0,0,0.055556,0,0.055556,0,0.055556,0,0,0.055556,0,0,0.055556,0.11111
0.21429,0.071429,0.071429,0.071429,0,0.071429,0.071429,0,0,0,0,0,0,0,0,0,0.071429,0,0.071429,0,0,0,0.071429,0,0,0,0,0,0.071429,0,0,0,0,0,0.071429,0,0,0,0,0,0,0,0,0,0,0,0,0,0.071429,0,0,0,0,0,0,0,0,0,0,0,0,0,0,0
0.1,0,0,0.05,0,0,0,0.05,0,0,0.05,0,0,0.05,0,0,0.05,0,0.05,0.05,0,0,0,0.05,0,0,0,0,0,0,0,0.05,0.05,0,0,0,0,0,0,0,0.05,0,0,0.05,0.05,0,0,0,0.05,0,0,0,0,0.05,0.05,0,0,0.05,0,0,0,0.05,0,0
0.13333,0,0,0,0,0,0,0.066667,0,0,0,0,0.066667,0,0,0.13333,0,0,0,0,0,0,0,0,0,0,0,0,0,0.066667,0,0,0.066667,0,0.066667,0,0.066667,0,0,0,0.066667,0,0,0,0,0,0,0,0.13333,0,0,0,0,0,0,0,0,0,0.066667,0,0,0,0.066667,0
0.11628,0.023256,0.023256,0.046512,0,0.023256,0.023256,0.023256,0,0,0.023256,0.023256,0.023256,0.069767,0,0,0.023256,0,0.023256,0,0.046512,0,0,0.023256,0,0.023256,0.023256,0,0.023256,0,0.023256,0,0.023256,0,0,0,0,0,0,0,0,0,0,0,0.023256,0.023256,0,0.023256,0.023256,0,0.023256,0,0.023256,0,0.023256,0,0.046512,0.046512,0,0,0.093023,0,0,0
0,0.083333,0,0.083333,0,0,0,0,0,0,0,0,0.083333,0,0,0,0,0,0,0,0,0.083333,0,0,0.083333,0,0.083333,0,0,0,0,0,0,0,0.083333,0,0,0,0,0,0,0,0,0,0,0,0,0,0,0,0,0,0,0,0,0.083333,0,0.25,0,0,0,0.083333,0,0
0.057143,0,0.028571,0,0.014286,0.014286,0.028571,0.014286,0.028571,0.042857,0,0.014286,0.014286,0.014286,0.17143,0.014286,0.028571,0.014286,0.028571,0,0,0,0.014286,0,0.028571,0,0.014286,0,0,0,0.014286,0,0.028571,0.014286,0.014286,0,0.042857,0.014286,0.014286,0.014286,0.1,0.042857,0,0,0,0.014286,0,0,0.014286,0,0,0,0,0.014286,0,0,0.014286,0,0,0,0.028571,0,0.028571,0
0.074074,0.11111,0,0.037037,0.037037,0,0.037037,0,0,0,0,0.037037,0,0,0,0,0.037037,0.037037,0.037037,0.074074,0.037037,0.074074,0,0,0,0.074074,0.037037,0,0.037037,0,0,0,0,0.037037,0.037037,0,0.037037,0,0,0,0,0,0,0,0,0,0,0,0,0,0,0,0,0.037037,0.037037,0,0,0.037037,0,0,0,0,0,0
0,0.10526,0,0.10526,0,0.052632,0,0,0,0,0,0,0.052632,0,0,0,0.10526,0,0,0,0,0,0,0.052632,0,0.052632,0,0,0,0,0,0,0,0,0,0,0,0,0,0,0,0.052632,0,0,0,0,0,0.052632,0.052632,0,0,0,0,0,0,0,0,0,0.052632,0,0,0.052632,0.10526,0.10526
0,0,0.1,0,0.2,0,0.1,0,0,0,0,0.1,0,0,0,0,0,0,0,0,0,0,0,0,0,0,0,0,0,0,0,0.1,0,0,0,0,0,0,0,0,0,0,0,0,0.1,0,0,0,0,0.1,0,0,0.1,0,0,0,0.1,0,0,0,0,0,0,0
0.027027,0.013514,0.027027,0,0,0,0.027027,0.040541,0.013514,0.013514,0,0.027027,0,0.027027,0.013514,0,0,0.013514,0.027027,0.013514,0,0.013514,0.040541,0,0.027027,0.054054,0.013514,0.013514,0.013514,0,0.013514,0,0.027027,0,0.027027,0,0.027027,0.013514,0.027027,0.013514,0,0.013514,0,0,0,0.013514,0.040541,0.040541,0.013514,0,0.013514,0,0,0.040541,0.040541,0.013514,0.040541,0,0,0.027027,0,0.040541,0,0.054054
0.175,0.025,0,0,0.025,0,0,0,0.025,0,0,0,0,0.025,0.05,0,0.1,0.05,0,0,0.025,0.025,0,0,0,0,0,0,0,0.025,0.025,0,0,0.025,0,0.025,0,0.025,0.025,0,0,0,0,0,0,0.05,0,0,0.025,0.05,0,0,0,0.025,0,0,0.025,0,0,0,0.075,0.025,0.025,0.025
0.14286,0,0.095238,0.047619,0,0.095238,0,0,0,0,0.047619,0,0.047619,0,0,0,0.047619,0,0,0,0.095238,0,0.047619,0,0,0,0,0,0,0,0.047619,0,0,0,0,0,0,0,0,0,0,0,0,0,0.047619,0,0.047619,0,0,0,0,0.047619,0,0,0,0,0.047619,0.047619,0,0.047619,0,0,0,0
0,0.04,0,0.04,0.08,0,0,0.08,0.04,0,0,0,0,0,0,0,0.08,0.04,0,0,0,0.04,0,0,0.04,0,0.04,0,0,0,0.04,0,0.04,0,0.04,0.04,0.04,0.04,0,0,0,0.04,0,0.08,0,0,0,0,0,0,0,0,0,0,0.04,0,0,0.04,0,0,0.04,0,0,0
0.125,0,0,0.0625,0.125,0,0,0,0,0.125,0,0,0.0625,0,0,0,0,0,0,0,0.125,0,0,0,0,0,0,0,0,0,0,0,0.125,0,0,0,0,0,0.0625,0,0.0625,0,0,0,0,0,0,0,0,0,0,0,0.0625,0,0,0,0,0,0,0,0.0625,0,0,0
0,0.083333,0,0.083333,0.083333,0,0,0,0,0,0,0,0,0,0,0.083333,0,0,0.083333,0,0.083333,0,0,0,0.083333,0,0,0,0,0,0,0,0.083333,0,0,0,0,0,0,0,0.083333,0.083333,0,0,0,0,0,0,0,0,0.083333,0,0,0.083333,0,0,0,0,0,0,0,0,0,0
0,0,0.0625,0.0625,0,0,0,0.0625,0,0,0,0,0,0,0,0,0,0,0.0625,0.0625,0.0625,0,0,0.0625,0.0625,0,0,0,0,0,0,0,0,0,0,0.0625,0,0.0625,0,0,0,0,0.0625,0,0,0,0,0,0,0,0,0,0,0,0.0625,0,0.0625,0.0625,0,0,0,0,0,0.125
0,0,0,0,0,0,0,0,0,0,0,0,0,0,0,0,0,0.083333,0.16667,0,0,0.083333,0,0,0,0,0,0,0,0,0,0,0.083333,0,0,0,0,0.083333,0,0,0,0,0.083333,0,0,0,0,0,0,0,0,0,0,0.083333,0,0,0,0.083333,0,0,0,0,0.083333,0.16667
0,0,0,0,0,0,0,0,0,0.055556,0,0,0,0,0,0.055556,0,0,0,0.055556,0,0,0,0,0,0,0,0,0,0,0,0,0,0,0,0,0.055556,0,0,0.055556,0,0,0,0,0.055556,0,0,0.055556,0.055556,0,0,0.055556,0,0,0.055556,0,0.11111,0.11111,0,0,0.055556,0.055556,0.11111,0
0.041667,0.041667,0.083333,0,0,0,0.041667,0,0,0.041667,0,0,0,0,0.041667,0.041667,0,0,0.083333,0,0.041667,0,0.041667,0,0.041667,0,0,0.041667,0,0,0,0,0.041667,0,0.041667,0,0,0.041667,0,0,0.041667,0,0,0.041667,0,0.041667,0.041667,0,0,0,0,0,0,0,0,0,0.083333,0,0,0,0,0,0.041667,0
0.022727,0.068182,0.022727,0.022727,0,0.022727,0,0.022727,0,0.022727,0,0,0.045455,0,0,0,0.090909,0,0.022727,0.068182,0,0.022727,0,0.022727,0.045455,0,0,0,0.022727,0,0.022727,0,0,0,0,0,0.022727,0,0.022727,0,0,0,0.022727,0.022727,0,0,0,0,0.090909,0,0,0.022727,0.022727,0,0.045455,0,0,0.090909,0.022727,0,0,0,0,0.045455
0.11905,0.071429,0.02381,0,0.071429,0.02381,0,0,0.047619,0.071429,0,0,0.02381,0,0,0,0.071429,0.02381,0.02381,0,0.02381,0,0,0,0,0.02381,0,0.02381,0,0.02381,0,0,0.047619,0.02381,0.02381,0,0.02381,0.047619,0.071429,0,0,0,0.02381,0,0,0,0,0,0,0,0,0,0,0,0,0,0,0,0,0.02381,0.02381,0,0.02381,0
0.063158,0.010526,0.010526,0.021053,0.052632,0.010526,0,0.010526,0.021053,0,0,0.021053,0.031579,0,0.010526,0.010526,0.010526,0.042105,0,0,0.063158,0.010526,0.021053,0.010526,0.021053,0.031579,0.021053,0.021053,0,0.021053,0.010526,0,0.021053,0.010526,0,0,0.031579,0.010526,0.052632,0,0.010526,0,0,0,0,0.010526,0.052632,0.031579,0.010526,0.010526,0,0.010526,0,0.021053,0.021053,0.021053,0.010526,0.031579,0.021053,0.010526,0.021053,0.010526,0,0.010526
0.019231,0.019231,0.019231,0,0.038462,0,0,0.019231,0.019231,0.038462,0,0,0,0,0,0,0.038462,0.096154,0.038462,0,0.019231,0.057692,0.038462,0.019231,0.019231,0.076923,0.019231,0,0,0.019231,0.019231,0.019231,0,0,0.019231,0,0.038462,0.019231,0,0,0.038462,0,0,0,0.019231,0,0.019231,0.019231,0,0.057692,0,0,0,0.019231,0,0.019231,0,0.019231,0,0,0.019231,0.038462,0,0
0.060606,0.030303,0.030303,0,0.030303,0,0.030303,0,0.030303,0,0,0,0,0,0.060606,0.030303,0,0.030303,0,0,0,0.060606,0.030303,0,0,0,0,0,0.030303,0,0,0,0.030303,0,0,0,0,0,0,0,0,0,0,0,0.030303,0,0.030303,0,0.090909,0.030303,0,0.060606,0.030303,0.030303,0,0.060606,0.030303,0.060606,0,0,0.030303,0,0,0.030303
0.13793,0.034483,0.068966,0,0.034483,0,0,0,0,0,0,0,0,0,0,0,0.034483,0,0,0,0.068966,0.034483,0,0,0,0,0,0,0,0,0.034483,0,0,0,0.034483,0.068966,0,0.068966,0,0,0,0,0,0,0,0,0.034483,0,0.068966,0,0.034483,0,0,0,0,0.034483,0.034483,0,0,0.068966,0.034483,0,0.068966,0
0.034483,0,0,0,0.034483,0,0,0.034483,0.034483,0,0,0,0,0.034483,0,0.068966,0.034483,0,0,0.034483,0,0,0.034483,0,0.034483,0,0,0.034483,0,0.034483,0,0.034483,0,0,0.034483,0.034483,0.034483,0,0.034483,0,0.034483,0,0,0,0,0,0,0.034483,0.034483,0.034483,0.034483,0,0,0,0,0.034483,0,0.068966,0.034483,0,0,0.034483,0,0.034483
0.04,0,0.08,0.08,0,0,0.04,0,0,0.04,0,0,0.04,0.04,0.08,0,0,0,0,0.04,0.04,0,0,0,0,0,0,0,0,0,0,0,0,0,0.08,0,0,0,0,0,0,0,0,0,0,0,0.08,0,0.04,0.04,0,0,0,0,0.04,0,0.08,0.04,0,0,0,0.04,0,0.04
0.052632,0,0,0,0,0.052632,0,0,0,0.052632,0,0,0,0,0,0.10526,0,0,0.10526,0,0.052632,0,0,0,0,0,0,0.052632,0,0,0,0,0,0,0,0.052632,0,0,0,0,0,0.052632,0,0,0,0,0,0,0.052632,0.052632,0,0,0,0,0,0,0,0.052632,0,0,0.10526,0.052632,0,0.10526
0.029412,0,0,0.058824,0,0,0.029412,0.029412,0,0,0,0.029412,0.029412,0,0,0,0.029412,0,0,0,0,0.088235,0,0.029412,0,0,0.029412,0.029412,0,0,0,0.029412,0.058824,0,0.029412,0.029412,0.029412,0,0.029412,0.029412,0.029412,0.058824,0.029412,0,0.029412,0,0.029412,0,0.029412,0,0,0,0,0.029412,0.029412,0,0,0.029412,0,0.029412,0,0.029412,0,0
0,0,0,0,0,0,0,0,0,0,0,0,0,0,0,0,0,0,0,0,0,0,0,0,0,0,0,0.066667,0,0,0,0,0.066667,0,0,0,0,0,0,0,0,0,0,0,0,0.066667,0.066667,0,0,0,0,0,0,0,0.13333,0,0.066667,0.066667,0,0,0.066667,0,0.066667,0.33333
0,0,0,0.13333,0,0,0,0,0,0,0,0,0,0,0,0.066667,0,0,0,0,0,0,0.066667,0,0,0,0.13333,0,0.066667,0.13333,0,0,0,0,0,0,0,0,0.066667,0,0,0,0,0,0,0,0,0,0,0,0,0,0,0,0,0,0.13333,0,0.066667,0,0,0,0.066667,0.066667
0.029412,0,0,0,0,0.029412,0.029412,0,0.029412,0.058824,0,0.029412,0,0,0,0.058824,0,0,0,0,0.029412,0,0,0,0,0.029412,0,0.029412,0,0,0.029412,0.029412,0,0,0,0,0.058824,0.029412,0,0.058824,0.029412,0,0,0,0,0,0.029412,0.029412,0,0,0,0.029412,0,0.029412,0,0.029412,0.029412,0.029412,0.029412,0.029412,0,0.029412,0.029412,0.088235
0,0,0,0,0,0,0,0,0.1,0.2,0,0,0,0,0,0,0,0,0,0.1,0.1,0,0,0,0,0,0,0,0,0,0,0,0,0,0,0,0,0,0,0,0,0.2,0,0,0,0,0,0,0,0,0,0,0.3,0,0,0,0,0,0,0,0,0,0,0
0,0.071429,0,0,0,0,0,0.071429,0,0,0,0,0,0.071429,0,0,0.14286,0,0.071429,0,0,0,0,0,0.071429,0.14286,0,0.071429,0,0.071429,0,0,0,0,0,0,0,0,0,0,0.071429,0.071429,0,0,0,0,0,0,0,0,0,0,0,0,0,0,0,0,0,0,0.071429,0,0,0
0,0.1875,0,0.0625,0,0.0625,0,0,0,0,0,0.0625,0,0.0625,0,0,0.125,0,0,0,0,0,0,0,0,0.0625,0,0,0,0,0,0.0625,0.0625,0,0,0,0,0,0,0,0,0,0,0,0,0,0,0.0625,0.0625,0,0,0,0,0,0,0,0,0.0625,0.0625,0,0,0,0,0
0.052632,0.052632,0,0.10526,0.10526,0,0,0,0,0,0.052632,0,0,0,0.052632,0,0,0,0.052632,0,0.10526,0,0.052632,0,0.052632,0,0,0,0,0,0,0,0,0,0,0,0.052632,0.10526,0,0,0,0,0,0,0,0,0,0,0,0,0.052632,0,0,0,0.052632,0,0,0,0.052632,0,0,0,0,0
0.090909,0,0,0,0,0,0,0,0,0,0.18182,0,0,0,0,0,0,0,0,0,0,0.090909,0,0,0,0,0,0,0,0,0,0,0,0,0,0,0,0,0,0,0,0.090909,0,0,0,0,0,0.18182,0,0,0,0,0,0,0,0,0,0,0.090909,0,0.090909,0,0.18182,0
0.04,0.04,0,0.08,0.16,0,0,0,0.04,0,0,0,0,0,0,0.08,0.04,0,0,0,0.08,0,0,0,0,0.04,0,0.04,0,0,0,0,0.04,0,0,0,0,0.04,0,0,0,0.04,0,0,0.04,0,0.04,0,0,0,0,0.04,0,0,0,0,0,0,0,0,0.04,0,0,0.08
0.026316,0.026316,0,0,0.052632,0.052632,0,0,0.026316,0.026316,0,0,0,0,0,0.026316,0.078947,0.052632,0.026316,0,0.026316,0.052632,0.026316,0,0,0,0,0,0,0.026316,0,0,0.026316,0,0,0,0,0.026316,0.026316,0,0,0.026316,0,0,0,0,0,0.026316,0,0.026316,0,0,0.026316,0.078947,0.052632,0,0,0.026316,0.026316,0.078947,0,0,0.026316,0
0.076923,0,0.15385,0.076923,0.076923,0,0,0,0.076923,0,0,0,0,0,0,0,0,0,0,0,0,0,0.076923,0,0.076923,0.076923,0,0,0,0,0.076923,0,0,0,0,0,0,0,0,0,0,0.076923,0,0,0,0,0,0,0,0,0,0,0,0.076923,0,0,0,0.076923,0,0,0,0,0,0
0.074074,0.074074,0.037037,0,0.037037,0,0,0,0,0.14815,0,0,0.037037,0.037037,0,0.037037,0.14815,0.037037,0.037037,0,0,0,0,0,0,0,0,0,0,0,0,0,0.037037,0,0.037037,0,0.037037,0,0.037037,0,0,0,0,0,0,0,0.037037,0,0,0,0,0,0,0,0,0,0,0,0.037037,0,0,0,0,0.074074
0.076923,0,0,0.076923,0,0,0,0,0.076923,0,0,0,0.076923,0,0,0,0,0,0,0,0,0,0,0,0,0,0,0.076923,0,0,0,0,0,0,0,0,0,0,0,0,0,0,0.076923,0,0,0,0.15385,0,0.076923,0,0,0.076923,0,0,0.076923,0,0,0.076923,0,0,0.076923,0,0,0
0.047619,0,0,0,0.095238,0,0,0,0,0.095238,0,0,0.047619,0,0,0,0.047619,0.047619,0,0.047619,0,0,0,0,0.047619,0,0.047619,0,0,0,0,0,0.19048,0,0.047619,0,0.047619,0,0,0,0,0.047619,0,0,0,0,0,0,0,0,0,0,0.047619,0,0,0,0,0.047619,0,0,0,0.047619,0,0
0.047619,0.047619,0,0.047619,0,0,0,0,0,0,0,0,0,0,0,0.047619,0,0,0,0,0,0,0,0,0,0,0,0,0,0,0.047619,0,0.095238,0,0,0,0.095238,0,0,0,0.047619,0.047619,0,0,0,0,0,0,0,0,0,0,0.047619,0,0,0,0,0,0.047619,0,0.047619,0.095238,0.047619,0.19048
0.083333,0,0,0.083333,0,0,0,0,0,0.083333,0,0,0,0,0,0,0,0,0,0,0,0,0,0,0.25,0,0,0,0,0,0,0.083333,0,0,0,0,0.083333,0,0,0,0.083333,0,0,0,0,0,0.25,0,0,0,0,0,0,0,0,0,0,0,0,0,0,0,0,0
0.029412,0,0,0.029412,0.029412,0,0.058824,0,0.029412,0.088235,0,0,0.029412,0.029412,0,0.029412,0,0,0.029412,0.029412,0.029412,0,0,0,0,0,0,0.029412,0,0,0,0,0,0,0,0,0.058824,0,0,0,0,0,0,0,0.029412,0,0,0.088235,0,0.029412,0,0.088235,0.029412,0.058824,0,0.058824,0,0,0,0.029412,0.029412,0.029412,0,0
0.18182,0.090909,0,0,0,0,0,0,0,0,0,0,0.090909,0,0,0,0,0,0,0,0,0,0,0,0,0,0,0,0,0,0,0.090909,0,0,0,0,0,0,0,0,0,0,0,0,0,0,0,0,0.090909,0.090909,0,0,0,0,0.090909,0,0,0.090909,0,0,0.090909,0,0,0.090909
0.21053,0,0.052632,0,0,0,0,0,0.052632,0,0,0,0,0.052632,0,0,0.052632,0,0,0,0,0.052632,0,0,0.052632,0,0,0,0.052632,0,0,0.052632,0.052632,0,0,0,0,0.052632,0,0,0,0,0,0,0,0,0,0.052632,0,0,0,0.052632,0.10526,0.052632,0,0,0,0,0,0,0,0,0,0
0.071429,0,0,0,0,0.071429,0,0,0,0,0,0,0,0,0,0,0.071429,0,0,0.071429,0,0,0,0,0,0,0.071429,0.071429,0,0,0,0,0,0,0,0,0,0.071429,0,0.071429,0,0.071429,0,0,0.071429,0.071429,0,0,0,0,0,0,0,0,0,0.071429,0,0,0,0,0,0,0,0.14286
0.071429,0,0,0,0,0,0,0,0,0,0,0,0,0,0,0,0,0,0,0,0,0,0,0,0,0,0,0,0,0,0.071429,0.071429,0.071429,0,0,0,0,0,0,0,0.14286,0,0,0,0,0,0,0,0.071429,0,0,0,0,0.071429,0,0,0,0,0.071429,0,0,0,0.21429,0.14286
0,0,0,0.11111,0,0,0,0,0,0,0,0,0,0.11111,0,0.11111,0.11111,0,0,0,0,0,0.11111,0,0,0,0,0,0,0,0,0,0,0,0,0,0,0,0,0,0,0,0,0,0,0,0,0,0,0,0.22222,0,0,0,0,0,0,0.11111,0,0,0.11111,0,0,0
0.086957,0,0.043478,0.043478,0,0.043478,0,0.043478,0,0.043478,0,0,0,0,0,0,0,0.086957,0.043478,0,0,0.086957,0,0,0,0,0,0,0,0,0.043478,0,0.043478,0,0.043478,0,0,0,0,0,0,0,0,0.043478,0,0,0,0,0.043478,0,0,0,0.043478,0,0,0,0,0.043478,0,0,0,0.086957,0.086957,0
0.1,0,0,0,0,0,0.1,0,0,0,0,0,0,0,0,0,0,0,0,0.1,0,0,0,0,0,0,0.2,0,0,0,0,0,0,0,0,0.1,0.1,0,0,0,0,0.1,0,0,0,0,0,0,0,0,0,0,0,0,0,0,0,0,0,0,0,0.1,0.1,0
0,0,0.058824,0,0,0.058824,0,0,0,0,0,0.058824,0.058824,0,0.11765,0,0.11765,0,0,0,0,0,0,0,0,0,0,0,0,0,0.058824,0,0,0.058824,0,0,0,0,0,0,0,0,0,0,0,0,0.058824,0,0.058824,0,0,0.058824,0,0.058824,0.058824,0,0,0,0,0.058824,0.058824,0,0,0
0.045455,0.015152,0.015152,0,0.030303,0.015152,0.015152,0.060606,0.030303,0,0.015152,0.015152,0.030303,0.045455,0.015152,0.030303,0.045455,0.030303,0,0.030303,0.060606,0.015152,0,0,0.015152,0.015152,0.015152,0,0.015152,0,0,0,0.030303,0,0,0,0.015152,0.030303,0,0.015152,0,0,0,0,0,0.015152,0.015152,0,0.060606,0,0.015152,0,0.030303,0,0,0,0.030303,0,0.015152,0.030303,0,0.030303,0.030303,0.015152
0,0,0,0,0.11765,0,0,0.058824,0.058824,0,0.058824,0,0,0.058824,0,0.058824,0.11765,0,0,0,0,0,0,0,0,0,0,0,0,0,0,0,0,0,0,0,0,0,0.11765,0,0,0,0.058824,0.058824,0.058824,0,0,0.058824,0,0,0.058824,0,0,0,0,0,0.058824,0,0,0,0,0,0,0
0,0,0,0,0.086957,0,0,0,0,0,0.043478,0.043478,0,0,0,0,0.043478,0.043478,0,0,0,0,0,0.043478,0,0,0.043478,0,0,0,0,0,0,0,0.043478,0,0.043478,0.043478,0.043478,0.043478,0,0,0,0,0,0.086957,0,0.043478,0.086957,0,0,0,0,0.13043,0,0,0,0,0.043478,0,0.043478,0,0,0
0,0,0,0,0.083333,0,0,0,0,0,0,0,0,0,0,0,0,0,0,0,0,0,0.083333,0,0,0,0,0,0.083333,0,0,0,0,0,0,0.083333,0,0.083333,0.083333,0.083333,0,0,0,0,0.083333,0.083333,0,0,0,0.083333,0,0,0,0.083333,0,0,0,0,0,0,0.083333,0,0,0
0.068966,0,0.034483,0.068966,0.068966,0,0,0.034483,0.068966,0,0,0.034483,0.034483,0.034483,0,0,0.10345,0.034483,0,0,0,0,0,0,0,0.034483,0,0,0,0,0,0,0,0,0,0,0,0.034483,0.034483,0,0,0,0,0,0,0,0,0,0.034483,0.068966,0,0,0,0,0,0,0,0.034483,0,0,0,0.10345,0.068966,0
0,0.055556,0,0,0.055556,0,0,0,0,0,0,0,0.055556,0.055556,0.055556,0,0,0,0,0,0,0,0,0,0.11111,0,0,0.055556,0,0,0.055556,0.055556,0,0.11111,0,0,0,0.055556,0.055556,0,0,0,0,0,0,0,0,0,0,0,0,0,0,0,0.11111,0.055556,0.055556,0,0,0,0,0,0,0
0,0,0,0,0.083333,0,0,0,0,0,0,0,0,0,0.083333,0,0.083333,0,0,0,0,0,0,0,0,0.083333,0,0,0.083333,0,0.16667,0,0,0,0,0,0.083333,0,0,0,0,0,0,0,0,0.083333,0,0,0,0,0.083333,0,0,0,0,0.083333,0,0,0,0,0,0.083333,0,0
0.13333,0,0.13333,0,0.066667,0,0,0,0.13333,0,0,0,0,0,0,0,0.066667,0,0,0,0.066667,0,0,0,0,0,0,0,0,0,0,0,0.066667,0,0,0,0,0,0.13333,0,0,0,0,0,0,0,0.066667,0,0,0,0,0,0,0,0,0,0,0,0,0,0,0,0,0.13333
0,0,0,0.076923,0,0,0,0,0,0.076923,0,0,0,0,0,0.076923,0,0,0,0,0,0,0.076923,0,0,0,0,0.076923,0,0,0,0,0,0,0,0.076923,0.076923,0,0.15385,0,0,0,0,0,0,0,0,0,0,0,0.076923,0,0,0,0,0,0,0.076923,0,0,0,0.15385,0,0
0.083333,0.041667,0,0.041667,0.041667,0.041667,0,0,0.083333,0.083333,0,0.041667,0,0.041667,0,0,0,0,0.041667,0,0.041667,0,0,0.041667,0,0,0,0,0,0.041667,0.041667,0,0,0,0,0,0,0,0,0,0,0,0,0,0,0,0.041667,0,0,0,0,0,0,0,0,0,0.041667,0.125,0,0,0.041667,0.041667,0,0
0.038462,0.038462,0,0.038462,0.11538,0,0,0,0,0.076923,0,0,0,0,0,0.038462,0.076923,0.038462,0,0.038462,0,0.038462,0,0,0,0,0.038462,0,0,0,0.038462,0,0,0,0.038462,0,0,0.038462,0,0,0,0,0,0.038462,0,0,0,0,0.038462,0,0,0.076923,0.076923,0,0,0,0,0,0,0,0.038462,0.038462,0,0
0,0.071429,0,0.071429,0,0,0.071429,0.071429,0,0,0,0,0.21429,0,0,0.071429,0,0,0,0.071429,0,0,0,0,0,0,0,0,0.071429,0,0,0,0,0,0,0,0,0,0,0,0,0,0,0,0,0,0,0,0,0,0,0,0.071429,0,0,0,0,0,0,0,0.071429,0.071429,0.071429,0
0.090909,0.030303,0,0,0.15152,0,0,0,0.030303,0.030303,0.030303,0.030303,0,0,0,0,0.060606,0.090909,0,0,0,0.030303,0.030303,0,0.030303,0.030303,0,0,0.030303,0,0,0,0,0,0,0,0,0,0,0,0.030303,0,0,0,0.030303,0,0.030303,0,0.030303,0.060606,0,0,0,0,0,0.030303,0,0,0,0.030303,0,0.030303,0,0.030303
0.10526,0,0,0.052632,0,0.052632,0,0,0.052632,0.052632,0.052632,0,0.10526,0,0,0.052632,0.052632,0.052632,0,0,0.052632,0,0,0,0.052632,0,0,0,0,0,0,0,0,0,0,0,0,0,0,0,0,0,0,0,0.052632,0,0,0,0,0,0,0,0,0,0.052632,0.052632,0,0,0,0.052632,0,0,0,0.052632
0.076923,0.038462,0.038462,0.038462,0,0,0,0.038462,0,0.076923,0,0,0.038462,0,0,0,0,0.038462,0.038462,0,0.038462,0.038462,0,0,0.076923,0,0.038462,0,0,0,0,0,0,0,0,0,0.076923,0,0.038462,0,0,0,0,0,0,0,0.038462,0.038462,0.038462,0,0,0,0,0.038462,0.038462,0,0,0,0,0,0.038462,0.038462,0,0
0,0,0,0,0,0,0,0,0,0,0,0,0.125,0,0,0,0,0,0.25,0,0,0,0,0,0.125,0,0,0,0,0,0,0,0,0,0.125,0,0,0,0,0,0,0,0,0,0,0,0,0,0,0,0,0,0,0,0,0,0,0,0.25,0,0,0,0,0.125
0,0.125,0.125,0.0625,0,0,0,0,0,0,0,0,0,0,0,0,0,0.0625,0,0,0,0,0,0.0625,0,0,0,0,0,0,0,0,0,0,0,0,0,0,0,0,0,0,0,0.0625,0.0625,0,0,0,0,0,0,0,0.0625,0,0,0,0.0625,0.0625,0,0.125,0,0,0,0.125
0.039216,0.019608,0,0.019608,0.019608,0,0.019608,0.019608,0.019608,0,0,0.019608,0,0.098039,0,0.039216,0.019608,0.019608,0.019608,0,0,0,0,0,0,0.019608,0,0.019608,0.019608,0,0,0,0.039216,0,0.058824,0,0.019608,0.078431,0.019608,0,0.039216,0.019608,0,0.019608,0,0,0.019608,0,0.039216,0.019608,0,0,0,0.019608,0.039216,0,0.019608,0.039216,0,0,0.039216,0.019608,0.019608,0
0.071429,0,0,0,0,0,0,0,0,0,0.14286,0,0,0,0,0,0.071429,0,0,0,0,0,0,0,0,0,0.071429,0.071429,0,0,0,0,0,0,0,0,0.071429,0.14286,0,0.071429,0,0.071429,0.071429,0,0,0,0,0,0,0,0.071429,0,0,0,0,0,0,0,0.071429,0,0,0,0,0
0,0,0,0,0,0,0.026316,0.026316,0,0,0,0.026316,0,0,0,0,0.052632,0.052632,0,0.026316,0.078947,0.026316,0.026316,0.026316,0,0,0,0.026316,0,0,0,0.078947,0.026316,0,0.052632,0,0.078947,0,0,0.026316,0,0,0,0,0,0.052632,0,0,0.026316,0,0,0,0.026316,0,0,0.078947,0,0,0,0,0.052632,0.026316,0.026316,0.052632
0,0,0.071429,0.071429,0,0,0,0,0.071429,0.071429,0,0,0,0.071429,0,0,0,0,0,0,0,0,0,0,0,0,0,0,0,0,0,0,0,0,0,0,0,0,0,0.071429,0.071429,0,0,0,0,0,0.14286,0,0,0,0,0,0,0,0.071429,0,0,0.071429,0.071429,0.071429,0,0,0.071429,0
0,0.04,0.04,0.04,0,0,0,0.04,0,0,0,0,0,0.04,0,0.04,0.08,0,0,0,0,0.04,0,0,0,0.04,0,0.04,0.04,0,0,0,0.04,0.04,0.04,0,0.04,0.04,0.08,0,0,0,0,0,0,0,0,0.04,0,0,0,0,0.04,0,0,0,0.04,0.04,0,0,0,0.08,0,0
0.064516,0.032258,0,0.032258,0.032258,0.032258,0.032258,0,0,0.064516,0,0,0.032258,0,0.032258,0.064516,0,0.064516,0,0.032258,0,0,0,0,0,0,0,0,0,0.032258,0,0,0.032258,0,0.032258,0,0,0,0,0,0,0.032258,0,0,0,0,0.032258,0,0.064516,0.032258,0,0.032258,0,0,0,0,0.032258,0.032258,0.032258,0,0.032258,0.032258,0.032258,0
0.028986,0.028986,0.014493,0.028986,0.014493,0,0.014493,0,0.014493,0.014493,0.014493,0.014493,0.072464,0.014493,0.014493,0.014493,0.014493,0.028986,0,0.028986,0,0.014493,0.028986,0,0.057971,0.014493,0,0.014493,0,0.028986,0.028986,0.014493,0.014493,0.014493,0,0.014493,0.072464,0.014493,0.028986,0,0,0,0,0,0.028986,0,0.043478,0,0.028986,0,0.014493,0.014493,0,0,0.014493,0.028986,0,0.014493,0,0.028986,0.014493,0.014493,0.014493,0
0,0.090909,0,0,0,0,0,0,0,0,0,0,0.090909,0,0,0,0,0,0,0,0,0,0,0.18182,0,0,0,0,0,0,0,0,0,0,0,0,0,0,0,0.090909,0,0,0,0,0,0,0,0,0,0,0,0,0,0.090909,0,0,0,0,0,0.090909,0,0.18182,0.090909,0.090909
0.071429,0.071429,0.071429,0,0.14286,0,0,0,0,0,0,0,0,0,0,0,0.071429,0,0,0,0,0,0,0,0,0,0,0,0,0,0,0,0.071429,0,0,0,0,0,0,0,0,0,0,0,0,0,0,0,0.071429,0,0,0.14286,0.071429,0,0,0,0,0.071429,0.071429,0,0.071429,0,0,0
0,0.1,0,0.1,0,0,0,0,0,0,0,0,0,0.1,0,0,0.1,0,0,0,0,0,0,0,0,0.1,0,0,0,0,0,0,0,0,0,0,0,0,0.2,0,0,0,0,0,0,0,0.1,0,0,0,0,0,0.1,0,0,0,0,0,0,0,0,0,0.1,0
0.04,0.04,0.04,0.04,0,0,0,0.04,0,0.04,0,0,0.12,0,0.04,0.04,0.08,0,0,0,0,0,0,0,0,0,0,0,0,0,0,0,0,0,0,0,0.08,0,0,0,0.04,0,0,0,0,0,0,0,0.08,0,0,0.04,0.04,0,0,0.04,0.04,0.04,0.04,0.04,0,0,0,0
0.14815,0,0,0.037037,0,0,0,0.037037,0.037037,0,0.037037,0,0.074074,0,0,0,0.037037,0,0,0.037037,0,0.037037,0,0,0.074074,0,0,0,0.037037,0,0,0,0.037037,0,0.074074,0,0,0,0.037037,0.074074,0,0,0,0,0.037037,0,0,0,0,0,0,0,0,0,0,0,0,0.037037,0.074074,0,0,0,0.037037,0
0.031746,0.047619,0.015873,0.015873,0.015873,0.015873,0,0,0,0.015873,0.031746,0,0.015873,0,0.031746,0,0.015873,0.063492,0.047619,0,0.063492,0.015873,0.015873,0.015873,0.047619,0.015873,0,0.031746,0,0,0,0,0.079365,0.015873,0.047619,0,0.031746,0.031746,0.015873,0,0.031746,0.047619,0,0,0,0.015873,0.015873,0,0.015873,0,0,0,0,0.015873,0,0,0,0.031746,0,0,0.031746,0,0,0
0,0,0,0,0.090909,0.18182,0,0,0,0.090909,0.090909,0,0,0,0,0,0,0.090909,0,0,0.090909,0,0,0,0,0,0.090909,0,0,0,0.090909,0,0,0,0,0,0,0.090909,0,0,0,0,0,0,0,0,0,0,0.090909,0,0,0,0,0,0,0,0,0,0,0,0,0,0,0
0.14286,0,0,0.057143,0,0.028571,0,0,0,0.028571,0,0.057143,0.057143,0.028571,0,0.057143,0.057143,0.057143,0.028571,0,0,0,0,0,0,0,0,0.028571,0,0,0,0.028571,0,0.028571,0.028571,0,0.028571,0,0.028571,0,0,0,0.028571,0,0,0,0,0.028571,0.028571,0,0,0,0.057143,0,0.028571,0,0,0,0,0,0,0.028571,0,0.028571
0.087912,0.010989,0.021978,0.010989,0.010989,0.021978,0.032967,0,0.043956,0.021978,0.010989,0,0.043956,0.010989,0,0.021978,0.087912,0,0.043956,0.021978,0.010989,0,0.032967,0.010989,0.021978,0.021978,0,0,0,0,0,0.010989,0.021978,0.032967,0.054945,0,0,0,0.010989,0,0,0.010989,0.010989,0,0,0.010989,0.010989,0.010989,0.043956,0,0.010989,0,0,0,0.021978,0,0.010989,0.032967,0,0,0.010989,0.021978,0.021978,0.032967
0,0,0,0,0,0.125,0,0,0,0,0,0,0,0,0.25,0,0,0,0,0,0,0,0,0.125,0,0,0.25,0,0,0,0,0,0,0,0,0,0,0,0,0,0,0,0,0,0,0,0,0,0,0,0,0,0,0,0.125,0,0,0.125,0,0,0,0,0,0
0,0,0,0,0,0,0,0.11765,0,0,0,0,0,0,0,0.058824,0,0,0,0,0,0,0.11765,0,0.058824,0.058824,0,0,0,0,0,0,0,0,0,0,0,0,0,0.11765,0.11765,0,0,0,0,0,0,0,0,0,0,0,0,0,0.11765,0.058824,0,0,0,0.058824,0,0,0.058824,0.058824
0.083333,0.041667,0.083333,0,0,0,0,0,0,0.083333,0,0,0.083333,0,0.041667,0,0,0,0.041667,0,0,0,0.041667,0,0,0,0,0,0.041667,0,0.083333,0,0.041667,0,0,0,0.041667,0.041667,0,0.041667,0,0,0,0,0.041667,0,0,0,0.041667,0.041667,0,0,0,0,0,0,0,0.041667,0.041667,0,0,0,0,0
0.065217,0.021739,0.021739,0.021739,0.086957,0,0.021739,0.021739,0.065217,0.021739,0,0,0.021739,0,0.021739,0,0,0.043478,0,0.021739,0,0,0,0,0.021739,0,0,0,0,0,0.021739,0.043478,0.021739,0,0.043478,0,0.021739,0,0.065217,0,0,0,0.021739,0,0.043478,0.043478,0,0,0.021739,0.021739,0.021739,0,0.021739,0,0,0,0.021739,0,0.021739,0.021739,0,0.043478,0,0
0.027027,0.013514,0.013514,0.013514,0.054054,0.013514,0.013514,0.013514,0.013514,0,0,0,0.027027,0,0.013514,0.027027,0.054054,0.027027,0,0,0.027027,0.027027,0.013514,0,0,0.027027,0.013514,0,0.013514,0.067568,0.027027,0,0.027027,0.013514,0.027027,0,0.013514,0.054054,0.013514,0.040541,0,0,0.013514,0,0,0,0.040541,0.027027,0,0.013514,0.013514,0,0,0,0,0.040541,0.013514,0.040541,0,0.013514,0,0.013514,0.027027,0.013514
0.1,0.033333,0,0,0.033333,0,0.033333,0,0.1,0.033333,0,0.033333,0,0,0.033333,0,0,0,0,0,0.033333,0,0,0,0.066667,0.1,0.033333,0,0,0.033333,0,0,0,0,0.033333,0,0,0.033333,0.033333,0,0.033333,0.033333,0,0,0,0,0.066667,0,0,0,0,0.033333,0,0,0,0.033333,0.033333,0,0,0,0,0,0,0
0.054545,0.018182,0.054545,0,0.054545,0,0.018182,0.018182,0.036364,0.054545,0,0.018182,0,0.018182,0,0,0.036364,0.018182,0.018182,0,0,0,0.018182,0,0.018182,0.018182,0,0.018182,0.018182,0.018182,0.018182,0.018182,0.036364,0,0.036364,0,0.036364,0,0,0,0.036364,0.036364,0,0.018182,0.036364,0.018182,0.018182,0,0,0,0,0,0.018182,0,0.036364,0.018182,0,0.054545,0,0,0,0.018182,0,0.018182
0.052632,0.078947,0.026316,0.026316,0.026316,0,0.052632,0,0.026316,0.078947,0,0,0,0.026316,0,0,0.13158,0,0.026316,0,0.026316,0.026316,0.026316,0,0.026316,0,0,0,0.026316,0,0,0.026316,0.052632,0,0.026316,0,0,0.026316,0.026316,0,0,0.026316,0,0,0,0,0,0.026316,0,0,0,0.026316,0.026316,0,0.026316,0,0,0,0,0,0.026316,0,0,0
0,0,0,0,0.090909,0,0,0,0.045455,0,0,0.045455,0.045455,0.045455,0,0.045455,0,0,0,0.045455,0.045455,0,0,0,0,0,0,0.045455,0,0,0.045455,0,0,0,0,0,0.090909,0,0,0,0,0,0,0,0.045455,0.045455,0,0,0,0,0,0.045455,0.090909,0.045455,0.045455,0,0,0,0,0,0,0,0,0.090909
0.043478,0,0.043478,0,0,0.043478,0,0,0.043478,0.043478,0,0,0,0,0,0,0.086957,0.043478,0,0,0.043478,0,0,0,0.043478,0,0.13043,0,0.043478,0,0,0,0,0,0,0.043478,0.043478,0,0.043478,0,0,0,0,0,0,0,0,0,0.043478,0,0,0,0,0.043478,0,0,0.043478,0,0.043478,0,0,0,0.043478,0.043478
0,0,0,0,0.043478,0,0,0,0.043478,0.043478,0,0,0.043478,0.086957,0,0,0,0,0.043478,0,0,0,0,0,0,0.086957,0,0,0,0,0,0,0,0.043478,0,0.043478,0,0.086957,0,0,0,0,0,0,0,0,0,0,0.086957,0.043478,0,0.043478,0.043478,0.043478,0.086957,0,0.043478,0.043478,0,0,0,0,0,0
0,0,0,0,0,0.090909,0,0,0,0,0,0,0.18182,0,0,0,0.090909,0.18182,0,0,0,0.090909,0.090909,0,0,0,0,0,0,0,0,0,0,0,0,0,0,0,0,0,0,0,0,0,0.090909,0,0,0,0,0,0,0.090909,0,0.090909,0,0,0,0,0,0,0,0,0,0
0.090909,0,0,0.090909,0,0,0,0.090909,0.090909,0,0,0,0,0,0.090909,0,0,0,0,0,0,0.090909,0,0,0,0.18182,0,0,0,0,0,0,0.090909,0,0,0,0,0,0,0,0,0.090909,0,0,0,0,0,0,0,0,0,0,0,0,0,0,0,0,0,0,0,0.090909,0,0
0.15789,0.10526,0.052632,0,0.10526,0,0,0,0,0,0,0.052632,0,0,0.052632,0,0,0,0.052632,0,0,0,0,0,0,0,0,0,0,0,0,0,0,0,0,0,0,0,0,0,0.052632,0,0,0,0.052632,0,0,0,0.052632,0.052632,0,0,0.052632,0,0,0,0,0.10526,0,0.052632,0,0,0,0
0.030303,0.030303,0,0.060606,0.030303,0,0,0,0.030303,0.030303,0,0,0,0.090909,0,0.030303,0.12121,0,0,0,0.030303,0,0,0,0.030303,0.030303,0,0.030303,0.030303,0,0,0,0,0.060606,0,0.030303,0,0,0.030303,0,0.060606,0,0,0,0,0,0,0.030303,0,0.030303,0,0.030303,0,0,0,0,0,0,0.060606,0,0.030303,0,0.030303,0
0,0.011905,0.011905,0.02381,0.02381,0.047619,0.011905,0,0.02381,0.059524,0.02381,0.011905,0,0.02381,0.035714,0,0.02381,0.02381,0.011905,0.011905,0.02381,0.02381,0.011905,0,0.011905,0.011905,0,0.011905,0,0,0.011905,0.011905,0,0.02381,0.047619,0,0.02381,0.035714,0.011905,0.011905,0,0.02381,0.011905,0,0,0.011905,0.02381,0.02381,0,0.02381,0.011905,0.011905,0.011905,0.011905,0,0.011905,0.035714,0.011905,0.02381,0.035714,0.011905,0,0.035714,0.011905
0.15789,0.052632,0,0.052632,0.052632,0,0,0,0.052632,0,0,0,0,0,0.10526,0,0,0,0,0,0,0,0,0,0.052632,0,0,0,0.052632,0.052632,0,0,0,0,0,0,0,0,0,0.052632,0,0,0,0,0,0,0,0.052632,0.052632,0,0.052632,0,0,0,0,0,0,0.052632,0,0.052632,0.052632,0,0,0
0,0.034483,0.034483,0,0.068966,0,0,0.034483,0,0,0,0,0,0.068966,0,0.034483,0,0,0,0,0.10345,0.034483,0,0,0,0,0,0,0,0,0,0.034483,0.034483,0.034483,0.034483,0,0.068966,0.034483,0.034483,0,0.034483,0,0,0,0,0,0.034483,0,0,0.034483,0.034483,0,0.034483,0.034483,0.034483,0,0,0,0,0,0,0,0,0.068966
0,0,0,0.15385,0,0,0,0,0,0,0,0,0,0,0,0.076923,0,0,0,0,0.076923,0,0,0,0,0.076923,0,0,0.076923,0,0,0,0,0,0,0,0,0,0,0,0,0,0,0,0,0,0.076923,0.076923,0,0,0,0.076923,0,0,0.076923,0,0,0.076923,0,0.076923,0,0,0,0.076923
0,0,0.058824,0,0,0,0,0,0,0,0,0,0,0,0,0,0,0,0,0,0.058824,0,0,0,0,0,0,0.058824,0,0,0.058824,0,0,0,0.058824,0.058824,0,0,0.11765,0,0.058824,0.058824,0.058824,0,0,0.058824,0,0,0.058824,0,0,0,0,0,0.058824,0,0,0,0,0.11765,0,0,0.058824,0
0.15686,0.019608,0.019608,0,0.11765,0,0,0,0,0.019608,0,0.058824,0.019608,0,0.039216,0,0,0.019608,0,0,0.019608,0,0,0,0.019608,0,0,0,0,0.039216,0,0,0,0,0,0,0.019608,0.019608,0.039216,0,0.019608,0.019608,0,0,0.039216,0,0.058824,0.019608,0.019608,0,0,0,0.019608,0,0.019608,0.039216,0,0,0.019608,0.019608,0.019608,0,0.019608,0.039216
0.021277,0.021277,0.021277,0.021277,0.021277,0.06383,0,0,0.021277,0,0,0.021277,0,0.021277,0,0,0.021277,0.06383,0.042553,0.14894,0,0,0.021277,0,0,0.042553,0.021277,0,0.021277,0,0.021277,0,0,0.021277,0,0.021277,0.06383,0.021277,0.021277,0.021277,0,0,0,0,0,0.021277,0,0,0.021277,0,0,0.042553,0,0,0,0,0.021277,0,0,0,0,0,0.06383,0.021277
0,0,0,0,0,0,0,0,0,0,0,0,0,0,0,0.083333,0.16667,0,0,0,0,0,0,0,0,0.083333,0.083333,0,0,0,0,0,0,0,0,0,0,0,0,0,0,0,0,0,0,0,0.083333,0.083333,0,0,0,0,0,0,0,0,0,0,0.083333,0.083333,0,0.083333,0.083333,0.083333
0,0,0,0,0,0,0,0,0,0,0,0,0,0,0,0,0,0,0.090909,0,0,0.090909,0,0,0,0,0,0,0,0,0,0,0.090909,0,0,0,0,0,0,0.090909,0,0,0,0,0,0.090909,0,0,0,0,0,0,0.090909,0,0,0,0,0.090909,0,0,0,0.090909,0.090909,0.18182
0.125,0,0,0.041667,0.041667,0.041667,0,0,0,0,0,0,0.083333,0,0,0,0.16667,0,0,0,0,0,0.041667,0,0,0,0,0,0.041667,0,0,0,0,0,0.041667,0,0.041667,0.041667,0,0,0,0,0,0,0,0,0.041667,0,0.083333,0,0,0.041667,0,0,0,0,0,0,0.041667,0.041667,0,0,0,0.041667
0.027778,0.027778,0,0.083333,0,0.055556,0,0,0,0.027778,0,0,0,0.027778,0.027778,0,0,0,0.027778,0.055556,0.027778,0.055556,0,0,0.055556,0.027778,0,0.027778,0,0.027778,0.027778,0.027778,0.027778,0,0,0,0.027778,0,0,0.027778,0,0,0,0,0,0,0,0,0.027778,0,0,0.083333,0,0,0.027778,0,0,0.027778,0.027778,0,0.027778,0.027778,0,0.027778
0,0,0,0,0,0,0,0,0,0,0,0,0,0,0,0,0,0,0,0,0.055556,0,0,0,0.055556,0.055556,0,0,0,0,0,0,0.055556,0.055556,0,0.055556,0,0,0,0,0.055556,0,0,0,0.055556,0.11111,0,0,0,0,0,0,0,0.055556,0,0,0,0.11111,0.11111,0,0,0.055556,0.11111,0
0.03125,0,0,0,0.03125,0,0,0,0,0,0,0.03125,0.03125,0,0,0,0.03125,0,0,0,0,0,0,0,0.03125,0.03125,0,0.0625,0.03125,0,0.03125,0,0.125,0,0,0,0.0625,0.03125,0,0.03125,0,0.03125,0,0.03125,0,0,0.03125,0.03125,0,0.03125,0,0,0,0.03125,0.03125,0,0.0625,0.0625,0.03125,0,0,0.03125,0,0
0.041667,0.041667,0,0,0.041667,0,0.041667,0,0,0,0,0,0.041667,0,0.083333,0,0,0.041667,0.041667,0.041667,0,0.041667,0,0.083333,0,0.041667,0,0,0.041667,0,0,0,0,0,0,0,0,0.041667,0,0.041667,0,0,0,0,0,0,0,0,0,0.041667,0.041667,0,0,0,0.041667,0,0.041667,0.083333,0,0,0,0,0,0.041667
0.014706,0,0.029412,0,0.014706,0.044118,0.014706,0.044118,0,0.058824,0.014706,0,0,0.029412,0,0.014706,0.029412,0.044118,0,0.029412,0.014706,0,0,0.014706,0.029412,0,0.014706,0.029412,0,0,0,0,0.014706,0.044118,0.014706,0.058824,0.014706,0.014706,0.014706,0,0.029412,0.044118,0,0,0,0.014706,0.058824,0,0.014706,0.029412,0.029412,0,0.014706,0.029412,0,0,0.029412,0,0,0,0,0,0.029412,0.014706
0.12903,0,0,0,0,0,0.032258,0,0.032258,0,0.032258,0,0,0,0,0,0.032258,0,0,0.032258,0,0,0,0,0,0,0.032258,0,0.032258,0.032258,0.032258,0,0,0,0,0.032258,0,0.032258,0.032258,0,0,0.032258,0,0,0,0,0,0,0.032258,0,0.064516,0.032258,0,0.032258,0,0,0,0.032258,0,0.064516,0.032258,0,0.096774,0.064516
0,0,0,0,0.090909,0,0,0,0,0,0,0,0,0,0,0,0,0,0,0,0,0,0,0,0,0.090909,0,0,0,0,0,0,0,0.090909,0,0,0,0.18182,0,0,0,0,0,0,0,0.18182,0,0,0,0,0,0,0,0,0,0.090909,0.18182,0.090909,0,0,0,0,0,0
0.066667,0.066667,0,0,0,0,0,0,0,0,0,0.066667,0,0,0,0.066667,0,0,0.066667,0,0,0,0,0,0,0,0.066667,0,0,0,0.066667,0.066667,0.066667,0.066667,0,0,0,0.066667,0,0,0,0.13333,0,0,0.066667,0,0,0,0,0,0,0,0,0,0,0,0,0,0.066667,0,0,0,0,0
0,0.04,0,0,0,0,0,0,0,0.08,0,0,0.12,0.08,0,0.04,0.04,0.04,0.04,0.04,0,0,0,0,0.04,0,0,0,0,0.04,0,0.04,0.04,0,0,0,0,0.04,0,0,0.04,0.04,0,0,0,0,0,0,0,0,0,0.08,0,0,0.04,0,0.04,0.04,0,0,0,0,0,0
0.04,0,0.04,0,0.02,0,0.02,0.02,0,0.02,0,0.02,0,0,0,0,0.02,0,0,0,0.02,0,0,0,0,0,0.02,0.02,0,0,0,0.02,0,0.02,0,0,0.06,0.04,0.02,0.02,0.02,0,0,0,0,0.06,0.1,0,0,0,0.02,0.02,0.02,0,0.04,0.04,0.04,0.02,0,0.08,0.02,0.02,0.02,0.04
0,0,0,0,0,0,0.083333,0,0,0,0,0,0,0,0.083333,0,0.16667,0,0,0.083333,0,0,0,0,0.083333,0,0,0.083333,0,0,0,0,0.083333,0,0,0,0,0.083333,0,0,0,0,0,0,0,0,0.083333,0,0.083333,0,0,0,0,0,0,0,0.083333,0,0,0,0,0,0,0
0.066667,0,0,0,0,0,0,0,0,0,0,0,0,0.066667,0,0,0,0,0.066667,0,0,0,0,0,0.066667,0,0.066667,0,0,0,0,0.066667,0,0,0,0,0,0,0,0,0,0,0,0,0,0,0.066667,0,0,0,0,0,0.066667,0,0,0.13333,0,0.066667,0,0.066667,0,0.066667,0.066667,0.066667
0.055556,0,0,0,0,0,0,0,0.055556,0,0,0,0,0,0,0,0.055556,0,0,0,0,0,0,0,0,0.055556,0,0.055556,0,0,0,0,0,0,0.055556,0,0.055556,0,0,0,0,0,0,0.055556,0.11111,0,0,0,0.055556,0,0.055556,0.055556,0.11111,0,0.055556,0,0,0,0,0,0,0,0.055556,0.055556
0,0,0,0,0,0,0,0,0,0,0,0.066667,0,0,0,0,0,0.066667,0,0,0,0,0,0,0,0,0,0,0.066667,0,0.066667,0,0,0,0,0,0,0,0,0.066667,0,0,0,0,0,0,0,0.2,0,0.066667,0,0,0,0,0.066667,0,0.066667,0,0,0,0.066667,0,0.066667,0.13333
0,0,0,0,0.0625,0,0,0,0,0,0,0,0,0.0625,0,0,0,0,0.0625,0,0.125,0,0,0,0,0.0625,0,0.125,0,0,0.0625,0,0.0625,0.0625,0,0,0,0,0,0,0,0,0,0.0625,0,0,0,0,0,0,0,0.125,0,0,0,0,0.0625,0.0625,0,0,0,0,0,0
0.14286,0,0.035714,0,0,0.071429,0,0.035714,0,0,0.035714,0,0.071429,0,0.035714,0,0.035714,0,0,0,0,0,0,0,0.071429,0.035714,0,0.035714,0.035714,0,0,0,0.071429,0.035714,0,0,0,0,0,0,0,0,0.035714,0,0,0,0,0,0.10714,0,0,0,0.035714,0,0,0.071429,0,0,0,0,0,0,0,0
0.014085,0.028169,0.028169,0.014085,0.014085,0.014085,0.014085,0,0.014085,0,0.028169,0.014085,0.014085,0.042254,0,0.014085,0.028169,0.014085,0.028169,0.014085,0.014085,0.014085,0,0,0.028169,0,0.028169,0.014085,0,0,0.014085,0,0,0,0.042254,0.014085,0.014085,0.014085,0.042254,0,0,0.028169,0.028169,0.042254,0.014085,0,0.098592,0.014085,0,0.028169,0,0.014085,0,0.014085,0,0,0.014085,0.014085,0.056338,0,0.014085,0,0.028169,0.014085
0,0,0,0.01087,0.043478,0.032609,0.043478,0,0.021739,0.043478,0.021739,0.021739,0.043478,0,0.021739,0.01087,0.01087,0.065217,0.01087,0.01087,0.021739,0,0.01087,0.032609,0,0.01087,0.043478,0.021739,0,0.01087,0.01087,0.021739,0.01087,0.021739,0,0,0.021739,0.021739,0,0.021739,0,0.01087,0.032609,0,0.01087,0.01087,0.01087,0,0,0.032609,0,0.01087,0,0.021739,0.021739,0.01087,0.032609,0.021739,0.01087,0.01087,0.01087,0.01087,0.032609,0
0.046512,0.023256,0,0.023256,0.046512,0,0.023256,0.023256,0,0,0.023256,0.069767,0,0,0.023256,0.023256,0,0.023256,0.023256,0.023256,0.023256,0.046512,0.023256,0.023256,0.023256,0,0.023256,0,0,0.046512,0,0,0,0.023256,0,0,0.023256,0.046512,0,0.023256,0.046512,0.023256,0,0.023256,0,0.023256,0.023256,0,0,0,0,0,0.023256,0,0,0.023256,0.023256,0,0.023256,0,0,0,0.023256,0.023256
0,0,0,0,0,0,0,0.090909,0,0,0,0,0,0,0.090909,0,0,0,0,0,0,0,0.090909,0,0,0,0,0,0.090909,0,0,0.090909,0,0,0,0,0,0,0,0,0,0,0,0,0,0,0,0,0,0,0,0,0,0,0,0,0.090909,0,0,0.18182,0.090909,0,0.090909,0.090909
0,0,0.1,0,0.1,0,0,0,0,0,0,0,0,0,0,0,0,0,0,0,0.1,0,0,0,0,0,0,0,0,0,0,0,0.1,0.1,0,0,0,0,0,0,0.1,0,0,0,0,0,0.2,0,0.1,0,0,0,0,0,0,0,0,0,0,0,0,0,0,0.1
0.064516,0,0,0,0.032258,0.032258,0,0.032258,0.064516,0.032258,0,0.032258,0,0,0.032258,0,0.096774,0.064516,0.064516,0,0.032258,0,0,0,0,0,0.032258,0,0,0,0,0,0,0,0,0,0.032258,0.032258,0,0,0.032258,0.032258,0.032258,0.032258,0.032258,0,0,0.032258,0.096774,0,0,0,0,0,0,0,0,0.032258,0,0,0,0,0,0
0.08,0.04,0,0.04,0,0,0.04,0,0,0,0,0,0.08,0.04,0,0,0,0,0,0.04,0.04,0,0,0,0.04,0.04,0,0,0.04,0.04,0,0,0,0,0,0,0,0.04,0,0,0,0,0,0,0,0,0.04,0.04,0.04,0.08,0,0.04,0.04,0.04,0,0.04,0,0,0.04,0,0,0,0,0
0.05,0.025,0.025,0,0.05,0,0.025,0,0.025,0.025,0.05,0,0,0.025,0.025,0.025,0.05,0.05,0,0.05,0,0,0.025,0,0,0.025,0,0.025,0.05,0,0,0,0,0,0,0,0.05,0.05,0,0.025,0,0,0.025,0,0,0,0,0,0.025,0,0,0.05,0,0.025,0,0,0.025,0.025,0.025,0.025,0,0,0,0.025
0.14286,0.071429,0,0.071429,0,0.071429,0,0,0,0,0,0,0,0,0,0,0,0,0,0,0,0,0,0,0,0,0.071429,0.071429,0,0,0,0,0,0,0,0,0.071429,0,0,0,0,0,0,0,0,0,0.071429,0,0,0,0,0,0,0.071429,0,0,0,0,0,0,0,0.071429,0.071429,0.14286
0,0,0,0.058824,0,0,0,0.058824,0,0,0,0,0.058824,0,0,0.058824,0,0.11765,0,0.058824,0,0,0.058824,0,0,0,0.058824,0,0.058824,0,0,0,0,0,0,0.058824,0.058824,0,0,0,0,0,0,0,0,0,0,0,0,0.11765,0,0,0,0,0,0.058824,0,0,0,0.058824,0,0.058824,0,0
0,0,0,0,0.052632,0,0.052632,0,0.052632,0,0,0.052632,0,0.052632,0.052632,0.15789,0,0,0,0,0.052632,0,0,0,0.10526,0,0,0,0,0,0.052632,0,0,0,0,0,0.052632,0,0.052632,0,0,0,0,0,0,0.052632,0,0,0,0,0,0.052632,0.052632,0,0,0,0,0,0,0.052632,0,0,0,0
0,0,0,0.083333,0.083333,0,0,0,0,0,0,0,0,0,0.083333,0,0.083333,0,0.083333,0,0,0,0,0,0,0.16667,0,0,0.083333,0,0,0,0,0,0,0,0,0,0.083333,0,0,0,0,0,0,0,0,0,0,0,0,0,0.083333,0,0,0,0,0.083333,0,0,0.083333,0,0,0
0.066667,0,0,0.066667,0.066667,0,0,0.1,0.033333,0,0.033333,0,0,0.033333,0.1,0,0.033333,0,0,0,0,0.033333,0,0.033333,0,0,0.033333,0,0,0,0,0,0.033333,0,0,0,0.033333,0,0,0.033333,0,0,0,0,0,0,0,0,0,0,0,0,0.033333,0.033333,0,0,0,0.033333,0,0.033333,0.033333,0.033333,0.033333,0.033333
0.045455,0.022727,0,0.045455,0,0.022727,0,0,0,0,0,0.022727,0,0.022727,0.022727,0.090909,0.022727,0.022727,0,0.022727,0.045455,0,0,0,0.022727,0,0,0,0.045455,0,0,0.045455,0.022727,0,0,0,0.045455,0,0,0,0.022727,0.022727,0,0,0,0,0.022727,0.022727,0.022727,0,0.022727,0.022727,0.045455,0.022727,0.022727,0,0.022727,0.022727,0,0.045455,0,0.022727,0.022727,0.022727
0.083333,0,0,0,0,0,0,0,0,0.083333,0,0,0.083333,0,0,0.083333,0,0,0,0.083333,0,0.16667,0,0,0,0,0,0,0,0,0,0,0,0,0,0,0,0,0,0,0.083333,0,0,0.083333,0,0,0,0,0,0,0,0,0,0.083333,0,0,0.083333,0,0,0,0,0,0.083333,0
0,0,0,0.035714,0,0,0,0.035714,0,0.035714,0,0,0,0,0,0,0,0,0.035714,0,0.035714,0.035714,0,0,0.035714,0,0,0.035714,0,0,0.071429,0.035714,0,0,0.035714,0,0,0.071429,0.035714,0.071429,0,0,0,0.035714,0.035714,0,0.035714,0.035714,0,0,0,0,0,0,0,0.035714,0.035714,0.035714,0,0,0,0.071429,0.071429,0
0,0,0,0,0,0.035714,0,0.035714,0,0,0,0,0.035714,0.035714,0.035714,0,0.035714,0,0,0.071429,0,0,0,0.071429,0,0,0.035714,0.071429,0.035714,0,0.035714,0,0,0.035714,0,0,0.035714,0,0,0,0,0,0,0,0,0,0,0,0.035714,0,0,0,0,0,0.071429,0,0,0.035714,0.035714,0,0,0.10714,0.10714,0
0,0,0,0,0.090909,0,0,0.090909,0,0,0,0,0,0,0,0.090909,0,0,0,0,0.090909,0,0,0,0,0,0,0,0,0,0,0.090909,0,0,0,0,0,0,0.090909,0,0,0,0,0,0,0,0.27273,0,0,0.090909,0,0,0,0,0,0,0,0,0,0,0.090909,0,0,0
0.041667,0,0.020833,0,0.041667,0,0,0,0.020833,0.041667,0,0.020833,0.0625,0.041667,0,0,0.041667,0,0,0.020833,0.020833,0,0.020833,0,0,0,0,0,0,0,0,0.020833,0.0625,0,0.020833,0,0.083333,0.020833,0,0.020833,0,0,0,0,0,0.020833,0,0,0,0,0.041667,0.020833,0.10417,0.020833,0.020833,0,0.020833,0,0.041667,0.020833,0,0,0.041667,0.020833
0,0,0,0,0,0,0.090909,0,0,0,0,0,0,0,0,0,0.090909,0,0,0,0,0,0,0,0,0,0,0,0,0,0.090909,0.18182,0,0,0,0.090909,0.090909,0,0,0,0.090909,0,0,0,0,0,0,0,0,0,0,0,0,0,0.090909,0,0,0,0.090909,0,0,0,0,0.090909
0,0,0,0,0.035714,0,0,0,0.035714,0.035714,0,0,0.071429,0.035714,0.035714,0,0,0,0.035714,0.035714,0,0,0.035714,0,0.071429,0.035714,0.035714,0.035714,0.035714,0,0.035714,0,0,0,0.071429,0,0.035714,0.035714,0,0.035714,0,0.035714,0,0,0,0,0,0.035714,0,0,0,0,0,0,0.035714,0,0,0,0.035714,0,0.035714,0,0,0.035714
0,0,0.038462,0,0,0.038462,0,0.076923,0.076923,0.038462,0,0,0.038462,0,0.038462,0,0.038462,0.076923,0,0,0,0,0,0,0,0,0.038462,0,0,0,0,0.038462,0.038462,0,0.038462,0,0,0,0,0.038462,0,0.076923,0.038462,0,0,0,0,0,0,0,0.076923,0,0,0.038462,0,0,0.038462,0,0,0,0.038462,0.038462,0,0
0.23077,0,0.076923,0,0.076923,0.076923,0.076923,0,0,0.076923,0,0,0,0.076923,0,0,0,0,0,0,0,0,0,0,0,0,0,0,0,0,0,0,0.076923,0,0,0,0,0,0,0,0,0,0,0,0,0,0.076923,0,0,0,0,0,0,0.076923,0,0,0,0,0,0,0,0,0,0.076923
0,0.016949,0,0.050847,0.033898,0.033898,0,0,0,0,0.033898,0.016949,0,0.033898,0.016949,0,0.050847,0.11864,0.10169,0.033898,0.016949,0.016949,0.016949,0.016949,0,0.050847,0.033898,0,0,0.016949,0,0,0,0.016949,0,0,0.016949,0,0.016949,0.016949,0,0.033898,0.016949,0,0.016949,0,0.016949,0,0,0.016949,0,0,0,0,0,0,0.050847,0.016949,0.016949,0,0,0.016949,0.016949,0
0,0,0.038462,0,0,0,0,0,0,0.038462,0,0,0.038462,0.038462,0.038462,0,0.038462,0.038462,0,0,0.076923,0,0,0.076923,0.038462,0,0.038462,0,0.076923,0,0,0.038462,0,0,0,0,0,0,0,0.038462,0,0.11538,0.038462,0,0.076923,0,0,0.038462,0.038462,0,0,0,0,0,0,0,0,0.038462,0,0,0,0,0,0
0.035714,0,0,0.035714,0.035714,0,0,0,0.035714,0.071429,0,0,0.071429,0,0,0.035714,0,0,0,0,0,0,0.035714,0,0.071429,0,0,0,0,0,0,0.035714,0.035714,0.035714,0,0,0,0,0,0,0,0,0,0,0.035714,0,0,0,0.071429,0,0,0.071429,0.035714,0,0.071429,0,0.035714,0.035714,0,0,0.035714,0,0.071429,0
0.05,0.05,0,0.05,0,0,0,0.05,0,0,0,0,0,0,0,0,0,0,0,0,0,0.05,0.05,0.05,0,0,0,0,0,0,0,0.05,0,0,0,0,0,0.05,0,0,0.05,0,0.05,0,0,0,0,0,0.05,0,0,0,0.05,0.05,0,0,0.1,0,0,0,0,0.1,0,0.1
0,0,0.045455,0.090909,0.090909,0,0,0,0,0,0,0,0.045455,0.045455,0,0.045455,0.090909,0,0.045455,0,0,0,0.045455,0,0,0,0,0,0.045455,0,0,0,0,0,0,0,0,0,0,0,0.045455,0,0,0,0,0,0,0,0,0.045455,0,0.090909,0,0,0.045455,0.045455,0,0,0,0.045455,0,0,0.045455,0.045455
0,0,0.035088,0.052632,0.017544,0,0.017544,0.017544,0,0,0,0.052632,0.035088,0,0.052632,0.035088,0.035088,0,0.017544,0.017544,0.017544,0.017544,0,0,0.017544,0,0,0.035088,0.017544,0.017544,0.035088,0,0,0,0,0,0,0,0.017544,0,0.035088,0,0,0,0.017544,0,0.052632,0,0.017544,0.017544,0,0.052632,0,0.017544,0.017544,0,0.035088,0.017544,0,0.052632,0.035088,0,0.017544,0.052632
0,0,0,0,0.083333,0,0,0,0,0,0,0,0,0,0,0,0,0,0,0,0.16667,0,0,0,0,0,0,0,0,0,0,0,0.083333,0,0.083333,0.083333,0.083333,0,0,0,0.083333,0,0.16667,0,0,0,0,0,0,0,0.083333,0,0,0,0,0,0,0,0,0,0.083333,0,0,0
0,0,0,0,0,0,0.066667,0,0.066667,0,0,0,0,0,0,0,0,0,0,0,0.13333,0,0.066667,0.066667,0,0,0,0,0,0,0.13333,0,0,0.13333,0,0,0.066667,0,0,0,0,0,0,0,0.066667,0,0,0,0,0,0,0,0,0.066667,0,0,0.066667,0,0,0,0,0,0.066667,0
0.074074,0.037037,0,0.037037,0,0,0.037037,0,0,0,0,0,0.037037,0,0,0.037037,0,0,0,0,0,0,0,0,0.037037,0.074074,0,0,0,0,0,0,0,0,0,0.037037,0,0,0,0.037037,0,0.037037,0,0.037037,0,0,0.074074,0,0,0.037037,0,0,0,0,0,0,0.037037,0.037037,0.037037,0,0.037037,0.037037,0.074074,0.11111
0.090909,0,0,0,0,0,0,0,0.090909,0,0,0,0,0,0.090909,0,0,0,0,0,0,0,0,0,0,0,0,0,0,0,0,0.090909,0,0,0,0,0,0,0,0,0,0,0,0,0.090909,0,0.090909,0,0,0,0,0,0,0,0,0.18182,0,0,0,0,0,0.090909,0.090909,0.090909
0.043478,0.043478,0.028986,0.014493,0.014493,0,0,0,0,0.028986,0.014493,0,0.014493,0.028986,0.028986,0,0.014493,0.014493,0.028986,0,0.014493,0.014493,0,0,0.043478,0.014493,0.028986,0,0,0,0.028986,0.028986,0,0.014493,0.014493,0,0,0,0.014493,0,0.028986,0.014493,0.014493,0,0.014493,0.014493,0,0,0.014493,0.014493,0,0.028986,0.028986,0.014493,0.014493,0,0.057971,0.043478,0,0.028986,0.028986,0.043478,0.028986,0.028986
0.16,0,0.04,0.08,0.04,0,0,0,0.04,0,0,0,0,0,0,0,0,0.08,0,0.04,0,0,0,0,0,0,0,0,0.04,0,0,0,0,0,0,0,0.04,0,0,0.04,0.04,0,0,0,0,0.08,0,0,0.04,0,0,0.04,0.08,0,0,0.04,0,0.04,0,0.04,0,0,0,0
0,0,0,0,0.0625,0,0,0,0,0,0,0,0,0,0,0.125,0,0,0,0,0,0,0,0,0,0.0625,0,0,0,0,0,0,0,0,0,0,0,0,0,0.0625,0,0,0,0.0625,0.0625,0.125,0,0,0,0,0,0.0625,0,0,0.0625,0,0,0.0625,0.0625,0,0,0.125,0,0.0625
0.16216,0,0.027027,0.054054,0.027027,0.027027,0.054054,0,0,0,0,0.027027,0.054054,0.054054,0.027027,0.027027,0.027027,0,0.027027,0,0.027027,0,0,0,0.054054,0,0.054054,0,0,0,0,0,0.027027,0,0,0,0.054054,0,0.027027,0.027027,0.027027,0,0,0,0,0,0,0,0.027027,0.027027,0,0,0,0,0,0,0.027027,0,0,0,0.027027,0,0,0
0.023256,0.13953,0.023256,0.023256,0.069767,0.046512,0.023256,0.023256,0.046512,0,0.023256,0,0,0,0,0.023256,0.046512,0.023256,0,0,0.023256,0,0,0.023256,0.046512,0.046512,0,0,0,0,0,0,0.023256,0,0,0.023256,0.023256,0,0.046512,0,0,0.069767,0,0,0,0,0,0,0.023256,0,0,0.023256,0,0,0,0,0,0.093023,0,0,0,0,0,0
0,0.074074,0,0,0,0,0.037037,0,0,0.037037,0,0,0.074074,0,0,0.074074,0,0,0.037037,0,0,0,0,0,0,0.037037,0.037037,0,0,0.037037,0.037037,0,0.037037,0,0.037037,0,0,0,0.074074,0.037037,0,0,0,0,0,0,0,0,0.037037,0,0.037037,0,0.11111,0,0.074074,0,0,0,0,0,0,0,0.037037,0.037037
0.11111,0.055556,0,0,0.027778,0,0.027778,0.027778,0,0,0,0.027778,0,0,0,0.055556,0.055556,0,0,0,0,0.027778,0.027778,0,0.027778,0,0.055556,0,0.027778,0,0,0,0,0.027778,0,0.027778,0,0,0.027778,0.027778,0,0,0,0,0,0,0,0.055556,0.055556,0,0,0,0,0.027778,0.027778,0,0.027778,0,0.027778,0,0,0.11111,0,0
0.035294,0.035294,0.011765,0.047059,0.011765,0,0.011765,0.011765,0.035294,0,0,0.058824,0,0.011765,0,0,0.023529,0.011765,0,0.011765,0.047059,0.023529,0.011765,0,0,0.011765,0.023529,0,0.011765,0.011765,0.035294,0.035294,0.047059,0.011765,0.011765,0,0.023529,0.023529,0.011765,0.011765,0,0,0,0,0,0.011765,0.058824,0,0,0.011765,0.011765,0,0,0,0.035294,0.011765,0,0.023529,0.011765,0.058824,0,0.023529,0.023529,0.047059
0.18519,0.037037,0.037037,0,0.037037,0,0,0.037037,0,0,0,0,0.11111,0,0,0,0.037037,0.037037,0,0,0,0.11111,0,0.037037,0,0,0,0,0,0,0,0,0.037037,0,0,0,0,0.074074,0,0,0,0,0,0.037037,0,0,0.037037,0,0,0,0.037037,0,0,0,0,0.037037,0,0,0,0.037037,0,0,0,0.037037
0.14286,0,0,0.071429,0.071429,0,0,0,0,0,0,0,0,0,0,0,0,0,0,0,0,0,0,0,0.071429,0,0,0,0,0,0,0.071429,0,0,0,0,0,0,0,0,0,0,0,0,0,0,0,0,0,0.071429,0.071429,0,0,0,0.071429,0.071429,0,0,0,0.14286,0,0,0.071429,0.071429
0,0,0.066667,0,0,0,0,0,0,0,0.066667,0,0,0,0,0.066667,0.13333,0,0,0,0.066667,0.066667,0,0,0.066667,0,0,0,0.066667,0,0,0,0,0,0,0,0,0,0,0,0.066667,0,0,0,0,0,0,0.066667,0.066667,0,0,0,0,0,0,0,0,0.066667,0,0,0,0,0.13333,0
0,0,0,0.083333,0.083333,0,0,0,0,0,0,0,0.5,0,0,0,0.083333,0,0,0.083333,0,0,0,0.083333,0,0,0,0,0,0,0,0,0.083333,0,0,0,0,0,0,0,0,0,0,0,0,0,0,0,0,0,0,0,0,0,0,0,0,0,0,0,0,0,0,0
0,0,0.047619,0,0,0,0,0,0,0,0,0,0,0.047619,0,0,0,0.047619,0,0,0,0,0,0.047619,0,0,0.047619,0.047619,0.047619,0.047619,0,0.047619,0,0,0,0,0,0,0,0,0,0,0,0,0.047619,0,0.14286,0,0,0,0,0,0,0,0,0.047619,0,0,0,0.2381,0.047619,0,0,0.047619
0,0,0,0,0.052632,0,0,0.017544,0,0.017544,0,0.017544,0.017544,0.017544,0,0,0.052632,0.035088,0.017544,0.035088,0.070175,0.035088,0,0.070175,0,0,0,0,0,0.017544,0.017544,0.017544,0,0,0,0,0.017544,0.017544,0,0.052632,0,0.017544,0.017544,0.017544,0.017544,0,0.035088,0,0.017544,0,0.017544,0.017544,0,0.017544,0,0.035088,0,0,0,0,0.035088,0.087719,0.017544,0.052632
0.09375,0,0,0,0,0,0,0,0,0.03125,0.03125,0,0.09375,0,0,0.03125,0.03125,0.03125,0,0,0,0,0,0.03125,0,0,0.0625,0,0,0,0,0.03125,0,0,0,0,0.0625,0,0,0,0,0.03125,0,0,0.0625,0.03125,0.03125,0.03125,0.03125,0,0,0,0.0625,0,0,0,0,0.0625,0,0.03125,0,0,0,0.09375
0.10526,0.052632,0.052632,0.10526,0,0,0.052632,0,0,0,0,0,0,0.052632,0,0,0,0,0,0,0,0,0.052632,0,0,0,0,0,0,0,0,0,0,0,0,0,0.052632,0,0,0.052632,0,0.052632,0,0,0,0,0.052632,0,0,0,0,0,0,0,0,0,0.052632,0.052632,0,0,0.052632,0.052632,0,0.10526
0.083333,0,0,0,0,0,0,0.083333,0,0.16667,0,0,0,0,0,0,0.16667,0,0,0.083333,0,0,0,0,0,0,0,0,0,0,0,0,0.083333,0.083333,0,0,0,0.083333,0,0,0,0,0,0.083333,0,0,0,0,0,0,0,0,0,0.083333,0,0,0,0,0,0,0,0,0,0
0,0,0,0.029412,0.058824,0,0,0,0,0.058824,0,0.029412,0,0.029412,0,0.058824,0,0,0,0,0.029412,0,0.058824,0,0.029412,0.058824,0,0,0,0,0,0,0.029412,0.029412,0,0,0,0,0,0,0,0.058824,0,0.029412,0,0.029412,0.058824,0,0.029412,0,0,0,0.029412,0,0.029412,0,0.029412,0,0.058824,0.11765,0,0,0,0.029412
0,0,0,0,0.083333,0,0,0,0.083333,0,0,0,0.083333,0,0,0,0,0,0,0,0,0,0,0,0,0.083333,0,0,0.083333,0.083333,0,0.083333,0,0,0,0,0,0,0,0,0.083333,0,0,0,0,0,0.083333,0,0.083333,0,0,0,0,0,0.083333,0,0.083333,0,0,0,0,0,0,0
0.020408,0.010204,0.020408,0.010204,0,0.030612,0.010204,0,0.010204,0.020408,0,0,0.040816,0.030612,0.020408,0.020408,0.020408,0.010204,0.030612,0.030612,0.040816,0.061224,0.040816,0.010204,0.010204,0.010204,0,0,0.010204,0.040816,0.040816,0.010204,0,0,0,0.020408,0,0.020408,0.020408,0.010204,0,0.010204,0,0.010204,0.010204,0,0.010204,0.010204,0.030612,0,0.010204,0,0.010204,0,0.020408,0.010204,0.010204,0.010204,0.040816,0.010204,0.010204,0.030612,0.061224,0.010204
0,0,0,0.1,0,0,0,0,0,0,0,0,0,0,0,0,0,0,0,0,0.1,0,0,0,0,0,0,0,0,0,0,0,0,0,0,0,0,0.3,0,0.1,0,0,0,0.1,0,0,0,0,0.1,0,0,0,0,0,0,0,0,0,0,0,0,0,0.2,0
0.034483,0,0.034483,0.034483,0,0,0.034483,0,0.068966,0,0,0.034483,0.068966,0.034483,0,0.068966,0,0,0,0,0.034483,0,0,0,0.034483,0.034483,0,0,0,0.034483,0,0.034483,0.068966,0,0,0,0,0,0,0,0,0,0,0.034483,0,0,0,0,0.068966,0.068966,0,0,0,0,0,0,0.034483,0,0.034483,0,0.068966,0.034483,0,0
0.074074,0.037037,0,0,0,0.037037,0.037037,0.037037,0,0,0,0.074074,0,0.074074,0,0.037037,0.037037,0,0,0,0,0,0,0,0,0.037037,0.037037,0,0.037037,0,0,0,0,0,0,0,0,0,0,0.074074,0.074074,0,0,0,0.037037,0,0.074074,0,0.037037,0,0,0,0.037037,0,0,0,0,0,0,0.037037,0,0,0,0.074074
0.083333,0.083333,0,0,0,0,0,0.083333,0,0,0,0,0.083333,0,0.083333,0.083333,0,0,0,0,0,0,0,0,0,0,0.083333,0,0,0,0,0,0.083333,0,0,0,0,0,0,0,0,0.083333,0,0,0,0,0,0.083333,0.083333,0,0,0.083333,0,0,0,0,0,0,0,0,0,0,0,0
0.071429,0,0,0,0,0,0.071429,0,0,0,0,0,0,0.071429,0.071429,0.14286,0.071429,0,0,0,0,0.071429,0,0,0,0,0,0,0,0,0.071429,0,0.071429,0,0,0,0.071429,0,0,0,0,0,0,0,0,0,0.071429,0,0,0,0,0,0,0,0,0,0,0.071429,0,0,0,0,0,0.071429
0,0,0,0,0,0.076923,0,0,0,0.076923,0,0.076923,0.076923,0.076923,0,0,0.076923,0,0,0,0.076923,0,0,0,0,0,0,0,0,0,0,0,0.15385,0,0.076923,0,0,0,0,0,0,0,0,0,0,0,0,0,0.076923,0,0,0,0,0,0,0,0.076923,0,0,0,0,0,0.076923,0
0.2,0,0.044444,0.022222,0.044444,0.022222,0.022222,0,0,0.022222,0.022222,0,0,0,0.022222,0,0.044444,0,0,0,0,0,0.044444,0,0.066667,0.022222,0.022222,0.022222,0.022222,0,0.022222,0,0,0,0.022222,0,0.022222,0,0,0,0,0.022222,0.022222,0,0,0,0.022222,0,0,0,0,0,0,0,0.044444,0,0.044444,0,0,0.044444,0.022222,0.022222,0.022222,0
0.047619,0,0,0,0,0,0,0,0.047619,0,0,0,0.047619,0.047619,0,0.047619,0.047619,0.095238,0.047619,0,0.095238,0,0,0,0.047619,0,0,0,0,0.047619,0.047619,0,0,0,0,0,0,0,0,0,0,0,0.047619,0,0.047619,0,0,0,0,0,0,0,0,0,0.047619,0,0,0.047619,0,0,0,0.047619,0,0.095238
0.083333,0.041667,0,0,0,0,0.083333,0,0,0.041667,0,0,0,0,0,0.041667,0.041667,0,0,0,0.041667,0,0,0,0,0,0.083333,0,0,0,0.041667,0,0.041667,0,0,0,0.083333,0,0,0,0.041667,0.083333,0,0,0,0,0,0,0,0,0.041667,0,0.041667,0,0.041667,0,0,0,0,0,0.041667,0,0.083333,0
0.033333,0.033333,0,0,0,0.066667,0,0,0,0.033333,0,0,0,0.033333,0,0,0,0.066667,0,0,0.066667,0.033333,0,0,0,0,0,0.033333,0,0.066667,0,0.033333,0,0,0,0.033333,0,0.033333,0,0,0,0.033333,0,0,0.033333,0,0.033333,0.033333,0,0.033333,0,0.033333,0,0,0.066667,0.033333,0.033333,0,0,0,0,0.033333,0.033333,0.033333
0,0,0,0.15385,0.076923,0,0,0,0,0.076923,0,0,0,0,0.076923,0,0.076923,0,0,0,0,0,0,0,0,0.076923,0,0,0,0,0,0,0,0,0.076923,0,0.076923,0,0,0,0,0,0,0,0,0,0,0,0,0,0,0,0.076923,0,0,0,0.15385,0.076923,0,0,0,0,0,0
0,0,0,0,0,0,0,0,0,0.071429,0,0.071429,0,0,0,0,0,0,0,0,0,0,0,0,0,0,0.071429,0,0,0,0,0,0,0,0,0.071429,0,0,0,0,0.071429,0,0,0,0.071429,0,0,0.071429,0,0,0,0,0,0,0,0,0,0,0,0,0,0.35714,0.071429,0.071429
0.083333,0,0.027778,0.027778,0,0,0,0,0,0,0,0,0,0.027778,0,0.027778,0,0,0.027778,0,0.027778,0.027778,0,0,0,0,0,0,0.027778,0.027778,0,0.027778,0.027778,0,0,0,0.027778,0,0,0,0,0.027778,0,0.027778,0,0,0,0,0.027778,0,0,0.055556,0,0.055556,0.027778,0,0.055556,0.055556,0.027778,0.055556,0.027778,0.055556,0.055556,0.027778
0,0,0,0,0.18182,0,0,0,0.090909,0,0,0.090909,0.090909,0,0,0,0,0,0,0,0.090909,0,0,0,0,0.090909,0,0,0,0,0,0,0,0,0,0,0,0,0,0,0.090909,0.090909,0,0,0,0,0,0,0,0,0,0,0.090909,0,0,0,0,0,0,0,0,0,0,0.090909
0,0,0,0,0,0.1,0,0,0,0,0,0,0,0.1,0,0,0,0,0,0,0.1,0,0,0,0,0,0.1,0,0,0,0,0,0,0,0.1,0,0,0,0,0,0.1,0,0.1,0,0,0,0,0,0,0.1,0,0,0.1,0,0,0,0.1,0,0,0,0,0,0,0
0,0,0,0.11111,0,0,0,0,0.11111,0,0,0,0,0,0,0,0,0,0.11111,0,0,0.11111,0,0,0,0,0,0,0,0,0.11111,0,0,0.11111,0,0,0,0,0,0,0,0,0,0,0,0,0,0,0,0,0.11111,0,0,0,0.11111,0,0.11111,0,0,0,0,0,0,0
0.18182,0,0.090909,0,0,0,0,0,0,0,0,0.090909,0,0,0,0,0,0,0,0,0,0,0,0,0,0,0,0,0,0,0,0,0,0,0,0,0,0,0,0,0,0,0,0,0,0,0.090909,0.090909,0.090909,0,0.090909,0,0,0,0,0.090909,0,0,0,0.090909,0,0,0.090909,0
0,0,0,0,0,0,0.090909,0,0,0,0,0,0,0,0,0.090909,0.090909,0,0.18182,0,0,0,0.090909,0,0,0,0,0.090909,0,0,0.090909,0.090909,0,0,0,0,0,0,0,0,0,0,0,0,0,0,0,0.090909,0,0,0,0,0,0,0,0,0,0,0,0,0,0,0.090909,0
0.039216,0,0.039216,0,0.039216,0.019608,0.039216,0.039216,0,0,0.019608,0,0,0,0,0,0.058824,0,0.039216,0,0.039216,0,0,0,0.019608,0,0.019608,0,0.019608,0.019608,0.078431,0.019608,0.039216,0,0.058824,0.019608,0,0.019608,0.019608,0.019608,0,0,0,0,0,0.019608,0.039216,0,0.019608,0,0,0,0,0.019608,0.039216,0,0,0,0,0,0.058824,0,0.058824,0.019608
0,0,0,0,0,0,0,0,0,0,0,0,0,0.032258,0.032258,0.064516,0,0.064516,0,0,0,0,0.032258,0,0,0,0,0,0,0,0.032258,0,0.032258,0,0,0,0.064516,0,0.032258,0,0.032258,0.032258,0,0,0.032258,0.032258,0.032258,0.12903,0,0,0,0.032258,0,0,0.064516,0.032258,0,0.032258,0,0.064516,0.032258,0,0.032258,0.032258
0.14286,0,0.19048,0,0,0,0,0,0,0.047619,0,0,0,0,0,0,0,0.047619,0.047619,0.047619,0,0,0,0,0.095238,0,0.047619,0,0,0,0,0,0.047619,0,0,0,0,0,0,0,0,0.047619,0,0,0,0,0,0,0.047619,0,0.047619,0,0,0,0,0,0.047619,0,0,0,0,0,0.047619,0.047619
0.055556,0,0,0,0.27778,0,0,0,0,0,0,0.055556,0,0,0,0,0,0,0,0,0,0,0,0,0,0,0,0,0,0,0,0,0.055556,0,0,0,0.22222,0,0.055556,0,0,0,0,0,0.11111,0,0.11111,0,0,0,0,0,0,0,0,0,0.055556,0,0,0,0,0,0,0
0.19048,0,0,0,0,0.047619,0,0,0,0,0,0,0,0,0.047619,0.047619,0,0,0,0.047619,0,0,0,0,0.095238,0.047619,0,0,0,0,0,0,0.095238,0,0.047619,0,0.19048,0,0,0,0,0,0,0,0,0,0,0,0,0,0,0.047619,0,0,0.047619,0,0,0.047619,0,0,0,0,0,0
0,0,0,0,0,0,0.076923,0,0,0,0,0,0,0,0.076923,0,0.076923,0,0,0,0.076923,0.076923,0,0.076923,0,0.076923,0,0,0,0,0,0,0.076923,0,0,0,0.076923,0,0.076923,0,0,0,0,0.076923,0,0,0,0,0,0,0.076923,0,0,0,0,0,0,0,0.076923,0,0,0,0,0
0.04,0,0,0.02,0.06,0,0.06,0.04,0.02,0.04,0,0,0.06,0.02,0,0.02,0.12,0.02,0.04,0,0,0.02,0,0.02,0.04,0.02,0.04,0,0,0,0,0,0,0,0.06,0,0.08,0.02,0.02,0,0,0,0,0,0,0,0,0.02,0,0,0.04,0,0,0,0,0,0,0,0.02,0,0.02,0,0,0.02
0.16667,0,0.083333,0,0,0,0.083333,0,0,0,0.083333,0,0,0,0,0,0,0,0,0,0,0,0,0,0,0.083333,0,0,0,0,0,0,0,0,0,0,0.083333,0,0,0,0,0,0.083333,0,0,0,0,0,0,0.083333,0,0,0,0,0,0,0,0,0.083333,0,0.083333,0,0,0.083333
0.076923,0,0,0,0,0,0,0,0.076923,0.076923,0,0,0,0,0,0,0,0,0,0,0,0,0,0,0,0,0,0,0,0,0.076923,0,0.076923,0,0.15385,0,0,0,0.076923,0,0.076923,0,0,0,0,0,0,0,0,0,0,0.076923,0,0,0,0,0,0.076923,0,0.076923,0.076923,0,0,0
0.1,0,0.025,0.05,0,0.025,0,0,0,0.025,0,0,0.05,0,0.075,0,0.05,0.025,0.025,0.025,0,0,0,0,0,0,0,0.025,0,0,0,0,0.025,0,0,0,0,0.025,0,0,0,0,0,0,0,0,0,0,0,0.025,0,0,0.025,0,0,0,0.075,0.05,0.025,0,0.075,0.025,0.075,0.075
0.058824,0,0,0.058824,0,0,0,0.058824,0,0,0,0,0.11765,0,0,0.058824,0,0,0,0.058824,0,0,0,0,0,0,0,0,0,0,0,0,0,0,0,0,0.058824,0,0.058824,0.058824,0.058824,0,0,0,0,0,0,0,0,0,0,0.11765,0,0.058824,0,0,0.058824,0,0,0,0.058824,0.058824,0,0
0.027778,0,0.027778,0,0,0,0.027778,0,0,0,0,0,0,0,0,0,0.027778,0,0,0.027778,0,0,0,0,0,0.083333,0,0.055556,0,0.027778,0,0,0,0,0,0.027778,0,0,0.027778,0,0,0,0,0,0.027778,0.027778,0.083333,0.083333,0,0,0.027778,0.027778,0.027778,0.027778,0.027778,0,0.027778,0,0,0.083333,0,0,0.11111,0.055556
0.05,0,0,0,0,0,0,0,0,0,0,0.05,0,0,0,0.05,0,0,0,0,0,0,0,0,0,0,0,0.15,0,0,0,0,0,0,0,0,0,0,0.05,0,0,0,0,0,0,0,0.05,0,0.1,0,0,0,0.05,0.05,0.05,0,0,0,0,0.05,0.2,0.05,0.05,0
0.10526,0.10526,0,0.052632,0,0,0.052632,0,0.052632,0.15789,0,0,0,0,0,0.10526,0,0,0,0,0,0,0,0,0,0,0,0.052632,0,0,0,0,0.052632,0,0,0,0,0,0.052632,0.052632,0,0.052632,0,0,0,0,0,0,0,0,0,0,0,0,0,0,0,0.10526,0,0,0,0,0,0
0,0,0,0,0,0,0,0,0.05,0.05,0,0,0,0.1,0.05,0.05,0,0,0,0,0,0,0.05,0,0,0,0,0.05,0,0,0,0,0.05,0,0,0,0,0.05,0,0,0.05,0,0,0,0.05,0,0,0,0.05,0,0,0,0,0,0,0.15,0,0.05,0.05,0.05,0,0,0.05,0
0.071429,0,0,0.071429,0,0,0,0,0,0,0.071429,0.071429,0.14286,0,0,0,0,0,0,0,0,0,0,0,0,0,0,0,0,0,0,0,0,0,0,0,0,0.071429,0,0,0,0,0,0,0.071429,0,0,0,0,0,0,0,0,0,0,0,0.071429,0.071429,0.071429,0,0.071429,0,0,0.14286
0.11111,0,0,0,0,0,0,0,0,0,0,0,0,0.055556,0,0,0,0,0,0,0.055556,0,0.055556,0,0,0,0,0.055556,0,0,0.055556,0,0,0,0,0,0,0,0,0.055556,0.055556,0.055556,0,0,0,0.11111,0,0.055556,0,0,0,0,0,0,0,0,0.055556,0,0.055556,0.11111,0,0,0,0.055556
0.052632,0,0,0,0.052632,0,0.052632,0,0,0,0.052632,0,0.10526,0,0.052632,0.052632,0,0,0,0.052632,0,0,0,0,0.052632,0,0,0.052632,0,0,0,0,0.052632,0,0,0,0,0,0,0,0,0,0,0,0,0.052632,0.10526,0,0,0,0,0.10526,0,0,0,0,0.052632,0,0,0.052632,0,0,0,0
0,0,0,0,0,0,0,0,0,0,0.18182,0,0,0,0,0,0.18182,0,0.090909,0.090909,0,0,0,0,0,0.090909,0,0,0,0,0,0,0,0,0,0,0,0,0,0,0,0,0,0,0,0.090909,0,0,0.090909,0,0,0,0.090909,0,0,0,0,0,0,0,0.090909,0,0,0
0,0,0,0,0,0,0,0,0.058824,0.11765,0.058824,0,0,0,0,0,0,0,0,0,0,0,0,0.058824,0.058824,0,0,0.058824,0,0,0,0,0,0,0.11765,0,0,0,0,0.058824,0,0,0,0.058824,0.058824,0,0.11765,0.058824,0,0,0,0,0,0,0,0,0.058824,0,0,0,0,0,0.058824,0
0.04,0,0.08,0,0.04,0,0,0,0,0,0.04,0,0,0.04,0,0,0.04,0,0.08,0,0.04,0,0,0,0,0,0.04,0,0,0.04,0,0.04,0,0.04,0.04,0,0.04,0.08,0.08,0.04,0,0,0,0,0,0,0,0,0.04,0,0,0,0,0,0,0,0,0,0,0.04,0,0.08,0,0
0,0.1,0,0,0,0,0,0,0,0.1,0,0,0.1,0,0,0,0,0,0,0,0,0,0,0.1,0,0,0,0,0,0,0,0,0,0,0,0,0,0,0,0,0,0.1,0,0,0,0,0,0,0,0,0,0,0.1,0,0.1,0,0,0.1,0,0.1,0.1,0,0,0
0.052632,0,0.052632,0,0,0,0,0,0.052632,0,0.052632,0,0,0.052632,0,0,0,0,0,0,0.052632,0,0,0,0.052632,0,0,0.052632,0,0.052632,0.052632,0,0,0,0,0,0,0,0.052632,0.10526,0.10526,0,0,0,0,0,0,0,0,0,0.052632,0.052632,0.052632,0,0,0,0.052632,0,0,0,0,0,0,0
0,0,0,0,0,0,0,0,0,0,0,0,0,0,0,0.125,0.125,0,0,0,0,0,0,0,0,0,0,0,0.125,0.125,0.25,0,0,0,0,0,0.125,0,0,0,0,0,0,0,0,0,0,0,0.125,0,0,0,0,0,0,0,0,0,0,0,0,0,0,0
0,0,0,0,0,0,0,0,0,0,0,0,0.076923,0,0,0,0,0,0,0,0.15385,0.15385,0,0,0.076923,0,0,0,0,0,0.15385,0,0,0.076923,0,0,0,0,0.076923,0,0,0,0,0,0,0,0,0.076923,0,0,0.076923,0.076923,0,0,0,0,0,0,0,0,0,0,0,0
0,0,0.076923,0,0,0.076923,0.076923,0,0,0,0.076923,0,0.076923,0.076923,0,0,0,0,0,0,0.076923,0,0,0,0,0.076923,0,0,0.076923,0,0,0,0.15385,0,0,0,0,0,0,0,0,0,0,0,0,0,0,0,0,0,0,0,0,0,0,0.076923,0,0,0,0,0.076923,0,0,0
0.045455,0,0,0,0.068182,0.022727,0,0,0,0.045455,0.022727,0,0.022727,0.022727,0,0,0.11364,0,0.022727,0,0.045455,0,0.022727,0.022727,0.022727,0,0,0,0.022727,0,0.022727,0,0.022727,0,0,0.022727,0.068182,0.022727,0,0,0.045455,0,0,0,0,0.022727,0,0,0.022727,0,0.022727,0.022727,0.022727,0.022727,0.045455,0,0.022727,0,0,0,0,0,0.068182,0
0.021739,0.1087,0,0.065217,0,0.021739,0.043478,0.043478,0.021739,0.043478,0,0,0.021739,0,0.021739,0,0.021739,0.021739,0.021739,0,0,0,0,0,0,0,0.021739,0,0,0,0.021739,0,0.043478,0,0.021739,0.021739,0,0,0.043478,0,0.021739,0.021739,0.043478,0,0,0,0,0.021739,0.021739,0.021739,0,0,0.043478,0.021739,0,0,0.086957,0.021739,0,0,0.021739,0,0,0
0,0.018519,0.037037,0,0,0,0,0,0.055556,0.018519,0.074074,0,0,0,0,0.018519,0,0.018519,0.018519,0.018519,0.055556,0,0.018519,0,0.018519,0.055556,0,0,0.037037,0.018519,0.055556,0,0.16667,0.018519,0.018519,0.055556,0.037037,0,0.018519,0.018519,0.037037,0,0,0,0,0,0,0,0,0,0,0,0.037037,0.018519,0,0.018519,0.018519,0,0,0,0,0,0,0
0,0.066667,0.066667,0,0,0,0,0.066667,0.066667,0,0,0,0,0,0,0,0,0.066667,0,0,0,0.066667,0,0,0,0,0,0,0,0,0,0,0,0,0,0,0.066667,0,0,0.066667,0,0,0,0,0.2,0.066667,0,0,0,0.066667,0,0,0,0,0,0.066667,0,0,0,0.066667,0,0,0,0
0,0,0.0625,0.0625,0.0625,0,0,0,0,0,0,0,0,0,0,0,0.125,0,0.125,0,0,0.0625,0.0625,0,0,0,0,0,0.0625,0,0,0,0,0,0,0,0,0,0,0,0,0,0,0,0.0625,0,0.0625,0,0,0,0.0625,0,0,0,0.0625,0.0625,0.0625,0,0,0,0,0,0,0
0.066667,0,0,0,0.066667,0,0,0,0,0,0,0,0,0.066667,0,0.066667,0,0,0,0,0,0,0,0,0,0,0,0,0,0.066667,0.13333,0,0.13333,0,0,0,0.066667,0,0,0,0,0,0,0,0,0,0.066667,0,0,0,0,0,0.066667,0,0.066667,0,0.066667,0,0,0,0,0,0,0.066667
0,0,0,0.052632,0.052632,0,0,0,0,0,0,0,0,0,0,0.052632,0,0.10526,0,0,0,0,0,0,0,0,0,0.052632,0,0,0.052632,0.052632,0,0,0,0,0.052632,0.052632,0,0.10526,0,0,0.052632,0,0.052632,0,0,0.052632,0.052632,0,0,0.052632,0,0,0,0,0,0,0,0,0.10526,0,0,0
0.083333,0.083333,0,0,0,0,0.083333,0,0,0,0,0,0,0,0,0,0,0.083333,0,0,0,0,0,0,0.083333,0,0,0,0.083333,0.16667,0,0,0.083333,0,0,0,0,0,0.083333,0,0,0,0,0,0,0,0,0,0,0,0,0,0.083333,0,0,0,0,0.083333,0,0,0,0,0,0
0,0.076923,0.076923,0,0.076923,0,0,0,0,0,0,0,0.076923,0,0,0,0,0,0,0,0,0,0,0.076923,0,0,0,0,0,0,0,0,0,0,0,0,0,0,0,0.076923,0,0.15385,0,0,0,0,0,0.076923,0.076923,0,0,0,0,0.076923,0,0,0,0.076923,0,0,0,0.076923,0,0
0,0.066667,0,0,0,0,0,0.066667,0,0,0,0,0,0.066667,0,0,0.066667,0,0,0,0,0.066667,0.066667,0,0,0,0,0.066667,0,0,0,0,0,0,0,0,0,0,0,0,0,0,0,0,0,0,0,0,0.066667,0.066667,0.066667,0,0,0,0,0,0.066667,0,0,0.13333,0,0.066667,0.066667,0
0,0.076923,0,0,0,0,0,0,0.038462,0.038462,0,0,0,0,0,0,0.076923,0.038462,0.038462,0,0.076923,0,0,0,0,0,0,0,0.038462,0.076923,0,0,0.038462,0,0,0.038462,0.11538,0.038462,0,0,0.038462,0.038462,0,0,0,0.038462,0,0.038462,0,0,0,0,0,0,0,0,0,0.038462,0,0,0,0.038462,0.038462,0
0,0,0,0,0,0,0,0,0,0,0,0,0,0.076923,0,0.076923,0.076923,0,0,0,0,0.076923,0,0,0,0,0,0.076923,0,0,0,0,0,0,0,0,0,0,0,0,0,0,0,0,0,0.076923,0.076923,0.076923,0,0,0,0,0,0,0,0,0,0,0.076923,0.076923,0,0.076923,0,0.15385
0.11765,0.11765,0,0,0.058824,0,0,0,0,0,0,0,0.17647,0,0,0.058824,0.11765,0,0,0,0,0,0.058824,0,0.11765,0,0,0,0,0,0,0.058824,0,0,0,0,0,0,0,0,0,0,0,0,0,0,0,0,0,0,0,0,0,0.058824,0,0,0,0,0,0,0.058824,0,0,0
0.036364,0,0.018182,0,0.2,0.036364,0,0.018182,0.018182,0,0,0,0.054545,0,0,0.018182,0.036364,0,0,0,0.054545,0.036364,0.036364,0.036364,0.018182,0.018182,0,0,0,0,0.036364,0,0.036364,0,0,0,0.054545,0,0,0,0.036364,0.018182,0,0,0,0,0,0,0,0.036364,0,0,0.018182,0.018182,0.018182,0,0.018182,0.018182,0,0.018182,0.018182,0,0.018182,0
0.1,0.05,0,0.05,0,0,0.05,0,0,0,0,0,0,0,0.05,0.05,0,0,0,0.1,0,0,0,0,0,0,0,0,0,0,0,0,0,0.05,0,0,0.05,0.05,0.05,0,0,0,0,0,0,0,0,0,0,0,0,0,0.1,0,0,0,0,0.05,0.05,0,0,0,0.05,0.1
0,0.11765,0,0,0,0,0,0,0,0,0,0,0,0,0,0.058824,0,0,0,0,0.058824,0.058824,0,0,0.11765,0,0,0,0,0.058824,0,0,0,0,0,0.058824,0,0,0,0.058824,0.058824,0,0,0,0.058824,0,0.058824,0,0,0,0,0.058824,0,0,0.058824,0,0,0.058824,0,0,0,0,0,0.058824
0.037736,0.018868,0.075472,0,0.018868,0,0,0,0,0.056604,0,0,0.018868,0,0,0.018868,0.037736,0,0.075472,0.018868,0.056604,0,0,0.018868,0,0,0.018868,0.018868,0,0,0.037736,0,0,0.056604,0.13208,0.018868,0.037736,0,0,0,0,0,0.037736,0.018868,0,0.018868,0.056604,0,0,0,0,0,0,0,0,0,0.018868,0,0.018868,0,0.018868,0,0.018868,0.018868
0.14286,0,0.047619,0,0,0,0,0,0.047619,0.095238,0.047619,0.047619,0.047619,0.047619,0,0,0.095238,0,0,0,0,0,0.047619,0,0,0.047619,0,0,0,0,0,0,0,0,0.095238,0,0,0,0,0,0,0,0,0,0,0,0.047619,0,0,0,0,0,0,0,0,0,0.047619,0.047619,0,0,0,0,0.047619,0
0.066667,0,0,0.13333,0,0,0.066667,0,0,0,0,0.2,0,0,0,0,0,0,0,0,0,0,0,0,0,0.26667,0.066667,0.066667,0,0,0,0,0,0,0,0,0,0,0,0,0,0,0,0,0,0,0,0,0,0,0,0,0,0,0,0,0,0.13333,0,0,0,0,0,0
0,0,0,0,0,0,0,0,0,0,0,0,0,0,0,0,0.11111,0,0.11111,0,0,0,0.11111,0,0,0,0,0.11111,0,0,0,0,0.11111,0,0,0.11111,0,0,0,0,0,0,0,0,0,0,0,0,0.11111,0.11111,0,0,0,0,0,0,0,0,0,0,0,0.11111,0,0
0,0,0,0,0.0625,0,0.0625,0,0,0.0625,0,0,0,0,0,0.25,0,0,0,0,0,0.0625,0,0,0,0,0,0,0,0.0625,0,0,0,0,0,0,0,0,0,0,0,0,0.0625,0,0,0,0,0,0,0,0,0,0.0625,0,0,0,0.0625,0,0,0.0625,0.0625,0,0.0625,0.0625
0,0,0.058824,0,0,0,0.058824,0,0,0,0,0.058824,0,0,0,0.058824,0,0,0,0,0,0,0,0,0,0,0,0.058824,0,0.058824,0,0,0,0,0,0,0,0,0,0,0.058824,0.11765,0,0,0,0,0,0,0.058824,0,0,0,0.058824,0.058824,0,0,0.058824,0,0,0,0.058824,0.058824,0,0.11765
0.125,0,0,0,0,0,0,0,0.125,0,0,0,0,0,0,0,0.25,0,0,0,0,0.125,0,0,0,0,0,0,0,0,0,0,0,0,0,0,0,0.125,0,0,0,0,0,0,0,0,0,0,0.125,0,0,0,0.125,0,0,0,0,0,0,0,0,0,0,0
0.033333,0,0,0.033333,0.13333,0.033333,0.033333,0.066667,0.033333,0,0.1,0.033333,0.066667,0,0,0,0,0,0,0,0,0,0.033333,0,0,0,0.066667,0,0,0,0,0,0,0,0,0,0.033333,0,0,0,0.033333,0,0,0,0,0,0,0,0.066667,0,0,0,0.033333,0,0.033333,0,0.033333,0.066667,0,0.033333,0,0,0,0
0,0,0,0,0.055556,0,0.055556,0,0,0,0,0,0,0.055556,0,0,0,0,0.055556,0,0,0,0,0,0,0.11111,0,0.055556,0,0.055556,0,0,0.055556,0,0.055556,0,0,0,0.055556,0.11111,0,0,0,0,0,0.055556,0,0.11111,0,0,0,0,0,0,0.055556,0,0,0,0,0,0,0.055556,0,0
0.021739,0.032609,0.01087,0.032609,0.043478,0.043478,0,0,0.01087,0.021739,0,0,0,0.021739,0,0.01087,0.021739,0.021739,0.054348,0.01087,0.15217,0.021739,0.032609,0.021739,0,0,0.01087,0,0,0,0,0.021739,0.032609,0.01087,0,0,0.032609,0.021739,0,0.01087,0,0.021739,0.01087,0,0.01087,0,0,0.01087,0,0,0.01087,0.01087,0.065217,0.01087,0.032609,0.01087,0.021739,0.021739,0.01087,0,0,0,0.021739,0
0.04,0,0,0.04,0.12,0,0,0,0,0,0,0,0,0,0,0.04,0.04,0,0,0,0,0,0,0,0,0.08,0,0,0,0,0,0,0,0,0,0,0.04,0.04,0.08,0,0,0,0,0,0.12,0.04,0.04,0.04,0,0.04,0,0,0.04,0,0,0.04,0.04,0,0,0.04,0.04,0,0,0
0.125,0.083333,0,0.041667,0.041667,0,0,0,0,0,0.041667,0,0.041667,0,0,0,0,0,0.041667,0.041667,0,0,0.041667,0,0.125,0,0.041667,0.041667,0,0,0.041667,0,0,0,0,0,0.041667,0,0.041667,0,0,0,0,0,0.041667,0,0,0,0,0,0,0,0,0,0.041667,0,0.041667,0,0,0,0,0,0.041667,0
0.16,0,0.04,0.08,0,0,0.08,0,0,0,0,0,0.12,0,0.04,0,0.08,0,0,0,0,0,0,0,0,0.04,0,0,0.04,0,0,0,0,0,0.08,0.04,0,0,0,0,0,0,0.04,0,0,0.04,0.04,0,0,0,0,0,0,0,0,0,0.04,0,0,0,0,0,0.04,0
0.11111,0,0.11111,0,0.037037,0,0,0,0.11111,0.037037,0.037037,0.037037,0,0,0.037037,0,0,0,0.037037,0,0,0,0,0,0.037037,0.074074,0,0,0.037037,0,0,0,0,0,0,0,0.037037,0,0,0,0,0.037037,0,0,0,0,0.037037,0,0.074074,0,0,0,0,0,0,0,0.037037,0.037037,0,0,0.037037,0,0,0
0,0.1,0,0,0,0,0,0,0,0,0,0,0.1,0,0,0,0,0,0,0,0,0,0,0,0,0,0,0,0,0.2,0,0,0,0,0,0,0,0,0,0,0,0,0,0,0,0,0,0,0,0,0,0,0,0,0.1,0,0,0.1,0.1,0,0.2,0.1,0,0
0.090909,0,0,0,0,0,0,0,0,0,0,0,0.090909,0,0,0,0,0,0.090909,0,0,0,0,0,0.090909,0,0,0,0,0,0.090909,0,0,0,0.090909,0,0,0,0,0.090909,0,0,0,0,0,0,0,0,0.090909,0,0.090909,0,0,0,0,0,0.18182,0,0,0,0,0,0,0
0.037037,0,0.074074,0.037037,0.074074,0,0.037037,0,0.037037,0.037037,0,0,0.037037,0,0,0.037037,0.037037,0.074074,0,0,0,0,0,0,0,0,0,0,0,0.037037,0,0.037037,0.037037,0,0,0,0.037037,0,0,0,0.037037,0,0,0,0,0,0,0.037037,0.037037,0.037037,0.037037,0,0.037037,0,0,0,0,0.037037,0,0.074074,0,0,0,0
0.12903,0.032258,0,0.032258,0.032258,0,0,0,0,0,0,0.064516,0.096774,0,0.032258,0,0.096774,0,0.032258,0.032258,0,0,0,0,0,0,0,0,0,0,0,0,0,0,0,0,0.032258,0,0,0,0.032258,0,0,0,0.064516,0,0.064516,0,0.032258,0,0,0.032258,0.032258,0,0,0,0,0.032258,0,0,0,0.032258,0.032258,0.032258
0,0.05,0,0.05,0,0.1,0,0,0,0.05,0,0,0,0,0,0,0,0.1,0.1,0,0,0,0,0,0.15,0.05,0.05,0.05,0,0,0.05,0,0,0,0,0,0,0,0.05,0.05,0,0.05,0,0,0,0,0,0,0,0.05,0,0,0,0,0,0,0,0,0,0,0,0,0,0
0,0.088889,0.044444,0,0.044444,0,0.022222,0.022222,0,0.088889,0,0,0,0,0,0.022222,0,0.022222,0.044444,0,0,0,0.044444,0,0.022222,0.044444,0.022222,0.044444,0,0,0,0,0,0.022222,0.022222,0.022222,0.044444,0.022222,0,0,0.022222,0,0,0,0.044444,0.022222,0,0.022222,0.044444,0.022222,0,0,0,0,0.022222,0,0.044444,0,0,0,0.022222,0,0,0.022222
0,0,0.058824,0,0,0,0,0.058824,0,0,0,0,0.11765,0,0,0,0.11765,0.058824,0.058824,0,0,0.058824,0,0,0,0.058824,0.058824,0.058824,0,0,0,0,0,0,0,0,0.058824,0,0,0,0,0.058824,0,0,0,0,0,0,0,0,0,0,0,0,0.058824,0,0,0,0,0,0.058824,0,0.058824,0
0.071429,0,0,0,0.071429,0,0,0,0,0.071429,0,0,0.14286,0,0,0.071429,0,0,0,0,0,0,0,0,0,0,0,0,0,0,0,0,0,0,0,0,0,0,0.071429,0,0,0.071429,0,0,0,0,0,0.071429,0,0,0,0,0.071429,0,0,0,0.071429,0,0.071429,0,0.071429,0,0.071429,0
0.071429,0.14286,0,0,0,0,0,0,0,0,0,0,0,0,0,0,0,0,0,0,0,0,0.071429,0,0.071429,0,0,0,0,0,0,0,0,0,0,0,0,0.071429,0,0,0.071429,0,0,0,0,0,0.14286,0,0,0,0,0,0,0.071429,0,0.071429,0.071429,0,0.071429,0,0,0,0,0.071429
0,0,0,0,0,0,0,0.0625,0,0,0,0.0625,0,0,0,0.0625,0,0.125,0,0,0,0,0,0,0,0,0,0,0,0,0,0,0,0,0,0,0,0,0.0625,0,0,0,0,0,0,0,0.0625,0,0,0,0,0,0,0,0,0.125,0,0,0,0.0625,0.0625,0,0.1875,0.125
0,0.3,0,0,0,0,0,0.1,0.1,0,0,0,0,0,0,0,0,0.1,0,0.1,0,0,0,0,0.1,0,0,0,0.1,0,0,0,0,0,0,0,0,0,0,0,0,0,0,0,0,0,0,0,0,0,0,0,0,0,0,0,0,0,0,0,0,0,0.1,0
0,0.1,0,0,0,0,0,0,0,0.1,0,0,0.1,0,0,0,0,0.1,0,0,0,0,0,0,0,0,0,0,0,0,0,0.1,0,0,0.1,0,0,0,0,0.1,0,0,0,0,0,0,0,0,0,0,0,0,0,0.1,0,0,0,0,0,0,0.1,0,0.1,0
0.043478,0.043478,0.043478,0,0.043478,0,0.043478,0.086957,0,0.043478,0,0,0,0,0.043478,0,0,0,0,0,0,0,0,0,0,0,0,0,0,0,0,0,0,0.043478,0,0,0,0.043478,0,0,0.043478,0.043478,0,0,0,0,0.043478,0,0,0,0,0,0.043478,0,0,0,0.086957,0,0,0.043478,0.043478,0.043478,0.043478,0.086957
0.058824,0,0,0,0,0,0,0,0,0,0,0,0.058824,0,0,0,0,0,0,0,0,0.058824,0,0,0,0.058824,0,0,0.058824,0,0,0,0.058824,0,0,0.058824,0,0.058824,0,0,0,0,0,0,0,0,0,0.058824,0.058824,0.058824,0,0.058824,0.058824,0,0.058824,0,0,0,0,0.11765,0,0,0.058824,0
0.1,0.2,0,0,0,0,0,0,0,0,0.1,0,0,0,0,0,0,0,0,0,0,0,0.2,0,0,0,0,0,0,0,0,0,0,0,0,0,0,0,0,0.1,0.1,0,0.1,0,0,0,0,0,0.1,0,0,0,0,0,0,0,0,0,0,0,0,0,0,0
0.037037,0,0,0.037037,0,0,0,0,0,0,0,0,0,0,0,0,0.037037,0,0,0.037037,0,0,0,0,0,0,0.037037,0,0.11111,0,0.22222,0.074074,0,0.037037,0,0,0,0,0,0,0,0,0,0,0,0.037037,0,0.037037,0,0,0,0,0,0,0,0,0,0.037037,0,0,0,0.037037,0.18519,0.037037
0,0,0,0,0.058824,0.058824,0,0,0,0,0,0,0,0.058824,0,0.11765,0,0,0,0.058824,0,0,0,0,0.058824,0,0,0.11765,0,0,0.058824,0,0,0,0,0,0,0,0,0,0.058824,0.058824,0,0.058824,0,0,0,0,0,0,0,0,0,0,0,0,0,0,0,0,0,0.058824,0.058824,0.11765
0.023256,0,0,0.023256,0.023256,0,0,0.023256,0,0,0,0.023256,0.023256,0.046512,0.023256,0,0.023256,0,0.023256,0.023256,0.023256,0,0.023256,0.069767,0.023256,0,0,0.023256,0,0.023256,0,0.023256,0.023256,0,0,0,0.023256,0,0,0,0,0.023256,0,0,0.023256,0.046512,0.023256,0,0.046512,0,0,0,0.046512,0,0,0,0.023256,0.023256,0.046512,0,0,0.023256,0.069767,0.069767
0.10526,0,0.10526,0,0,0,0,0,0,0.052632,0,0,0,0,0.052632,0.052632,0,0,0,0,0.052632,0,0,0.052632,0,0,0.052632,0,0,0,0.10526,0,0,0.052632,0,0,0,0,0,0,0,0,0,0,0,0,0,0.052632,0,0,0,0,0.052632,0,0,0,0,0,0,0,0.10526,0,0,0.10526
0,0,0,0,0.1,0,0.1,0,0,0,0,0,0.1,0,0.2,0,0,0,0,0,0.1,0,0,0,0.1,0,0,0.1,0,0,0,0,0,0,0,0,0,0.1,0,0,0,0,0,0,0,0,0,0,0,0,0.1,0,0,0,0,0,0,0,0,0,0,0,0,0
0.037037,0,0,0,0,0,0,0,0.037037,0,0,0.037037,0,0,0,0.037037,0,0,0,0,0,0,0.037037,0.037037,0,0,0,0.037037,0,0.074074,0.074074,0.037037,0,0,0,0.037037,0,0,0.037037,0.037037,0,0,0,0.037037,0,0,0.037037,0,0.074074,0,0,0,0,0.037037,0,0,0,0,0,0.037037,0.18519,0,0,0.037037
0.0625,0,0,0.0625,0,0,0,0,0,0.0625,0,0,0,0,0,0,0,0,0.0625,0,0,0,0,0,0,0,0,0,0,0,0,0,0,0,0,0,0,0,0,0,0,0,0.0625,0,0,0,0.1875,0,0,0,0.0625,0.0625,0,0,0,0,0,0.0625,0,0.125,0.0625,0,0.125,0
0.041667,0,0.041667,0,0.041667,0,0,0,0.041667,0,0,0,0,0.041667,0,0.041667,0.125,0,0,0.041667,0,0,0,0,0,0.041667,0,0,0,0.041667,0,0,0.041667,0,0,0.041667,0,0,0.041667,0,0,0,0,0,0.041667,0,0,0,0.041667,0,0,0,0.041667,0,0.041667,0,0,0,0,0,0.041667,0,0.041667,0.125
0.033333,0,0,0.033333,0.033333,0,0,0.033333,0.033333,0.033333,0,0.033333,0.066667,0.066667,0,0,0,0,0,0,0.033333,0.033333,0,0,0.066667,0,0,0,0,0,0.033333,0.033333,0,0,0,0,0.033333,0,0,0.033333,0,0.033333,0.033333,0,0,0,0.066667,0,0,0.033333,0.033333,0,0.033333,0,0.033333,0.033333,0,0.033333,0,0,0,0,0.033333,0
0,0.090909,0,0,0.18182,0,0,0,0,0,0,0,0.090909,0,0,0,0,0,0,0,0,0,0,0,0,0.090909,0,0,0,0,0,0,0,0,0,0,0.090909,0,0,0.18182,0.090909,0,0,0,0,0,0,0,0,0,0,0,0.090909,0,0,0,0,0,0,0,0,0,0,0.090909
0.029412,0,0,0.029412,0,0,0,0.029412,0,0,0,0,0.029412,0,0.029412,0.058824,0,0,0,0.058824,0,0.029412,0,0,0,0,0.029412,0,0.029412,0.029412,0.029412,0.029412,0,0,0,0,0,0,0,0,0,0,0,0.029412,0,0,0.058824,0.058824,0.058824,0,0,0,0.058824,0.029412,0,0,0,0.029412,0.029412,0,0.029412,0.058824,0.029412,0.088235
0,0,0.0625,0.0625,0.0625,0,0.0625,0.0625,0,0,0,0,0.0625,0,0,0,0,0,0,0,0.125,0,0,0,0,0,0,0,0,0,0,0,0.0625,0,0,0,0,0,0.0625,0,0,0,0,0,0,0.0625,0,0,0,0,0.0625,0,0.0625,0.0625,0,0,0,0,0,0,0,0.0625,0,0.0625
0,0,0,0,0,0,0.066667,0,0,0.066667,0,0,0,0,0.13333,0,0.066667,0,0,0.066667,0,0,0,0,0,0.066667,0,0,0,0,0,0.066667,0.066667,0,0,0,0,0,0,0,0,0.066667,0,0,0,0,0,0,0,0,0,0,0,0,0,0,0,0,0.066667,0.066667,0.13333,0.066667,0,0
0.12903,0,0.032258,0.032258,0.032258,0,0.032258,0,0.032258,0.032258,0.032258,0.032258,0,0.032258,0,0,0.032258,0.032258,0,0,0.064516,0.064516,0.032258,0,0.064516,0,0,0,0.032258,0,0,0,0,0.032258,0,0,0,0,0.032258,0,0,0.064516,0,0,0,0,0,0.032258,0,0.032258,0,0,0,0,0,0,0.032258,0,0,0,0,0,0.032258,0
0.095238,0,0,0.047619,0.095238,0.047619,0,0,0,0.047619,0,0,0.047619,0,0,0.047619,0.095238,0,0,0,0,0,0,0,0,0.047619,0,0,0.047619,0,0,0,0,0,0,0,0,0,0.047619,0,0,0.095238,0,0,0,0,0.047619,0,0,0.047619,0,0,0,0,0,0,0,0,0.047619,0.047619,0.047619,0,0,0
0.033333,0.033333,0.033333,0,0,0,0,0,0,0.033333,0,0,0,0.033333,0,0,0.066667,0,0.066667,0,0,0.033333,0,0,0,0.066667,0,0,0.033333,0,0,0,0,0,0,0,0.033333,0,0.066667,0,0,0.033333,0,0.033333,0.033333,0.066667,0.033333,0,0,0,0.033333,0.033333,0,0,0.033333,0,0,0.033333,0,0.1,0,0.033333,0,0
0,0,0.083333,0,0,0,0,0,0,0,0,0,0.16667,0,0,0.083333,0,0,0,0,0.083333,0,0,0,0,0,0.083333,0,0,0,0,0,0,0,0.083333,0,0,0,0,0,0,0,0.083333,0,0,0,0,0,0,0,0,0,0,0.083333,0.083333,0,0,0,0,0,0.083333,0,0,0.083333
0,0,0.076923,0.076923,0.15385,0,0.076923,0,0,0.076923,0,0,0,0,0,0,0,0,0,0,0,0,0,0,0,0,0,0,0,0,0,0,0,0,0,0,0.076923,0,0,0,0,0,0,0.076923,0,0.076923,0,0,0,0,0,0.076923,0,0,0,0,0,0,0,0,0.076923,0,0.15385,0
0.088235,0,0.029412,0.029412,0,0,0,0,0,0,0,0.029412,0.029412,0,0,0,0.029412,0,0.029412,0,0.058824,0,0.029412,0,0.058824,0,0,0.029412,0,0,0,0,0.029412,0.029412,0,0,0.029412,0,0.058824,0,0,0,0,0.029412,0,0,0,0.029412,0.088235,0,0,0.058824,0,0,0,0.029412,0.029412,0.029412,0,0,0,0.058824,0.029412,0.029412
0.04,0,0,0,0,0,0.12,0,0,0,0,0,0,0,0,0,0,0,0,0.08,0,0,0,0,0,0.04,0,0,0,0.04,0.04,0,0,0,0,0.04,0,0,0.04,0,0,0,0,0.04,0,0,0.04,0,0.08,0,0,0.04,0,0,0,0,0.08,0,0.04,0,0,0.04,0.08,0.12
0,0,0,0,0,0,0,0,0,0,0,0.05,0,0.1,0,0.05,0,0.05,0,0.05,0,0,0,0,0,0,0,0,0,0,0,0,0.05,0,0,0,0,0,0,0,0,0,0,0.05,0,0,0,0.1,0,0.05,0,0,0.05,0,0.1,0,0,0.05,0,0,0,0,0.15,0.1
0,0,0,0,0,0,0,0,0,0,0,0.058824,0,0.058824,0,0,0.058824,0,0,0,0,0.058824,0,0,0.058824,0,0,0.058824,0,0,0,0,0,0,0,0,0.058824,0,0,0,0.058824,0,0,0.058824,0.058824,0,0,0,0.058824,0,0.058824,0,0,0.058824,0.058824,0.058824,0,0,0.058824,0,0,0,0,0.058824
0,0,0,0,0,0,0,0,0,0,0,0,0,0,0.055556,0.055556,0,0,0,0,0,0,0,0,0,0,0.055556,0,0,0.055556,0.055556,0,0,0.055556,0,0,0,0.055556,0,0,0,0,0,0,0,0,0.055556,0,0.055556,0,0,0,0,0,0,0.055556,0,0,0.055556,0,0.055556,0.055556,0.16667,0.11111
0.068966,0,0,0.034483,0.068966,0,0.034483,0.068966,0,0,0,0.034483,0.034483,0.034483,0.034483,0,0,0,0,0.034483,0,0,0,0,0,0,0.034483,0,0,0,0,0,0.034483,0,0,0,0,0,0,0,0.034483,0,0,0.034483,0.068966,0.034483,0,0.034483,0,0,0,0.034483,0,0,0.034483,0,0,0.034483,0.034483,0.034483,0,0.034483,0,0.068966
0.038462,0,0,0,0.038462,0,0,0,0,0,0,0,0,0,0,0.076923,0.038462,0,0,0.076923,0,0,0,0.038462,0,0,0,0.038462,0,0.038462,0,0,0,0,0.038462,0,0.038462,0,0,0,0,0,0,0.038462,0.038462,0,0.038462,0,0.038462,0,0.038462,0.038462,0.038462,0,0,0.038462,0,0,0,0,0.076923,0.038462,0,0.11538
0.074074,0.037037,0,0.037037,0.14815,0,0.037037,0.037037,0.037037,0.074074,0.037037,0,0,0,0,0,0.037037,0,0.074074,0,0,0,0,0,0.037037,0,0,0,0,0,0,0,0,0,0,0.037037,0.074074,0,0,0,0,0,0.037037,0,0.037037,0,0,0,0,0,0,0,0,0,0,0,0.037037,0.037037,0,0.037037,0,0.037037,0,0
0,0,0,0,0,0,0,0.066667,0,0,0,0.066667,0,0,0,0.066667,0,0,0.066667,0,0,0,0.066667,0,0,0,0,0,0,0,0.066667,0.066667,0,0,0,0,0,0,0.066667,0,0.13333,0,0.066667,0,0,0,0,0,0,0,0,0,0,0,0,0.2,0,0,0,0,0.066667,0,0,0
0.052632,0.13158,0,0.026316,0,0,0,0,0,0.026316,0,0.078947,0.052632,0,0.078947,0.026316,0.026316,0.026316,0,0,0.052632,0,0,0.026316,0.026316,0,0,0,0,0,0.026316,0,0.026316,0,0,0,0,0.026316,0.026316,0,0.026316,0.026316,0,0,0,0.052632,0,0,0,0,0,0,0.026316,0,0,0,0.026316,0.052632,0.026316,0,0,0,0,0.026316
0,0.081081,0,0,0,0,0,0.027027,0.027027,0,0,0.027027,0.081081,0.054054,0,0.027027,0.027027,0,0,0.027027,0.027027,0,0,0,0,0,0,0,0,0,0.054054,0,0.027027,0.027027,0,0,0,0,0.027027,0.027027,0.054054,0,0,0,0,0,0.027027,0.027027,0.027027,0,0.054054,0.054054,0.027027,0,0.027027,0,0.054054,0.054054,0,0,0,0.027027,0,0
0,0,0,0,0,0.090909,0,0,0,0.090909,0,0,0,0.090909,0,0,0.090909,0,0,0,0,0,0,0,0,0,0.090909,0.090909,0,0,0,0,0.090909,0,0,0,0.090909,0,0.090909,0,0,0,0,0,0,0,0,0,0,0,0,0,0,0,0,0,0,0,0,0,0,0,0.090909,0.090909
0.085106,0,0.042553,0,0,0,0.06383,0,0,0,0,0,0.021277,0,0.021277,0.042553,0,0,0,0,0,0,0.021277,0.021277,0.042553,0,0.021277,0,0.06383,0,0,0,0,0,0.042553,0,0.021277,0.042553,0,0.042553,0,0,0,0,0,0,0.06383,0.042553,0,0,0.021277,0.042553,0,0.021277,0.042553,0.021277,0,0,0.021277,0,0.021277,0.021277,0.042553,0.042553
0,0,0.04,0.04,0,0,0,0,0,0,0.04,0.04,0.12,0,0,0.04,0,0.04,0,0,0,0.04,0,0,0,0.04,0.04,0,0,0,0,0.04,0.04,0,0,0,0,0,0,0,0,0.04,0,0,0,0,0,0.08,0.12,0,0.04,0,0,0,0.04,0,0,0,0,0,0,0.08,0.04,0
0.066667,0.022222,0.022222,0,0.022222,0,0.022222,0,0,0.022222,0,0.066667,0.022222,0,0,0,0.022222,0.044444,0,0.022222,0.044444,0.022222,0,0.044444,0.022222,0,0,0,0,0,0,0.022222,0.066667,0.022222,0.022222,0.022222,0.066667,0.022222,0,0,0,0,0,0,0,0,0,0,0.022222,0,0.044444,0.022222,0.022222,0.022222,0,0.022222,0,0.044444,0,0,0.044444,0,0.022222,0
0.035714,0.035714,0.035714,0.071429,0.035714,0,0,0,0,0.035714,0,0,0,0.071429,0,0.071429,0,0,0,0,0,0,0,0,0,0,0,0.035714,0.035714,0,0.035714,0,0,0,0.035714,0,0,0.035714,0,0,0,0,0,0,0,0,0.035714,0,0.10714,0,0,0,0,0,0,0,0.035714,0.035714,0,0,0.035714,0.071429,0.10714,0
0.0625,0,0,0.0625,0.0625,0,0,0,0,0,0,0,0.0625,0.0625,0,0,0,0,0,0,0.0625,0,0,0,0,0,0.0625,0,0,0,0.0625,0,0,0,0,0,0.0625,0,0,0,0,0,0,0,0,0,0,0,0.0625,0,0,0.125,0,0,0,0,0.0625,0,0,0.0625,0.0625,0,0.0625,0
0.066667,0,0,0.2,0,0,0,0,0.066667,0,0,0.066667,0.066667,0,0,0,0.2,0,0,0,0,0,0,0,0.066667,0,0,0,0,0,0,0.066667,0,0,0,0,0.066667,0,0,0,0,0,0,0,0,0.066667,0,0,0,0,0,0,0,0,0,0,0,0,0.066667,0,0,0,0,0
0,0.090909,0,0,0,0,0,0,0,0,0,0,0.090909,0,0,0.090909,0,0,0,0,0,0.090909,0,0,0,0,0,0,0,0,0,0,0,0,0,0.090909,0,0,0,0,0,0,0,0,0,0,0.090909,0,0.090909,0.090909,0,0,0,0,0,0,0,0.090909,0,0.090909,0,0,0.090909,0
0,0,0,0.076923,0,0,0,0,0,0,0,0,0,0,0,0,0.076923,0,0.076923,0,0,0.076923,0,0,0.076923,0.076923,0,0,0,0,0,0,0.076923,0,0,0,0.076923,0,0,0,0,0,0,0,0,0,0.076923,0.076923,0,0,0,0,0,0,0.076923,0,0,0.076923,0.076923,0,0,0,0,0
0.038961,0.064935,0.025974,0.012987,0.051948,0.012987,0.051948,0,0,0.025974,0.012987,0,0,0,0,0.012987,0.038961,0.038961,0.025974,0.038961,0.025974,0,0.051948,0,0,0.012987,0.012987,0.025974,0,0.012987,0.012987,0,0,0,0.012987,0,0.025974,0,0.025974,0,0.012987,0.012987,0,0.012987,0,0.012987,0.025974,0,0.064935,0,0,0,0,0.012987,0,0.012987,0.025974,0.012987,0.025974,0.012987,0.025974,0.012987,0.038961,0
0.097561,0.12195,0,0.073171,0,0,0.02439,0,0,0,0,0,0,0,0,0.02439,0.12195,0,0,0,0.02439,0,0,0,0,0.04878,0.02439,0.02439,0,0,0,0,0,0.02439,0.02439,0,0.02439,0.04878,0.02439,0,0,0,0,0,0.02439,0,0,0.02439,0.04878,0,0.02439,0,0.02439,0.02439,0.04878,0,0,0,0,0,0,0.02439,0.02439,0
0.033333,0,0,0,0,0,0,0,0,0,0,0,0,0.033333,0,0.033333,0,0,0.033333,0.066667,0,0,0,0,0.066667,0,0,0,0,0,0.066667,0,0.066667,0,0,0,0,0,0.033333,0.033333,0,0,0.033333,0,0,0.033333,0.033333,0,0,0,0,0.033333,0,0,0.066667,0,0,0,0.066667,0,0,0.1,0.066667,0.1
0,0,0,0,0,0,0,0,0.125,0.0625,0,0.0625,0.125,0,0,0.0625,0,0.0625,0,0.0625,0,0,0,0,0,0,0,0,0,0,0,0.0625,0,0,0,0.0625,0,0,0,0,0,0,0,0,0,0,0,0,0.0625,0.0625,0.0625,0.125,0,0,0,0,0,0,0,0,0,0,0,0
0.028986,0.028986,0,0,0.014493,0,0.014493,0.014493,0.028986,0,0,0.028986,0.072464,0,0,0.014493,0.028986,0,0.014493,0.014493,0.043478,0.028986,0,0.043478,0.028986,0,0.014493,0.028986,0.014493,0.028986,0.014493,0,0,0,0.028986,0,0,0.028986,0,0.028986,0.028986,0,0,0,0.014493,0.014493,0,0.014493,0.014493,0.028986,0,0,0.028986,0.043478,0.028986,0,0.014493,0.028986,0,0,0.014493,0.014493,0.057971,0.014493
0.037037,0,0,0.037037,0.037037,0,0,0,0.037037,0,0,0,0,0.037037,0.037037,0.037037,0,0.11111,0.037037,0.037037,0,0.074074,0,0,0,0,0,0,0,0,0,0,0,0,0.037037,0,0.037037,0,0,0,0,0,0.037037,0.037037,0,0.074074,0,0,0,0.037037,0,0,0,0,0,0,0.037037,0.074074,0.037037,0,0,0.037037,0.037037,0
0.032258,0.032258,0.032258,0,0.032258,0,0.032258,0,0,0.032258,0,0,0,0,0.032258,0.032258,0.032258,0,0.064516,0,0,0,0,0.032258,0,0.032258,0,0.032258,0,0.032258,0.032258,0,0.032258,0.064516,0.064516,0,0,0,0,0,0.064516,0,0.032258,0,0,0.032258,0,0,0,0,0,0,0.032258,0,0.064516,0,0,0.032258,0.032258,0,0,0,0.032258,0
0,0.11111,0,0,0,0,0,0,0,0,0,0,0,0,0,0,0.055556,0,0.055556,0,0,0,0,0,0,0,0,0,0,0,0,0,0.11111,0.055556,0,0,0.055556,0,0,0,0.055556,0.055556,0,0,0,0,0,0,0.055556,0,0,0,0,0.055556,0,0,0,0,0.055556,0,0.055556,0,0.055556,0.16667
0.05,0.05,0,0,0.05,0,0.05,0,0.05,0,0,0.05,0,0,0,0.05,0.05,0,0,0,0,0.1,0.05,0,0,0,0,0,0,0,0,0,0,0,0,0,0.2,0,0,0,0.05,0,0,0,0,0,0,0.05,0,0,0,0,0,0,0,0,0,0,0.05,0,0,0.05,0.05,0
0,0,0,0,0,0,0,0,0,0,0,0,0,0.071429,0.071429,0.071429,0,0,0.21429,0,0.14286,0,0,0,0,0,0,0,0.071429,0,0,0,0,0,0,0,0.071429,0,0,0,0,0,0,0,0,0.071429,0,0,0,0,0.071429,0,0,0,0.071429,0,0.071429,0,0,0,0,0,0,0
0,0,0,0.055556,0,0,0,0,0,0,0,0,0.055556,0,0,0.11111,0,0,0,0,0.055556,0,0,0,0,0.055556,0,0,0,0,0.055556,0.055556,0.11111,0,0,0,0,0,0.055556,0,0.055556,0,0,0,0,0.055556,0.055556,0,0,0,0,0,0,0,0.055556,0,0,0,0,0.11111,0,0,0,0.055556
0,0,0,0,0,0,0,0,0,0.047619,0.047619,0.047619,0,0,0,0,0,0,0,0.047619,0.047619,0,0.095238,0.047619,0,0.047619,0,0.14286,0,0,0.047619,0.047619,0,0,0,0,0,0,0,0,0,0,0,0.095238,0,0,0.047619,0,0,0,0,0,0,0.047619,0.047619,0,0,0.047619,0.047619,0,0,0,0,0
0,0,0.083333,0,0,0.083333,0,0,0,0,0,0,0.083333,0.083333,0,0.16667,0.083333,0,0,0,0,0.083333,0,0,0.083333,0,0,0,0.083333,0,0,0,0,0,0,0,0,0,0,0,0,0,0,0,0.083333,0,0,0,0,0,0,0,0,0,0,0,0,0,0,0,0,0.083333,0,0
0.037736,0.037736,0,0.018868,0.037736,0,0.018868,0.056604,0,0,0,0,0.13208,0,0,0.018868,0,0.018868,0.018868,0,0.018868,0,0.018868,0,0,0.056604,0,0,0.037736,0,0,0,0,0.018868,0.018868,0.037736,0,0,0.037736,0,0,0,0,0,0,0,0.018868,0.018868,0.018868,0,0,0.09434,0,0,0.018868,0,0.018868,0.056604,0,0.037736,0,0.037736,0.018868,0.018868
0,0.071429,0,0.071429,0.071429,0,0.071429,0.035714,0,0.035714,0.035714,0.035714,0.035714,0.035714,0,0.035714,0,0.035714,0,0,0,0,0,0,0,0,0,0,0,0,0,0,0.071429,0.035714,0.035714,0,0.035714,0,0.035714,0,0.035714,0,0,0,0,0.035714,0,0,0,0.035714,0,0,0,0,0,0,0,0.035714,0,0,0,0,0,0.071429
0.04878,0,0,0,0,0.02439,0.04878,0,0,0,0.04878,0,0.02439,0,0,0,0.073171,0.02439,0.02439,0,0,0,0.073171,0,0.02439,0.12195,0,0,0,0.02439,0.02439,0,0,0,0,0.02439,0.04878,0.097561,0,0.02439,0.02439,0.02439,0,0.02439,0,0,0.02439,0,0,0.02439,0,0,0.02439,0.02439,0,0,0,0.02439,0,0,0.02439,0,0,0
0,0.047619,0,0,0,0,0.047619,0,0,0,0,0,0,0,0.047619,0.095238,0.19048,0.047619,0.047619,0.095238,0,0,0.047619,0.047619,0,0,0,0,0,0,0,0,0,0,0,0.047619,0,0,0,0,0.047619,0,0,0,0,0,0,0,0.047619,0.047619,0.047619,0,0,0,0,0,0,0,0,0,0.047619,0,0,0
0.045455,0.13636,0.045455,0,0.045455,0.045455,0,0,0,0,0,0,0,0.045455,0.045455,0.045455,0.045455,0.045455,0,0,0,0,0,0,0,0,0,0,0.045455,0,0.045455,0,0.045455,0,0,0,0.13636,0,0,0,0,0,0,0,0,0,0,0,0.13636,0,0,0,0,0,0,0,0,0,0,0,0,0.045455,0,0
0.04,0,0.12,0.04,0,0,0,0.04,0.04,0.04,0.04,0.04,0,0.04,0,0,0,0.04,0.04,0.04,0,0,0,0,0.04,0.04,0.04,0.04,0,0,0,0,0.04,0,0.04,0,0,0,0,0,0.04,0,0,0,0,0,0,0,0,0,0,0.04,0,0,0,0,0,0.04,0,0,0,0,0,0.08
0.090909,0,0.090909,0,0,0,0,0,0,0.045455,0,0.045455,0,0.090909,0,0,0.045455,0,0.090909,0,0,0.045455,0,0,0.045455,0,0,0,0,0,0,0,0,0,0.090909,0,0.045455,0,0.045455,0.045455,0,0.045455,0,0,0.045455,0,0,0,0,0,0,0,0.045455,0,0,0,0,0.045455,0,0,0,0,0,0
0,0,0.04,0,0.04,0,0,0.04,0,0.04,0,0,0,0,0,0.08,0,0,0.04,0,0,0,0,0,0,0.08,0,0.04,0,0,0,0,0,0,0,0.04,0.04,0,0.04,0.04,0.04,0,0,0,0,0,0.04,0.04,0,0,0.04,0.04,0.12,0.04,0,0,0,0,0,0.04,0,0,0,0.04
0.055556,0.055556,0,0.055556,0.055556,0,0.055556,0,0.11111,0,0,0,0,0,0,0,0,0,0,0.055556,0,0.055556,0,0,0,0.055556,0,0,0,0,0,0,0.055556,0,0,0,0,0,0,0.055556,0,0,0,0.055556,0,0,0,0,0.055556,0,0,0.055556,0,0,0,0,0.11111,0,0,0,0,0,0,0.055556
0,0,0.11765,0,0,0,0,0,0,0.058824,0,0,0,0.17647,0,0,0,0.058824,0,0,0,0,0,0,0,0.058824,0,0,0,0.058824,0,0,0,0,0,0.058824,0,0,0,0.058824,0.058824,0,0.11765,0,0,0,0,0,0,0,0,0,0,0,0,0,0.058824,0.058824,0,0,0,0,0.058824,0
0,0,0,0,0.05,0,0.05,0.05,0,0,0,0.05,0,0,0,0,0.05,0.05,0,0.05,0,0,0,0,0,0,0,0,0.05,0.05,0.05,0,0,0,0,0,0,0,0.05,0.05,0,0.05,0,0,0,0,0.05,0,0,0,0,0,0.05,0,0,0,0.1,0.05,0,0.05,0,0.05,0,0
0.041667,0.29167,0,0,0,0,0.125,0,0.083333,0.041667,0,0.041667,0,0,0,0,0.083333,0.041667,0,0,0.041667,0,0,0,0,0,0,0,0,0,0,0,0.041667,0,0,0,0,0.041667,0.041667,0,0,0,0,0,0.041667,0,0,0,0,0.041667,0,0,0,0,0,0,0,0,0,0,0,0,0,0
0,0,0,0.018519,0.055556,0.092593,0.018519,0.018519,0.037037,0,0.018519,0,0,0.074074,0,0.018519,0,0.018519,0,0,0.074074,0.018519,0.055556,0.092593,0,0.018519,0.018519,0,0,0.018519,0.018519,0,0,0.018519,0,0,0.037037,0.018519,0.018519,0.018519,0,0,0,0,0,0.018519,0.018519,0,0,0,0,0,0.055556,0,0,0,0.018519,0.018519,0.037037,0,0,0,0.037037,0
0,0,0,0.028571,0.028571,0,0.028571,0.057143,0,0,0,0.028571,0.085714,0.085714,0.028571,0,0,0,0,0.028571,0,0,0,0,0.028571,0,0,0.028571,0,0,0,0.028571,0.057143,0,0,0,0.057143,0.028571,0.028571,0,0.028571,0,0.028571,0,0,0,0,0.028571,0.028571,0.028571,0.028571,0.057143,0,0.028571,0,0,0.028571,0,0,0.028571,0,0.028571,0,0
0,0.2,0,0,0,0,0,0,0.1,0,0,0,0,0,0,0,0,0,0,0,0,0,0,0,0,0,0,0,0,0,0,0,0,0,0,0,0.1,0,0,0,0,0,0,0,0,0,0,0,0.2,0.1,0.1,0,0.1,0,0,0,0.1,0,0,0,0,0,0,0
0.083333,0,0,0,0,0.083333,0,0,0,0,0.083333,0,0,0,0,0.083333,0,0,0,0,0,0.083333,0,0,0,0.083333,0,0,0,0,0.083333,0,0,0,0,0,0,0.16667,0,0,0,0,0,0,0,0,0,0,0,0,0,0,0,0,0,0.083333,0,0,0,0,0,0,0.083333,0.083333
0,0.04878,0,0,0,0.073171,0,0.02439,0.02439,0,0,0,0.02439,0.02439,0.04878,0.02439,0.04878,0.02439,0,0,0,0,0,0,0,0,0.02439,0,0,0,0.04878,0.02439,0,0,0,0.02439,0,0,0.02439,0,0,0.02439,0,0,0,0.02439,0.02439,0.02439,0.02439,0.02439,0.04878,0.02439,0,0.073171,0.02439,0,0,0.02439,0.02439,0.02439,0.02439,0.02439,0,0.04878
0.14286,0.071429,0.071429,0,0.02381,0,0,0,0,0,0,0,0.047619,0,0,0,0.047619,0.047619,0,0,0.02381,0,0,0,0.02381,0,0,0.02381,0,0.02381,0,0,0,0,0,0,0.02381,0.02381,0.02381,0.02381,0,0,0.047619,0.02381,0,0.02381,0.047619,0,0.02381,0,0,0,0,0,0,0,0.047619,0,0,0,0.047619,0.02381,0.02381,0.047619
0.052632,0,0,0,0.052632,0,0,0.052632,0,0.052632,0,0,0,0,0,0.10526,0.052632,0,0,0,0,0,0.052632,0,0,0,0,0,0,0,0.052632,0,0,0,0,0,0,0,0.052632,0,0,0.052632,0,0,0,0.052632,0.10526,0.052632,0,0,0,0.052632,0,0,0,0.052632,0,0,0,0,0,0.052632,0,0.052632
0,0,0,0,0,0.050847,0,0.016949,0,0.067797,0,0.033898,0,0.033898,0,0.016949,0,0,0,0.016949,0,0,0.016949,0.016949,0.033898,0.084746,0.016949,0.050847,0.016949,0.016949,0,0,0,0,0,0.016949,0.016949,0.033898,0.016949,0.033898,0,0.016949,0.016949,0,0.016949,0.033898,0.016949,0.016949,0,0,0.016949,0,0.033898,0.016949,0.016949,0,0,0.050847,0.016949,0,0.050847,0.033898,0.016949,0.016949
0,0,0,0.055556,0,0,0,0,0.055556,0,0,0,0,0.11111,0,0,0,0,0,0,0,0,0,0,0,0,0,0,0,0,0,0,0,0.055556,0,0,0.055556,0,0,0,0,0,0.055556,0,0.055556,0,0,0,0.055556,0,0,0.055556,0.055556,0.055556,0,0,0.055556,0,0,0.055556,0.055556,0.11111,0,0.055556
0,0.05,0,0.05,0.05,0,0,0,0,0.15,0,0,0,0,0.05,0,0.15,0,0,0,0.05,0,0,0,0,0.05,0,0,0.05,0,0,0,0,0,0,0,0,0.05,0.05,0.05,0,0.1,0,0,0,0,0.05,0,0.05,0,0,0,0,0,0,0,0,0,0,0,0,0,0,0
0.076923,0,0.076923,0,0,0,0,0,0,0,0,0,0,0,0.076923,0,0,0,0.076923,0,0,0,0,0,0,0,0,0,0,0,0,0,0,0,0,0,0.23077,0.076923,0.076923,0,0,0,0,0,0.076923,0,0,0,0,0,0,0,0.15385,0,0,0,0.076923,0,0,0,0,0,0,0
0.15625,0.0625,0.03125,0,0.0625,0.0625,0,0,0,0.03125,0,0,0,0,0,0.03125,0.125,0,0.0625,0,0.09375,0,0,0,0,0.03125,0,0,0,0,0,0,0,0.03125,0,0,0.0625,0,0,0,0,0,0.03125,0,0,0,0,0,0.03125,0.03125,0,0,0,0,0,0,0.03125,0,0,0,0,0,0,0.03125
0.052632,0.052632,0,0.052632,0,0,0,0.052632,0,0,0,0,0,0.10526,0,0,0.052632,0.10526,0.052632,0,0,0,0,0,0,0,0,0,0,0,0,0,0.10526,0,0,0,0,0.052632,0,0,0.052632,0,0.052632,0.052632,0,0,0,0,0,0,0,0,0,0,0,0,0.10526,0,0,0,0,0.052632,0,0
0.038462,0.076923,0,0.076923,0.038462,0,0.038462,0,0,0,0,0.038462,0,0.076923,0,0.038462,0.038462,0,0.038462,0,0,0.038462,0,0,0.076923,0,0,0,0,0,0.11538,0.038462,0.038462,0,0.038462,0,0,0,0,0,0.038462,0,0,0,0.038462,0,0,0,0,0,0,0,0,0,0,0,0.038462,0,0,0,0,0.038462,0,0
0,0,0,0,0,0,0,0,0,0,0,0,0,0,0.1,0.1,0,0,0,0,0,0,0,0,0,0.2,0,0,0.1,0,0,0,0,0,0,0,0.1,0,0,0.1,0,0,0,0,0,0,0,0,0.1,0.1,0,0,0,0,0,0,0,0,0,0,0,0,0,0.1
0.16667,0,0,0,0.16667,0,0,0,0,0,0.083333,0,0,0,0,0,0,0,0,0,0,0,0.083333,0,0,0,0.083333,0,0,0,0,0.083333,0,0,0,0.083333,0.083333,0,0,0,0,0,0,0,0,0,0,0,0.083333,0,0,0,0,0,0,0,0,0,0,0,0,0.083333,0,0
0.052632,0,0,0.052632,0.10526,0,0,0,0.052632,0.026316,0,0.026316,0.026316,0.026316,0,0,0.026316,0.026316,0.078947,0.026316,0.026316,0,0,0,0,0,0,0.026316,0.026316,0,0.026316,0,0,0.052632,0,0.052632,0.026316,0.026316,0,0,0.078947,0,0.026316,0,0,0.026316,0,0.026316,0,0,0.026316,0,0.026316,0,0,0,0,0,0,0,0,0,0,0
0,0,0,0,0,0,0,0,0.034483,0,0,0.034483,0,0.068966,0.034483,0,0,0,0,0,0.10345,0.034483,0.034483,0,0,0,0,0.034483,0,0,0,0,0,0,0.068966,0,0,0.068966,0.068966,0,0.068966,0.034483,0,0,0,0.034483,0.034483,0,0,0,0,0,0,0.068966,0,0,0.034483,0.068966,0,0.034483,0,0.034483,0,0
0,0,0.055556,0.055556,0,0,0,0,0.055556,0,0,0,0,0,0,0,0,0,0,0.11111,0.055556,0,0.055556,0,0,0.055556,0.11111,0,0,0,0.055556,0,0.055556,0,0.055556,0,0,0.055556,0,0,0.055556,0,0,0,0,0,0,0,0,0,0,0,0,0.055556,0,0,0.055556,0,0,0,0,0.055556,0,0
0.090909,0,0,0,0.045455,0.045455,0,0,0.045455,0,0,0,0,0.090909,0,0,0.090909,0,0.045455,0,0,0.045455,0,0,0.045455,0,0,0,0,0.045455,0,0,0,0,0.045455,0,0,0,0,0,0.045455,0.045455,0,0,0,0.045455,0,0,0,0,0.045455,0,0,0,0,0,0.045455,0,0,0.045455,0,0.045455,0.045455,0
0.066667,0,0,0.13333,0,0,0.066667,0,0,0,0.066667,0,0,0,0,0,0,0,0,0,0.066667,0.13333,0,0,0.066667,0,0.066667,0,0.066667,0,0,0,0.13333,0,0,0,0,0,0,0,0,0,0,0,0,0,0,0,0,0,0.066667,0,0,0,0.066667,0,0,0,0,0,0,0,0,0
0,0,0.058824,0,0,0.058824,0.058824,0,0,0.11765,0,0.058824,0,0.058824,0,0,0,0,0.058824,0.058824,0,0,0,0,0.058824,0,0,0,0,0,0,0,0,0,0,0,0,0,0,0,0,0,0,0,0,0,0,0,0,0.058824,0.11765,0.058824,0,0,0,0,0,0,0.058824,0,0.058824,0,0,0.058824
0,0,0,0.045455,0,0,0,0,0,0.045455,0,0,0,0.090909,0,0,0.045455,0.045455,0,0,0,0,0,0.045455,0.090909,0.045455,0,0,0,0,0,0,0.045455,0,0,0,0,0.045455,0,0,0.045455,0,0,0,0.090909,0,0,0,0.045455,0,0,0.045455,0,0,0.090909,0,0,0.045455,0.045455,0,0,0,0.045455,0
0.066667,0.066667,0,0,0,0.066667,0.066667,0,0,0,0,0,0,0,0,0,0,0,0,0,0.13333,0.066667,0,0,0,0,0,0,0,0,0,0.066667,0,0,0,0,0,0,0.066667,0.066667,0,0,0,0,0,0,0.066667,0.066667,0,0,0,0,0,0,0,0,0.13333,0,0.066667,0,0,0,0,0
0.0625,0,0,0,0,0,0,0,0.0625,0.0625,0,0,0,0,0.0625,0,0.0625,0,0,0,0,0,0,0,0.0625,0,0,0,0.0625,0,0,0,0,0.0625,0,0.0625,0.0625,0.0625,0,0,0,0,0,0,0,0,0,0,0,0,0,0,0.125,0,0,0,0,0.0625,0.0625,0,0,0,0.0625,0
0,0,0,0,0,0,0.076923,0.076923,0,0,0,0,0,0,0.076923,0,0,0,0.076923,0.15385,0,0,0,0,0,0,0,0,0,0,0,0,0,0,0,0,0,0,0,0.076923,0,0,0.076923,0.076923,0,0,0.15385,0,0,0,0,0,0.076923,0,0,0,0.076923,0,0,0,0,0,0,0
0,0.055556,0.055556,0,0.055556,0,0,0.055556,0,0,0,0,0.11111,0.055556,0,0,0.11111,0,0,0.055556,0,0,0,0,0,0,0,0,0,0,0,0,0.055556,0,0,0,0.055556,0,0.055556,0,0,0,0,0.055556,0.055556,0,0.055556,0,0.055556,0,0,0,0,0,0,0,0,0,0.055556,0,0,0,0,0
0.15385,0,0.038462,0,0.11538,0,0,0.038462,0,0,0,0,0,0.038462,0,0.038462,0.038462,0,0,0,0,0.038462,0,0,0,0,0,0,0,0,0,0,0.11538,0.038462,0,0,0.038462,0,0,0,0.038462,0,0,0,0,0,0,0,0.076923,0,0,0.038462,0,0,0,0,0.038462,0,0.038462,0,0,0,0,0.076923
0.16667,0.11111,0.055556,0,0,0,0.055556,0,0.055556,0,0.055556,0,0.055556,0,0,0,0,0,0,0,0,0,0,0,0,0,0,0,0,0,0,0,0.055556,0,0.055556,0,0,0,0,0,0.055556,0,0,0,0.055556,0,0.055556,0,0,0,0.055556,0,0,0,0,0.055556,0,0,0,0,0.055556,0,0,0
0.086957,0.043478,0,0,0,0,0,0.043478,0.043478,0,0,0,0.043478,0,0,0.043478,0.043478,0,0,0,0.043478,0,0.086957,0,0,0.043478,0,0,0.043478,0,0.043478,0,0,0,0,0,0,0,0.043478,0,0,0,0,0,0,0,0,0,0.043478,0.13043,0.086957,0,0.043478,0,0,0,0,0,0,0,0.043478,0,0,0
0,0,0,0.090909,0,0,0,0,0,0,0,0,0.045455,0.045455,0,0.18182,0.045455,0,0,0.045455,0,0,0,0,0,0,0,0,0,0,0,0,0,0,0,0,0.045455,0,0,0.045455,0,0.045455,0,0.045455,0.045455,0,0,0,0.045455,0.045455,0,0.045455,0.045455,0,0,0.045455,0,0,0,0,0.045455,0.045455,0,0
0,0,0.1,0,0,0,0,0,0,0,0,0,0,0,0,0.1,0,0,0,0.1,0,0,0,0,0,0,0,0,0,0,0,0.1,0,0,0,0,0,0,0,0,0,0,0,0,0,0,0,0,0,0.2,0,0,0,0,0.1,0,0.1,0,0,0.1,0,0,0.1,0
0.125,0.0625,0,0,0,0,0,0,0,0.0625,0,0,0,0,0.0625,0,0.0625,0,0.125,0,0,0,0,0,0.125,0,0.0625,0,0,0,0.0625,0,0.0625,0,0,0,0,0.0625,0,0,0,0.0625,0,0,0,0,0,0,0.0625,0,0,0,0,0,0,0,0,0,0,0,0,0,0,0
0.071429,0,0.071429,0.14286,0,0,0,0,0,0,0,0,0,0,0,0.071429,0.071429,0,0,0,0,0,0.071429,0,0,0.071429,0,0,0,0,0,0.071429,0.071429,0,0,0,0,0,0,0,0,0,0,0,0,0,0.071429,0,0,0,0,0,0,0,0,0.071429,0,0,0,0,0,0.071429,0.071429,0
0.038462,0.038462,0.038462,0,0,0,0,0.038462,0,0,0,0,0,0,0,0.076923,0.038462,0.038462,0,0,0,0,0.038462,0,0.038462,0,0.038462,0,0,0,0,0.038462,0,0,0,0,0,0,0.038462,0,0,0,0,0,0.038462,0,0,0.038462,0,0.038462,0,0.076923,0,0,0.038462,0.076923,0.038462,0,0,0.038462,0,0.076923,0,0.038462
0.032258,0,0,0.032258,0.064516,0,0.064516,0,0.032258,0.032258,0.032258,0,0.032258,0.032258,0,0.064516,0,0,0,0,0,0,0,0.032258,0.032258,0,0.032258,0,0,0.032258,0.064516,0.032258,0.032258,0,0,0.032258,0,0,0,0,0,0,0,0,0.032258,0,0,0,0,0,0.032258,0,0.032258,0.032258,0,0,0.064516,0,0,0,0,0.032258,0.064516,0
0.025974,0,0.012987,0.025974,0.025974,0.012987,0.012987,0.012987,0,0.012987,0,0.012987,0.012987,0.025974,0.012987,0.038961,0,0,0,0.012987,0,0,0.025974,0.012987,0,0.038961,0.012987,0.012987,0,0.012987,0.038961,0.025974,0,0,0.012987,0,0.025974,0.012987,0.025974,0.025974,0.012987,0.012987,0,0,0,0.012987,0.025974,0,0.025974,0.012987,0,0.025974,0.012987,0,0.038961,0.025974,0.064935,0.025974,0,0.025974,0.038961,0.012987,0.025974,0.051948
0,0,0,0,0,0,0,0,0,0,0,0,0,0,0.090909,0,0,0,0,0,0.090909,0,0,0,0,0,0,0,0,0,0,0,0,0,0,0,0.090909,0,0,0,0,0,0,0,0,0,0,0,0.18182,0.090909,0,0,0,0,0,0,0,0,0,0,0.090909,0,0.090909,0.27273
0,0,0,0.066667,0,0,0.066667,0,0,0,0,0,0,0,0.066667,0,0,0,0,0,0,0,0.066667,0.066667,0,0.066667,0,0,0,0,0,0.066667,0,0,0,0,0,0,0.13333,0,0,0,0,0,0,0.066667,0,0.066667,0.066667,0,0,0,0,0,0,0,0,0.066667,0,0,0,0.066667,0.066667,0
0,0,0.1,0,0,0.05,0,0,0,0,0,0,0,0,0.05,0,0.05,0,0,0.05,0,0,0,0,0,0.05,0,0,0,0,0,0,0,0,0.05,0,0.05,0,0,0,0,0,0,0,0,0.05,0,0.1,0,0,0,0,0,0.1,0,0.05,0.05,0.05,0.05,0,0,0,0,0.1
0,0,0,0.058824,0,0,0.058824,0,0.058824,0,0,0,0,0.058824,0.058824,0,0.058824,0,0,0,0,0,0.058824,0.058824,0,0,0,0,0,0.058824,0,0,0.058824,0,0,0,0,0.058824,0,0,0.058824,0,0,0,0,0,0,0,0.058824,0,0,0,0.058824,0,0,0,0.058824,0.058824,0,0,0,0.058824,0,0
0.015873,0,0,0,0.031746,0.063492,0,0.047619,0,0.015873,0,0,0.015873,0,0.031746,0,0.015873,0.047619,0.015873,0.015873,0.015873,0.063492,0,0,0,0.031746,0,0.015873,0.031746,0,0.015873,0.031746,0.015873,0,0,0.031746,0.015873,0.015873,0,0.031746,0,0,0,0.015873,0.031746,0,0,0.031746,0.015873,0,0,0.015873,0.047619,0.031746,0,0.015873,0,0.015873,0.031746,0,0.015873,0.063492,0.015873,0.015873
0.057143,0.057143,0,0,0,0.057143,0,0,0,0,0,0.028571,0.028571,0,0.057143,0.057143,0,0.057143,0.028571,0,0,0.028571,0.057143,0,0.028571,0,0,0,0.028571,0,0.028571,0,0.028571,0,0.028571,0,0.028571,0.057143,0.028571,0,0,0,0,0.028571,0,0,0,0.028571,0.028571,0,0,0,0.028571,0.028571,0,0,0,0,0,0,0.057143,0,0.028571,0
0.034483,0,0,0,0,0.034483,0.034483,0.068966,0,0.034483,0,0,0,0,0.034483,0,0,0,0.034483,0.034483,0.13793,0.034483,0.068966,0,0.034483,0,0.034483,0,0.034483,0,0,0,0.068966,0,0,0,0,0,0,0,0.034483,0,0,0,0,0,0.034483,0,0.034483,0,0,0,0,0.034483,0,0,0.034483,0,0,0,0,0.034483,0.034483,0.034483
0,0,0,0,0,0.0625,0,0,0,0,0,0,0,0,0,0.0625,0,0,0,0.0625,0,0,0,0,0,0,0,0,0,0,0,0.0625,0,0.0625,0,0,0,0.0625,0,0,0.0625,0,0,0.0625,0,0,0,0,0,0,0,0.125,0,0,0,0,0.125,0.0625,0,0,0.0625,0,0.0625,0.0625
0.025,0.05,0.025,0.05,0,0,0,0,0,0,0,0.025,0,0,0,0.025,0.025,0,0.025,0,0,0,0.025,0,0,0,0.05,0.05,0,0,0.025,0,0,0,0,0,0,0,0.025,0,0,0,0.025,0,0,0.025,0.125,0,0,0.05,0,0.025,0.1,0,0.05,0,0,0.075,0,0.075,0,0.025,0,0
0.083333,0.16667,0,0.16667,0,0,0,0,0,0,0,0,0,0.083333,0,0,0.083333,0,0,0,0,0.083333,0,0,0,0,0,0,0.083333,0,0,0,0.083333,0,0,0,0,0,0.083333,0,0,0,0,0,0,0,0,0,0,0,0,0,0,0,0,0,0,0,0,0,0,0.083333,0,0
0.3,0,0,0,0,0,0,0,0,0,0,0,0,0,0,0,0.1,0,0,0,0,0.1,0.1,0,0,0,0,0,0,0,0,0,0,0,0,0,0.1,0,0,0,0,0,0,0,0,0,0,0,0.1,0,0,0.1,0,0,0,0,0,0,0,0.1,0,0,0,0
0,0,0.083333,0,0,0,0,0,0,0,0,0,0,0,0,0,0.083333,0,0.083333,0,0,0,0.083333,0,0.25,0,0,0,0,0,0.083333,0,0,0,0.083333,0,0,0,0,0,0.083333,0,0,0,0,0,0,0,0,0,0,0,0,0,0.083333,0,0,0.083333,0,0,0,0,0,0
0.071429,0,0,0.071429,0,0,0,0,0,0,0,0,0,0,0,0,0,0.071429,0,0,0,0.071429,0,0,0.071429,0.071429,0,0,0,0,0,0,0,0,0.071429,0.071429,0,0,0,0,0,0.071429,0.071429,0,0,0,0,0,0.071429,0,0,0,0,0,0,0,0,0,0,0,0,0.071429,0,0.14286
0.058824,0,0,0,0.11765,0,0,0,0.11765,0.058824,0.058824,0,0.058824,0,0,0,0,0,0.058824,0,0,0.058824,0,0,0,0,0,0,0,0,0,0,0.058824,0.058824,0,0,0,0,0,0,0,0.058824,0,0,0,0,0,0,0,0,0,0,0.058824,0,0,0.058824,0,0,0,0.058824,0,0,0,0.058824
0,0,0.058824,0,0,0,0,0.058824,0,0.11765,0,0,0,0.058824,0,0,0,0.23529,0,0,0,0,0,0.058824,0,0,0,0,0,0,0.058824,0,0,0,0,0,0,0,0,0,0,0,0,0.058824,0,0,0,0,0,0,0,0.058824,0,0,0.058824,0,0,0,0.058824,0,0.11765,0,0,0
0,0,0,0,0,0,0.038462,0,0,0.038462,0,0.038462,0,0.076923,0,0.038462,0,0,0.038462,0,0.038462,0,0,0,0,0.038462,0.038462,0,0,0,0.038462,0.038462,0.038462,0,0,0.038462,0.038462,0,0.038462,0,0,0.038462,0.038462,0,0,0,0.038462,0.038462,0,0,0,0,0,0,0.076923,0,0,0.038462,0,0.038462,0,0.076923,0,0
0,0,0,0.058824,0,0,0,0.058824,0,0,0,0,0,0,0,0,0,0,0,0,0,0.058824,0,0.058824,0,0,0,0,0,0.058824,0,0,0.058824,0,0,0.058824,0.058824,0,0,0,0,0.058824,0,0,0,0.058824,0,0.058824,0,0,0,0.058824,0,0,0.11765,0.058824,0,0,0,0.058824,0,0.058824,0,0
0.052632,0,0,0,0,0,0,0,0,0,0,0,0,0,0.052632,0.15789,0,0,0,0,0,0,0,0,0,0,0.10526,0.052632,0.052632,0,0,0,0,0,0,0,0,0,0.052632,0,0,0.052632,0,0,0,0,0,0.052632,0,0,0,0,0,0,0,0,0.052632,0,0,0,0.15789,0,0.15789,0
0.083333,0.083333,0.041667,0,0,0.041667,0,0,0,0,0,0.083333,0.041667,0,0,0,0,0,0.083333,0.041667,0,0.041667,0,0,0.041667,0,0.041667,0.083333,0,0,0,0,0,0,0,0,0,0,0.041667,0,0,0,0,0,0,0,0,0,0,0,0.041667,0,0.041667,0.041667,0,0,0.041667,0,0.041667,0,0,0,0,0.041667
0.055556,0,0.055556,0,0,0,0.055556,0,0,0.11111,0.055556,0.11111,0,0,0,0,0.055556,0.055556,0,0,0,0,0,0,0.055556,0,0,0,0,0,0,0,0,0,0,0,0,0,0,0,0,0.11111,0,0,0,0,0.055556,0,0,0,0,0.055556,0,0,0,0,0.11111,0,0.055556,0,0,0,0,0
0,0,0,0.090909,0.18182,0,0,0.090909,0,0.090909,0,0,0,0,0,0,0,0,0,0,0.090909,0,0,0,0,0,0,0,0.090909,0,0,0,0,0,0,0,0.090909,0,0.090909,0,0,0,0,0,0,0,0,0.090909,0,0,0,0,0,0,0,0,0,0,0.090909,0,0,0,0,0
0.1,0,0.1,0,0,0,0,0,0,0,0,0,0,0,0,0,0,0.1,0.1,0,0,0,0,0,0,0,0.1,0,0,0,0,0,0.1,0,0,0,0,0,0,0,0.1,0,0,0,0,0,0,0,0,0,0.1,0,0,0,0,0,0,0.1,0,0,0,0,0.1,0
0.025641,0,0.025641,0,0,0.025641,0,0,0,0,0,0,0.051282,0.051282,0.051282,0.025641,0.076923,0,0.051282,0.051282,0,0.025641,0.025641,0,0,0,0.025641,0.025641,0,0,0.025641,0,0,0,0,0,0,0.025641,0,0,0,0.025641,0,0,0,0,0.051282,0,0,0,0.025641,0.076923,0,0,0.025641,0,0,0,0,0.076923,0.025641,0,0.025641,0.076923
0.10811,0.054054,0.027027,0.027027,0.054054,0,0,0,0,0.054054,0,0,0.027027,0,0,0,0,0,0,0.027027,0,0,0,0,0,0.027027,0,0.054054,0,0,0,0,0.027027,0,0,0,0.027027,0,0,0.081081,0,0.027027,0,0,0,0,0.081081,0.027027,0.027027,0.027027,0,0,0,0.027027,0,0,0.027027,0.027027,0,0.054054,0.027027,0,0,0.054054
0.090909,0.045455,0.045455,0,0.045455,0,0,0,0,0.045455,0,0.045455,0,0,0.045455,0.090909,0.090909,0,0.045455,0,0,0,0,0,0.13636,0,0,0,0.045455,0,0,0,0,0,0,0,0,0,0,0,0,0,0,0,0.045455,0,0.13636,0,0,0,0,0,0,0,0,0,0,0.045455,0,0,0,0,0,0
0.066667,0.13333,0.066667,0,0.066667,0,0,0,0,0,0,0,0.066667,0,0,0.066667,0,0.066667,0.066667,0.066667,0,0,0,0,0,0,0,0,0,0.066667,0,0,0,0,0,0,0,0,0,0,0,0.066667,0,0,0,0,0,0,0,0,0,0,0,0,0.066667,0,0,0,0,0,0.066667,0.066667,0,0
0.10769,0.030769,0.015385,0.046154,0.061538,0.015385,0,0.046154,0.015385,0.015385,0,0.015385,0.030769,0.030769,0.015385,0.015385,0.061538,0,0.015385,0.030769,0,0.015385,0,0,0,0,0,0,0.015385,0,0.015385,0,0.030769,0,0,0,0,0.030769,0.015385,0.015385,0,0,0.015385,0,0.030769,0.015385,0.030769,0,0.030769,0.030769,0,0,0.015385,0,0,0,0,0,0,0.030769,0.046154,0.030769,0.015385,0
0.27273,0.090909,0,0,0,0,0,0,0,0.090909,0,0,0.090909,0,0,0,0,0.090909,0,0,0,0.090909,0,0,0,0,0,0,0,0,0,0,0,0.090909,0.090909,0,0,0,0,0,0,0.090909,0,0,0,0,0,0,0,0,0,0,0,0,0,0,0,0,0,0,0,0,0,0
0.0625,0,0,0.0625,0,0,0,0.0625,0,0,0,0,0,0,0,0.25,0,0,0,0,0,0,0,0,0,0,0,0,0,0,0,0,0,0,0.0625,0,0,0,0,0,0,0,0,0,0,0,0.0625,0.0625,0,0,0,0,0,0,0,0,0,0,0,0,0,0.1875,0,0.1875
0.063492,0.047619,0.031746,0,0,0.015873,0.015873,0.015873,0.031746,0,0,0.015873,0.047619,0.031746,0,0,0.031746,0,0.015873,0.015873,0.015873,0,0.015873,0,0.015873,0.031746,0,0.015873,0,0.047619,0,0.047619,0.047619,0,0.031746,0.015873,0,0,0,0.015873,0.047619,0,0.015873,0,0.015873,0,0.047619,0,0.047619,0.031746,0.015873,0.015873,0,0,0.015873,0.015873,0,0,0,0,0.015873,0,0.015873,0.015873
0.090909,0.045455,0.045455,0.045455,0.090909,0,0.13636,0,0,0,0,0,0.090909,0,0,0,0,0,0.045455,0,0,0,0,0,0,0.045455,0,0,0,0,0,0,0.045455,0,0,0,0,0,0.045455,0,0.045455,0.045455,0,0,0.090909,0,0,0,0.045455,0,0,0,0,0,0,0,0,0.045455,0,0,0,0,0,0
0.045455,0.13636,0.045455,0,0,0,0,0,0,0.045455,0.045455,0,0,0.045455,0,0,0.090909,0.045455,0,0,0.045455,0,0,0,0,0,0,0,0,0,0,0.045455,0,0,0,0,0,0,0,0,0.045455,0.045455,0,0,0,0,0,0.045455,0.18182,0,0,0,0.045455,0,0,0,0,0,0,0.045455,0,0,0,0
0,0,0,0.076923,0,0,0,0.076923,0,0,0,0.076923,0,0.076923,0,0,0.076923,0,0,0,0,0,0,0,0.076923,0,0,0,0,0,0.076923,0,0,0,0.076923,0,0,0,0,0,0,0,0,0,0,0,0,0,0,0.076923,0.076923,0,0,0,0.076923,0.076923,0,0,0,0,0,0,0,0.076923
0.1,0,0,0,0.1,0,0,0,0,0,0,0,0,0,0,0.1,0,0,0,0,0,0,0,0,0,0,0,0,0,0,0,0,0,0,0,0,0,0,0,0,0,0.1,0,0,0,0,0,0.1,0,0,0,0.1,0.1,0,0,0,0,0,0,0,0.1,0.2,0,0
0,0.125,0,0,0,0,0,0.125,0,0,0,0,0,0,0,0,0,0,0,0,0,0,0,0,0,0,0,0,0.125,0,0,0,0,0,0,0,0,0,0,0,0,0.125,0,0,0,0,0,0,0,0,0.125,0,0.125,0,0,0,0,0,0,0,0.125,0,0,0.125
0.14815,0.037037,0,0.074074,0.11111,0.037037,0,0,0,0,0,0.074074,0,0,0,0,0,0,0,0,0,0,0,0,0,0,0,0,0,0,0.037037,0,0,0,0,0,0.074074,0.037037,0,0,0,0,0,0.037037,0,0.037037,0,0,0.074074,0.037037,0.037037,0,0,0,0,0.037037,0,0,0,0,0.037037,0.037037,0,0.037037
0,0.058824,0.058824,0.058824,0,0,0,0,0,0,0,0,0,0,0,0,0.058824,0,0.058824,0,0,0.058824,0,0,0,0.058824,0.11765,0.058824,0,0,0.058824,0,0,0,0,0.058824,0,0,0,0,0,0,0.058824,0,0,0,0,0,0,0,0,0,0.11765,0,0,0,0.058824,0,0,0,0,0,0,0.058824
0.1,0,0,0,0,0,0,0.2,0,0,0,0,0,0,0,0,0,0,0,0,0,0,0.1,0,0.2,0,0,0,0,0,0,0,0,0,0,0,0,0,0,0,0,0,0,0,0.1,0,0,0,0.1,0,0,0,0,0,0,0,0,0.1,0,0,0,0,0.1,0
0.037037,0,0,0,0.037037,0.037037,0,0,0.074074,0.037037,0,0,0,0,0,0,0,0,0,0.037037,0.037037,0,0,0,0.037037,0,0,0,0,0.037037,0.037037,0,0,0,0.037037,0,0.037037,0,0.037037,0.074074,0,0,0.074074,0,0,0,0,0,0,0.037037,0,0,0.037037,0.037037,0.037037,0,0.037037,0,0,0.037037,0,0,0.11111,0
0,0,0.076923,0,0,0,0.076923,0,0,0,0,0,0,0,0,0,0,0,0,0.076923,0,0,0,0,0,0,0.076923,0,0,0,0,0,0.076923,0.076923,0,0,0,0,0,0,0,0.076923,0,0,0,0.076923,0,0.076923,0.15385,0,0,0,0,0,0,0,0,0,0,0.076923,0,0,0.076923,0
0,0.14286,0,0,0,0.071429,0,0,0,0,0,0,0,0,0,0,0,0,0,0,0.071429,0,0.071429,0,0,0.071429,0,0,0,0.071429,0,0,0,0,0,0,0,0,0.071429,0.071429,0.071429,0,0,0.071429,0.071429,0,0,0,0,0,0,0,0.071429,0,0,0,0,0.071429,0,0,0,0,0,0
0,0,0,0,0,0.1,0,0,0.1,0,0,0.1,0,0,0.1,0,0,0,0,0,0,0,0,0,0,0,0,0,0.1,0,0,0,0,0.1,0,0,0.1,0,0,0,0,0,0,0,0,0.1,0,0,0,0,0,0,0.1,0,0,0,0,0,0,0,0,0.1,0,0
0.041667,0,0,0,0.041667,0,0,0.041667,0,0.041667,0,0,0.041667,0,0,0,0,0.083333,0,0,0,0,0,0,0,0,0,0,0,0.041667,0.041667,0.041667,0,0,0,0,0,0,0.041667,0.041667,0,0,0.041667,0,0,0.041667,0,0.041667,0.041667,0,0,0,0,0,0.083333,0,0,0,0.041667,0,0.041667,0,0.041667,0.125
0.0625,0,0.0625,0,0,0,0,0,0,0,0.0625,0.125,0,0,0,0.0625,0.0625,0.0625,0,0,0,0,0,0,0,0,0,0,0,0,0,0,0,0.0625,0,0,0.125,0,0,0.0625,0.0625,0,0,0,0,0,0,0,0,0,0,0,0,0,0,0,0.0625,0,0,0,0.125,0,0,0
0,0,0,0.052632,0,0,0,0,0,0,0,0.052632,0.15789,0.052632,0.052632,0,0.10526,0,0,0.052632,0.052632,0,0,0,0,0.052632,0,0,0,0,0,0,0,0.052632,0,0.052632,0,0,0,0,0,0,0,0.052632,0,0,0,0,0.10526,0,0,0,0,0,0,0,0.10526,0,0,0,0,0,0,0
0.13043,0.086957,0.043478,0,0.043478,0,0,0,0,0,0,0.043478,0.043478,0,0,0,0,0,0.043478,0,0,0,0,0,0,0,0,0.043478,0,0,0,0.043478,0,0,0,0,0.086957,0.043478,0.043478,0.043478,0.043478,0,0,0,0,0,0.043478,0,0,0,0,0.043478,0.043478,0.043478,0,0,0,0,0,0,0,0,0,0.043478
0,0.055556,0,0.055556,0,0,0,0,0,0,0,0,0.055556,0,0.055556,0,0.055556,0.055556,0,0.055556,0,0,0,0,0,0,0,0,0,0,0,0,0,0,0,0,0,0,0,0,0,0,0,0,0,0,0.11111,0,0,0,0,0,0.11111,0,0,0,0,0,0.055556,0.11111,0,0.055556,0.11111,0.055556
0.02381,0.047619,0.047619,0,0.047619,0,0,0,0.02381,0.071429,0,0,0,0.02381,0,0,0.095238,0.047619,0.02381,0,0.047619,0,0,0,0.02381,0,0.02381,0.02381,0,0.02381,0.02381,0,0.02381,0.02381,0,0,0.02381,0.02381,0,0.02381,0,0.047619,0,0,0,0,0,0.02381,0,0,0,0,0,0,0.047619,0,0,0,0.02381,0,0,0,0.095238,0.02381
0,0,0,0,0.0625,0,0,0,0,0,0,0,0,0.0625,0.0625,0.0625,0,0,0,0,0,0.0625,0.0625,0,0,0.0625,0.0625,0,0,0,0.0625,0,0,0,0,0,0,0.125,0,0,0,0,0,0,0,0.0625,0,0,0,0,0,0,0,0,0,0,0,0.0625,0,0.0625,0,0.0625,0,0.0625
0.19048,0,0,0.047619,0,0,0,0,0.047619,0,0,0,0,0,0.047619,0,0.095238,0,0,0,0.047619,0,0.047619,0,0,0.047619,0,0,0,0,0,0,0,0,0,0,0,0,0.047619,0,0,0,0,0,0,0,0.047619,0,0,0,0,0,0,0,0.047619,0.047619,0.047619,0,0,0.047619,0.095238,0.047619,0,0
0.027778,0.083333,0.027778,0,0.027778,0,0,0,0,0.027778,0.027778,0,0.055556,0,0,0,0.027778,0.055556,0,0,0.027778,0,0,0,0.027778,0.027778,0,0,0,0,0,0,0.055556,0.055556,0,0.055556,0.027778,0,0.055556,0,0.027778,0,0.027778,0.027778,0,0,0,0,0,0,0,0,0.027778,0,0.083333,0,0,0,0.027778,0,0,0,0.083333,0
0.25,0,0.0625,0,0.1875,0.0625,0,0,0.0625,0.0625,0,0,0.0625,0,0,0,0,0,0,0,0,0,0,0,0,0,0,0,0,0,0,0,0.0625,0,0,0,0,0,0,0,0,0,0,0,0,0,0,0,0,0.0625,0.0625,0.0625,0,0,0,0,0,0,0,0,0,0,0,0
0.035294,0.023529,0.035294,0,0.011765,0,0.011765,0.011765,0,0,0.023529,0.023529,0,0.035294,0,0,0.023529,0.047059,0.10588,0,0.035294,0.023529,0,0,0.023529,0.011765,0.011765,0,0.035294,0.023529,0.011765,0.011765,0,0,0.011765,0.058824,0.023529,0.035294,0.011765,0,0.035294,0.023529,0.011765,0.011765,0,0,0,0,0.023529,0,0,0.023529,0,0.035294,0.035294,0,0.011765,0,0.011765,0,0.011765,0.011765,0.023529,0.011765
0.047619,0.047619,0,0,0.047619,0,0,0,0,0.28571,0,0,0.095238,0.047619,0,0,0,0.047619,0,0,0,0,0,0,0,0.047619,0,0,0.047619,0,0,0,0,0,0,0,0,0,0,0,0,0.095238,0,0,0,0,0,0,0.047619,0.047619,0,0.047619,0,0,0,0,0.047619,0,0,0,0,0,0,0
0.045455,0.045455,0.045455,0.022727,0.22727,0.022727,0.022727,0.022727,0.022727,0.022727,0,0,0.045455,0,0,0.045455,0.022727,0,0,0,0,0,0,0,0.045455,0.022727,0,0.022727,0,0,0,0,0.022727,0,0,0,0.090909,0.022727,0.022727,0,0,0,0,0,0,0.022727,0,0,0.022727,0.022727,0,0,0.022727,0.022727,0,0,0,0,0,0,0.022727,0,0,0
0,0.029412,0,0.029412,0.029412,0,0,0.029412,0.029412,0.058824,0,0.029412,0,0,0.029412,0.058824,0,0.029412,0,0,0,0,0,0,0,0.058824,0,0,0,0.029412,0,0.029412,0.029412,0,0.029412,0,0.029412,0,0,0.029412,0.029412,0,0.029412,0,0.029412,0,0,0.029412,0,0.029412,0,0,0,0.029412,0.029412,0.029412,0.029412,0,0,0,0,0.058824,0.029412,0.058824
0,0.027027,0,0,0.16216,0,0,0.054054,0,0,0,0,0.054054,0.027027,0,0,0,0.054054,0,0,0.027027,0,0,0,0,0.027027,0,0.054054,0,0,0,0,0,0,0,0,0.027027,0,0.027027,0,0,0,0,0,0.027027,0,0.16216,0.027027,0,0,0,0,0,0,0,0,0.081081,0.027027,0,0.027027,0.054054,0,0.027027,0.027027
0.03125,0.03125,0,0.0625,0.125,0.15625,0,0,0.03125,0.0625,0,0,0.03125,0.0625,0,0,0.03125,0,0,0,0,0,0,0,0,0,0.03125,0.03125,0.03125,0,0,0,0,0,0.0625,0,0.03125,0.03125,0,0,0,0.03125,0,0,0,0,0,0,0,0.0625,0,0.03125,0,0,0,0,0,0,0,0,0,0,0,0.03125
0.11765,0.058824,0.17647,0,0.058824,0,0,0,0.11765,0,0,0,0.058824,0.058824,0,0,0.058824,0,0,0,0,0.058824,0,0,0,0,0,0,0,0,0,0,0,0,0.058824,0,0,0,0,0,0,0,0,0,0,0,0,0,0.058824,0,0.058824,0,0,0,0,0,0,0,0,0,0,0.058824,0,0
0.028571,0.028571,0,0,0.11429,0,0.028571,0.085714,0,0.057143,0,0,0.057143,0,0,0,0.028571,0.11429,0,0,0,0,0,0.028571,0,0,0,0,0.028571,0.028571,0,0,0,0,0,0,0.057143,0,0,0,0,0,0,0.028571,0,0,0,0,0.057143,0.057143,0,0,0.028571,0.028571,0,0.028571,0.028571,0,0,0,0.028571,0,0,0.028571
0.2,0,0.066667,0,0,0,0,0,0.066667,0,0,0.066667,0,0,0,0,0.066667,0,0,0,0,0,0,0,0,0,0,0,0,0,0,0,0,0,0,0,0.13333,0,0,0,0,0.066667,0,0,0,0,0.066667,0,0,0,0,0,0.066667,0,0,0,0,0,0,0.066667,0,0.066667,0,0.066667
0.11765,0.088235,0,0.058824,0.14706,0.088235,0,0,0,0.058824,0,0,0,0.029412,0,0.029412,0.058824,0,0,0,0.029412,0,0,0,0,0,0,0,0.029412,0,0,0,0.029412,0,0,0.029412,0,0,0,0,0,0,0,0,0,0,0,0,0.058824,0,0,0.029412,0.029412,0,0.058824,0,0,0.029412,0,0,0,0,0,0
0,0.032258,0,0.096774,0,0,0.032258,0,0,0,0,0.032258,0,0,0,0,0.096774,0.032258,0.064516,0,0,0,0.032258,0.032258,0.032258,0,0,0.032258,0,0,0,0,0.032258,0,0,0,0,0,0,0.032258,0,0,0,0,0.032258,0.032258,0.064516,0,0,0,0.032258,0.032258,0,0,0,0,0,0,0.032258,0.064516,0,0.064516,0.032258,0.032258
0,0,0,0,0,0,0,0,0,0,0,0,0,0,0.05,0.05,0.05,0,0,0,0,0,0,0,0,0.05,0,0.1,0,0.05,0,0.1,0,0,0,0,0,0,0.05,0,0.05,0,0,0,0,0,0.05,0.05,0,0,0,0,0,0,0.05,0.1,0,0,0,0.05,0,0.05,0.05,0.05
0.034483,0.034483,0,0.034483,0.034483,0,0,0,0,0,0,0,0.034483,0.034483,0,0,0.034483,0,0,0,0.034483,0,0,0,0,0.034483,0.034483,0,0,0.034483,0,0,0.068966,0,0.034483,0,0,0,0.034483,0,0,0,0,0,0.034483,0,0.034483,0.034483,0.034483,0,0.034483,0,0,0,0.034483,0.034483,0,0,0,0.034483,0.10345,0.034483,0,0.068966
0.034483,0,0,0.034483,0.068966,0.034483,0,0,0,0,0,0.034483,0.068966,0,0,0,0.034483,0,0,0.034483,0,0,0,0.034483,0.034483,0,0,0.034483,0,0.034483,0,0.034483,0.034483,0,0,0,0.034483,0.034483,0,0.034483,0,0,0,0.034483,0.034483,0,0,0.034483,0,0.034483,0,0.034483,0,0,0,0,0.034483,0.034483,0,0.034483,0.034483,0,0,0.034483
0,0,0,0,0,0,0,0,0.071429,0.14286,0,0,0,0,0.071429,0,0,0.071429,0,0,0,0,0,0,0,0,0.071429,0,0,0,0,0,0.071429,0.071429,0,0.071429,0.071429,0,0.071429,0,0.071429,0,0,0,0,0,0.071429,0,0,0,0.071429,0,0,0,0,0,0,0,0,0,0,0,0,0
0,0,0.052632,0.10526,0,0,0.052632,0,0.052632,0.052632,0,0,0,0,0,0,0,0,0.052632,0,0,0,0,0,0.10526,0,0.052632,0,0.052632,0,0,0,0,0,0.052632,0,0,0,0,0.052632,0.052632,0,0,0,0,0,0,0,0,0,0,0,0.15789,0,0,0,0.10526,0,0,0,0,0,0,0
0.071429,0,0,0,0.071429,0.071429,0.071429,0,0,0.14286,0,0.071429,0,0,0,0,0.071429,0,0.071429,0,0,0,0,0,0,0.071429,0.14286,0,0,0,0,0,0,0,0,0,0,0.071429,0,0,0,0,0,0,0,0,0,0,0,0,0,0.071429,0,0,0,0,0,0,0,0,0,0,0,0
0,0,0,0,0.071429,0,0,0.071429,0,0,0,0,0,0,0,0,0,0,0,0,0,0.071429,0,0.071429,0,0.071429,0,0,0,0.071429,0,0,0,0,0,0.071429,0.071429,0,0.071429,0,0,0,0,0,0,0,0.071429,0,0,0,0,0.071429,0,0,0,0,0,0,0,0,0,0.071429,0.071429,0.071429
0,0.035714,0,0.071429,0.035714,0,0,0,0.071429,0,0,0.035714,0.035714,0,0,0.035714,0,0.035714,0,0,0.035714,0,0,0,0,0.071429,0.035714,0,0,0.035714,0.035714,0,0.071429,0,0,0,0.071429,0,0.035714,0,0,0,0,0,0,0,0.071429,0.035714,0.035714,0,0,0,0,0,0,0,0,0.035714,0,0,0.035714,0.035714,0,0
0,0,0,0,0,0.125,0,0.125,0,0,0,0,0.125,0,0,0.125,0,0.125,0,0,0,0,0.125,0,0,0,0,0,0,0,0.125,0,0,0,0,0.125,0,0,0,0,0,0,0,0,0,0,0,0,0,0,0,0,0,0,0,0,0,0,0,0,0,0,0,0
0.083333,0.083333,0,0,0.083333,0,0,0,0,0,0,0,0,0,0,0.16667,0.083333,0.083333,0,0,0,0,0,0,0.083333,0,0,0,0,0,0,0,0,0,0,0,0,0,0.083333,0,0,0,0,0,0,0,0,0,0.083333,0,0.083333,0,0.083333,0,0,0,0,0,0,0,0,0,0,0
0,0,0,0,0,0,0,0,0,0,0,0,0.2,0.1,0,0,0,0,0,0,0,0,0,0,0,0,0,0,0,0.1,0.1,0,0,0.1,0,0,0,0,0,0,0.1,0,0,0,0.1,0,0.1,0,0,0,0.1,0,0,0,0,0,0,0,0,0,0,0,0,0
0.0625,0.03125,0,0,0.03125,0,0,0.03125,0.03125,0.03125,0,0,0.0625,0.03125,0.03125,0,0,0.03125,0,0.03125,0.0625,0.03125,0,0,0.03125,0.03125,0,0.03125,0,0,0.03125,0,0,0,0,0,0.03125,0.0625,0,0,0,0,0,0,0,0.0625,0,0,0,0.03125,0.03125,0,0.03125,0,0,0,0.03125,0.03125,0,0,0,0.03125,0,0.03125
0.2,0.05,0,0,0.05,0,0.05,0,0.05,0.05,0,0,0,0,0.05,0,0,0,0,0,0,0,0,0,0,0,0,0,0,0,0.05,0.05,0,0,0,0.05,0.05,0,0,0,0,0,0,0,0,0,0,0,0,0,0.05,0,0,0.05,0,0,0,0,0,0,0.1,0.05,0.05,0
0.18182,0,0,0,0,0,0,0,0,0,0,0,0,0,0,0,0,0,0,0,0,0,0,0,0,0,0,0,0,0,0,0,0,0,0,0.090909,0.090909,0,0,0,0,0,0,0,0.090909,0.090909,0,0,0,0,0,0,0,0,0,0,0.090909,0.18182,0.090909,0,0,0.090909,0,0
0,0.076923,0,0.076923,0.076923,0,0,0,0,0.076923,0,0,0.076923,0,0,0,0,0,0.076923,0,0,0,0,0,0,0,0,0.076923,0,0,0,0,0,0,0.076923,0,0.15385,0,0,0,0,0,0,0,0,0,0,0,0,0,0,0,0.076923,0,0,0,0,0,0,0,0,0.076923,0.076923,0
0.125,0,0.125,0,0,0.125,0,0,0,0,0,0,0,0,0.125,0,0,0,0,0,0,0,0.25,0,0,0,0,0,0,0,0,0,0,0,0,0,0,0.125,0,0,0,0,0,0,0,0,0,0.125,0,0,0,0,0,0,0,0,0,0,0,0,0,0,0,0
0.061538,0.015385,0,0.030769,0.015385,0.015385,0.015385,0,0.061538,0.061538,0,0.030769,0.015385,0.030769,0,0.046154,0.015385,0,0,0,0.030769,0,0,0,0.015385,0.030769,0.030769,0.046154,0.015385,0,0.015385,0,0.015385,0.030769,0.015385,0.015385,0.030769,0.015385,0,0,0.015385,0.030769,0,0,0.030769,0,0.015385,0.015385,0,0.030769,0.015385,0.015385,0.015385,0,0,0,0.015385,0,0,0,0.015385,0,0.030769,0.030769
0,0,0,0,0,0,0,0,0,0,0,0,0,0.11111,0,0,0,0,0,0,0,0,0.055556,0,0,0.055556,0.055556,0,0,0.055556,0.22222,0,0,0,0,0,0,0,0,0,0,0,0,0,0,0,0.055556,0.055556,0,0,0,0,0,0,0,0,0.11111,0.055556,0,0.11111,0,0,0.055556,0
0,0,0.071429,0,0.071429,0,0,0,0,0,0,0,0,0.14286,0.071429,0,0.071429,0.071429,0,0,0,0,0,0,0,0,0,0,0,0,0,0,0.071429,0,0,0,0,0,0,0,0,0.071429,0,0.071429,0.071429,0,0,0,0,0,0,0,0,0,0,0.071429,0.071429,0,0,0,0,0,0,0.071429
0.08,0,0.04,0.08,0.04,0.04,0,0,0.08,0,0.04,0,0,0,0,0,0.04,0,0.04,0,0,0.04,0,0,0,0,0,0,0,0,0.08,0.04,0,0.04,0,0,0,0,0,0,0,0,0,0,0,0.04,0,0,0.08,0,0,0,0,0,0.08,0,0,0,0,0,0.12,0,0,0
0.043478,0,0,0.043478,0.043478,0,0,0,0,0,0,0,0.13043,0,0,0.043478,0.043478,0,0,0,0,0,0,0,0,0,0.043478,0.043478,0,0,0,0,0.043478,0,0,0,0,0,0.043478,0,0,0,0,0,0,0,0,0.086957,0,0,0,0.043478,0,0,0,0.043478,0,0.086957,0.043478,0,0,0.13043,0,0.043478
0.083333,0.083333,0,0,0,0,0,0,0.083333,0,0,0,0,0,0,0,0,0.083333,0,0,0,0,0,0,0,0,0,0,0,0,0,0.083333,0,0,0.083333,0.083333,0,0.083333,0,0,0,0,0,0,0,0,0.083333,0,0,0,0,0,0,0.083333,0,0,0,0,0,0,0,0.16667,0,0
0.10256,0,0.025641,0.051282,0.076923,0,0,0,0,0.025641,0,0.025641,0.025641,0.025641,0.025641,0,0.051282,0,0.025641,0,0,0,0,0,0.051282,0,0,0,0,0,0,0,0,0,0,0,0,0,0.025641,0.025641,0.025641,0,0,0,0,0,0.051282,0.051282,0,0,0,0,0.025641,0,0.025641,0,0.051282,0,0,0,0,0.076923,0.025641,0.10256
0.014286,0,0.071429,0.014286,0,0.028571,0.028571,0.028571,0.014286,0,0,0.014286,0.042857,0,0.014286,0.014286,0.028571,0.014286,0.014286,0.014286,0.014286,0.028571,0.057143,0,0.014286,0,0.028571,0.028571,0.028571,0.014286,0,0,0.014286,0.014286,0,0.042857,0.028571,0.028571,0.014286,0,0.014286,0.014286,0,0.014286,0,0,0.028571,0.014286,0,0.014286,0.028571,0.014286,0.057143,0.028571,0.014286,0,0.014286,0,0,0.014286,0.014286,0,0,0
0.16667,0.16667,0,0,0,0,0,0,0.083333,0,0,0,0,0,0,0,0,0,0.083333,0,0,0,0,0,0,0,0,0,0,0,0,0,0,0,0,0,0,0,0,0,0,0,0,0,0,0,0,0,0,0.083333,0.083333,0,0.16667,0,0,0.16667,0,0,0,0,0,0,0,0
0,0,0,0.1,0,0,0,0,0,0,0,0,0,0,0,0,0,0,0,0,0,0,0,0,0,0,0.1,0,0,0,0.1,0,0,0,0,0,0,0,0,0,0,0,0.1,0,0,0,0,0,0.1,0,0.1,0,0.1,0,0,0,0,0,0,0.1,0,0,0.1,0.1
0.018868,0.037736,0.075472,0.018868,0.056604,0,0.018868,0,0.056604,0,0.018868,0,0.11321,0,0.018868,0.018868,0.056604,0,0.018868,0.018868,0,0.037736,0,0,0.018868,0,0,0,0.018868,0,0.018868,0.037736,0.018868,0,0.018868,0,0,0,0.018868,0.018868,0.037736,0,0.037736,0,0,0,0,0.037736,0,0,0.018868,0.018868,0,0.018868,0.018868,0,0.018868,0,0,0,0.018868,0,0,0.018868
0.071429,0.071429,0,0,0.071429,0,0.071429,0,0.071429,0,0,0,0.071429,0.14286,0,0,0,0,0,0,0.071429,0,0,0,0.071429,0,0,0,0,0,0,0,0.071429,0,0,0,0,0,0,0,0,0,0,0,0,0,0,0,0,0,0,0,0,0.071429,0,0,0,0.071429,0.071429,0,0,0,0,0
0,0,0,0,0.14286,0,0.071429,0,0,0.071429,0.071429,0,0.071429,0,0,0,0.21429,0,0,0,0,0,0,0,0.071429,0,0,0,0,0,0,0,0,0.071429,0,0,0,0.071429,0.071429,0,0,0,0,0,0,0,0.071429,0,0,0,0,0,0,0,0,0,0,0,0,0,0,0,0,0
0,0,0,0,0,0,0,0.04,0.04,0.08,0.04,0.04,0,0,0.04,0.08,0.04,0,0,0,0,0,0,0,0.08,0,0,0.04,0,0,0,0,0,0,0,0,0,0.04,0,0,0.04,0,0,0.04,0.04,0,0,0,0,0,0,0,0,0,0.04,0,0,0.08,0.04,0.12,0,0,0,0.04
0,0,0,0,0,0,0,0,0,0.11111,0,0,0,0,0,0,0.11111,0,0,0.11111,0,0,0,0,0,0,0.11111,0,0,0,0.11111,0,0,0,0,0,0,0,0,0.11111,0,0,0,0,0,0,0,0,0,0,0,0,0,0,0,0,0.11111,0,0,0,0.11111,0.11111,0,0
0,0.090909,0,0,0.090909,0,0,0,0,0,0,0.090909,0,0,0,0,0,0,0,0,0,0,0,0.090909,0,0,0,0.090909,0,0,0,0,0,0,0,0,0.090909,0,0.090909,0,0,0,0,0,0,0.090909,0,0,0,0,0,0.090909,0,0.090909,0,0,0,0,0,0,0,0,0.090909,0
0.058824,0,0,0,0,0,0,0.029412,0,0,0,0,0,0,0,0.029412,0.029412,0.029412,0,0,0,0.029412,0.029412,0,0,0,0.058824,0.029412,0,0.029412,0,0,0.029412,0,0.058824,0,0,0,0,0.029412,0,0,0,0.029412,0.029412,0.029412,0.029412,0.088235,0.029412,0,0,0,0.029412,0,0.029412,0,0,0.088235,0.029412,0,0.058824,0.029412,0,0.029412
0,0,0,0,0,0.090909,0,0,0.090909,0,0,0,0,0,0,0,0.045455,0,0,0,0.045455,0.045455,0.045455,0,0,0,0,0.045455,0,0,0.045455,0,0.090909,0.045455,0,0.045455,0,0,0,0.045455,0,0,0,0.045455,0,0,0,0,0,0,0,0.045455,0.090909,0,0,0,0,0,0,0.045455,0,0.045455,0,0.045455
0.045455,0,0,0,0,0,0,0,0,0,0,0,0,0,0,0.045455,0.045455,0,0,0,0,0,0.090909,0,0,0,0,0,0,0,0,0,0,0,0,0,0.045455,0,0.045455,0,0,0,0,0,0,0.045455,0.045455,0,0.045455,0,0,0.045455,0.13636,0.045455,0,0,0,0,0,0.090909,0,0.13636,0.045455,0.045455
0,0,0,0,0,0,0,0.05,0,0,0,0.15,0,0,0.05,0.05,0.05,0,0.1,0,0,0.05,0,0,0,0,0,0,0,0,0,0,0,0,0,0,0.05,0,0,0.05,0,0.05,0,0,0,0,0,0,0.1,0,0,0,0.05,0,0.05,0,0,0,0.05,0,0,0,0.05,0.05
0,0,0.0625,0,0,0.0625,0,0,0,0,0,0,0.0625,0,0,0,0,0.0625,0,0,0,0,0,0,0,0.0625,0,0.125,0.0625,0,0,0,0,0.0625,0.0625,0,0,0,0.0625,0,0,0,0,0,0,0,0,0,0,0,0,0,0.1875,0.0625,0.0625,0,0,0,0,0,0,0,0,0
0.066667,0.066667,0,0,0.066667,0,0,0,0,0,0,0,0,0,0,0.066667,0,0,0,0,0,0,0.066667,0,0,0,0,0,0,0.066667,0,0,0.066667,0,0,0,0,0,0,0.066667,0,0,0,0.066667,0,0,0.066667,0,0,0,0,0,0,0,0,0,0,0,0,0,0.066667,0.066667,0.2,0
0.047619,0,0.095238,0.095238,0,0.047619,0.047619,0.047619,0.047619,0,0,0,0.14286,0,0,0,0.095238,0,0,0,0,0,0,0,0,0,0.047619,0,0,0,0,0,0,0,0.047619,0,0,0,0,0,0.047619,0,0.047619,0,0,0,0,0,0.047619,0,0,0,0.047619,0,0.047619,0,0,0,0,0,0,0,0,0
0.11111,0,0,0.11111,0,0.055556,0,0,0.055556,0,0,0,0,0.055556,0,0,0,0,0,0,0.055556,0,0.055556,0,0.055556,0,0,0,0,0,0,0,0,0,0,0,0.055556,0,0,0.055556,0,0.11111,0,0,0,0,0,0,0,0,0,0,0,0,0.11111,0,0,0,0,0,0.055556,0,0,0.055556
0.085714,0.085714,0.028571,0.057143,0,0.028571,0.028571,0,0,0.057143,0,0.028571,0,0.028571,0,0,0.028571,0,0.057143,0,0.028571,0,0.028571,0,0,0.028571,0.028571,0,0,0,0,0,0.028571,0,0.028571,0,0.057143,0.085714,0,0,0,0,0,0,0.028571,0,0,0,0.028571,0,0,0,0,0.028571,0.028571,0,0,0,0,0,0.028571,0,0.028571,0
0.046512,0,0,0.046512,0.069767,0,0,0,0,0.023256,0,0,0.023256,0.069767,0.023256,0,0.069767,0.023256,0,0.069767,0.023256,0,0,0,0.023256,0,0,0,0,0,0,0.023256,0.023256,0.023256,0,0.023256,0,0,0,0,0,0,0,0,0,0,0,0.023256,0.046512,0.046512,0,0,0.023256,0,0.023256,0,0,0,0,0.023256,0.093023,0.023256,0.046512,0.046512
0.11111,0,0.055556,0,0.055556,0.055556,0,0,0.055556,0.055556,0,0,0,0,0,0.055556,0,0.055556,0,0,0,0,0.055556,0,0,0,0,0,0,0,0,0,0,0,0,0,0,0,0,0,0,0,0,0,0.055556,0,0.11111,0,0.055556,0,0,0,0.11111,0,0.055556,0,0,0,0,0,0,0.055556,0,0
0.058824,0,0,0.058824,0.29412,0,0,0,0,0,0,0.17647,0,0,0,0,0.058824,0,0.058824,0,0,0,0,0,0.058824,0.058824,0,0,0,0,0,0,0,0,0,0,0.11765,0,0,0,0,0,0,0,0,0,0,0,0,0,0,0,0,0,0.058824,0,0,0,0,0,0,0,0,0
0.039216,0,0.019608,0,0,0,0.039216,0,0,0,0,0,0.039216,0.058824,0.019608,0.039216,0,0.058824,0,0.019608,0,0.019608,0,0,0,0,0.019608,0.039216,0,0,0.019608,0,0.019608,0,0.019608,0,0,0,0.019608,0.019608,0,0.039216,0,0,0,0.019608,0,0.019608,0,0.019608,0.019608,0.039216,0.019608,0.039216,0.058824,0.019608,0,0.039216,0,0.078431,0,0.019608,0.019608,0.039216
0,0,0,0.090909,0,0,0,0,0.090909,0,0,0,0,0,0,0.090909,0,0,0,0,0,0,0,0,0,0,0,0,0,0,0.18182,0,0.18182,0,0,0,0,0,0,0,0,0,0,0,0,0,0,0,0,0,0,0,0,0,0,0,0,0.090909,0.090909,0.090909,0,0,0.090909,0
0.096774,0.096774,0.064516,0,0.032258,0.032258,0,0,0.032258,0.032258,0,0,0,0.032258,0.032258,0.064516,0.032258,0,0,0,0.032258,0,0,0,0.032258,0,0,0,0,0.064516,0,0,0.032258,0.032258,0.032258,0,0,0,0,0,0.032258,0,0,0,0,0,0,0,0.032258,0.032258,0,0,0.032258,0,0,0,0,0.032258,0,0,0.032258,0.032258,0,0
0.014706,0.029412,0.029412,0,0.029412,0,0.029412,0,0.029412,0,0,0.029412,0,0.014706,0.014706,0,0.029412,0,0.014706,0.044118,0.014706,0,0.014706,0,0.029412,0.014706,0,0.014706,0.014706,0.014706,0,0,0,0,0.029412,0.014706,0.014706,0.014706,0.029412,0.029412,0,0,0,0.029412,0.014706,0.029412,0.029412,0.044118,0.014706,0,0.014706,0,0.029412,0,0.044118,0.058824,0,0,0,0.029412,0.014706,0.044118,0.029412,0.014706
0.090909,0,0,0,0,0.090909,0,0,0,0,0,0,0.090909,0,0,0,0,0,0.090909,0,0,0,0,0,0,0,0,0,0,0.090909,0,0,0,0.090909,0,0,0,0,0,0,0,0,0,0,0,0.090909,0,0,0,0,0,0,0,0,0,0,0,0,0.090909,0.18182,0,0,0.090909,0
0,0,0,0.14286,0,0.071429,0,0,0,0.071429,0,0.071429,0,0,0,0,0.14286,0,0.071429,0,0,0,0,0.071429,0,0,0,0,0,0,0,0.071429,0,0,0,0,0,0.071429,0,0,0,0,0,0,0,0,0,0,0,0.071429,0,0,0,0,0,0,0,0,0,0,0.071429,0,0,0.071429
0.02381,0,0.02381,0,0,0,0,0,0.11905,0,0,0.02381,0.047619,0.02381,0,0.047619,0.02381,0,0.02381,0,0,0.02381,0.02381,0,0.047619,0.047619,0,0,0.02381,0,0.047619,0.02381,0,0.02381,0.02381,0,0,0,0,0.02381,0,0,0,0,0.02381,0.02381,0,0.02381,0,0.047619,0,0.02381,0,0,0.02381,0.02381,0.02381,0.02381,0,0.02381,0.02381,0.047619,0,0
0.076923,0,0.038462,0.038462,0.038462,0,0,0.076923,0,0,0,0,0,0,0,0,0.038462,0,0.038462,0,0,0,0.038462,0,0,0,0.038462,0,0,0,0.076923,0,0.076923,0,0.038462,0,0,0.076923,0.038462,0,0,0.076923,0,0,0.038462,0,0,0,0.038462,0,0,0,0,0,0,0,0,0,0,0,0,0,0.076923,0.038462
0.0625,0.03125,0,0.03125,0,0,0,0.0625,0,0,0.03125,0,0,0.09375,0,0.03125,0.03125,0,0.03125,0,0,0,0,0,0,0.03125,0,0,0.03125,0,0.03125,0,0,0,0,0.03125,0,0,0,0,0,0,0.03125,0,0.0625,0,0.03125,0.03125,0.09375,0,0,0,0.03125,0.03125,0,0,0,0.0625,0,0.03125,0.03125,0,0.03125,0
0.030303,0,0,0,0,0.030303,0,0.030303,0.030303,0,0,0,0,0.030303,0,0,0,0,0,0.030303,0.030303,0,0,0,0.030303,0,0.030303,0,0,0,0.060606,0.030303,0.030303,0,0.030303,0,0.090909,0,0.060606,0.030303,0.090909,0.12121,0,0,0,0.030303,0,0,0,0,0,0,0.030303,0,0.030303,0,0.030303,0.030303,0,0,0,0.030303,0,0
0,0,0,0,0.026316,0,0.026316,0,0,0,0,0,0.026316,0,0.026316,0.026316,0,0,0.026316,0.026316,0.026316,0,0.026316,0,0.026316,0.026316,0.026316,0,0.026316,0,0,0,0.026316,0.026316,0,0.052632,0.026316,0,0.10526,0.026316,0,0,0.026316,0,0.026316,0.052632,0.026316,0.026316,0,0,0,0,0,0.052632,0.052632,0,0,0,0.026316,0,0.052632,0.052632,0,0
0.068966,0,0,0.068966,0.10345,0,0,0,0,0.034483,0,0,0.034483,0.034483,0.034483,0.034483,0.068966,0.034483,0,0.034483,0,0.034483,0,0,0,0,0,0,0,0,0,0,0.034483,0.034483,0,0,0,0.034483,0,0.034483,0,0,0,0,0,0,0.034483,0,0.068966,0.034483,0,0,0,0,0,0,0,0.068966,0.034483,0.034483,0,0,0,0
0.019231,0.038462,0,0,0.019231,0.038462,0.019231,0.019231,0.019231,0.057692,0.038462,0,0,0.019231,0,0,0,0.019231,0,0,0.038462,0,0.038462,0,0.038462,0,0.019231,0,0.019231,0.019231,0.019231,0.019231,0.019231,0,0.019231,0.019231,0.019231,0.057692,0.019231,0.019231,0.019231,0.019231,0.019231,0.019231,0.038462,0,0.038462,0.019231,0,0.019231,0,0,0,0,0,0,0,0.019231,0.038462,0.019231,0.019231,0.019231,0,0
0,0,0.1,0,0,0,0,0,0,0,0.2,0,0.3,0,0,0.1,0,0,0,0,0,0,0,0,0,0,0,0,0,0,0,0,0,0,0,0,0.1,0.1,0,0,0.1,0,0,0,0,0,0,0,0,0,0,0,0,0,0,0,0,0,0,0,0,0,0,0
0.083333,0.083333,0,0.083333,0.083333,0,0,0,0,0,0,0,0,0,0,0,0.083333,0,0.083333,0,0,0,0.083333,0,0,0.083333,0,0,0,0,0,0,0,0,0,0,0.083333,0,0,0,0,0,0,0,0.083333,0,0,0,0,0,0,0,0,0,0,0,0.083333,0,0,0,0,0,0,0.083333
0,0.058824,0,0.11765,0,0.058824,0,0,0.058824,0.058824,0,0,0,0,0,0,0,0,0,0,0.058824,0,0,0,0,0,0.058824,0,0,0.058824,0,0,0,0,0,0.058824,0,0,0,0,0.058824,0.058824,0,0,0,0,0,0,0,0.058824,0,0.058824,0,0,0,0.058824,0,0.058824,0.058824,0,0,0,0,0
0,0,0,0.022222,0,0.022222,0,0.044444,0,0,0,0,0.022222,0.044444,0.022222,0,0.044444,0.022222,0.022222,0,0.022222,0.022222,0,0,0.022222,0.044444,0,0,0,0.022222,0.044444,0,0.044444,0,0,0,0,0.022222,0.044444,0,0.044444,0,0,0,0,0.022222,0,0,0.022222,0,0,0,0,0.066667,0,0.022222,0.022222,0.022222,0.022222,0.022222,0.044444,0.044444,0.022222,0.066667
0,0,0,0.025641,0,0.025641,0,0,0,0,0,0.025641,0.051282,0.025641,0.025641,0.051282,0.076923,0.025641,0.025641,0,0.051282,0,0.025641,0,0.025641,0.051282,0.025641,0,0,0,0,0.025641,0.025641,0,0,0,0,0,0,0,0.051282,0,0,0.025641,0,0.051282,0,0,0,0,0.025641,0.051282,0,0.051282,0.025641,0,0,0,0,0.076923,0.025641,0,0,0.025641
0,0.05,0,0.025,0.075,0.05,0.05,0,0,0,0,0.025,0.025,0.025,0,0.025,0,0.1,0,0.025,0.025,0,0,0,0,0,0.025,0,0,0,0.025,0,0,0,0.025,0,0,0,0.025,0,0,0.025,0,0,0.025,0.025,0.075,0,0,0.025,0,0,0.025,0,0.025,0.025,0,0.05,0,0.05,0.025,0,0,0.025
0.33333,0,0,0,0,0.083333,0,0,0,0.16667,0.083333,0,0,0,0,0,0.083333,0,0,0,0,0,0,0,0,0,0,0,0,0,0,0,0,0,0,0,0,0,0,0,0,0,0,0,0,0,0,0,0,0,0,0,0,0.083333,0,0,0,0,0,0,0.083333,0,0.083333,0
0.064103,0,0.025641,0.025641,0,0,0.012821,0,0.025641,0.012821,0.051282,0.012821,0.051282,0,0.012821,0,0,0,0.038462,0,0.012821,0,0.012821,0.012821,0.038462,0.012821,0.012821,0.012821,0,0.012821,0.038462,0,0.025641,0.012821,0.025641,0.025641,0.038462,0.025641,0,0.012821,0.012821,0.012821,0,0.012821,0.012821,0.025641,0.038462,0.012821,0.025641,0.025641,0,0.012821,0.012821,0.025641,0,0,0.012821,0.012821,0,0.038462,0,0,0.038462,0
0,0,0.066667,0,0,0,0,0,0,0,0,0.066667,0,0,0,0,0.066667,0,0.066667,0,0.066667,0.066667,0,0,0.13333,0,0,0,0,0,0,0,0,0,0,0,0,0,0.066667,0,0,0,0,0,0,0,0,0,0,0,0,0,0,0,0,0,0.066667,0,0.2,0,0,0,0.066667,0.066667
0,0,0,0,0,0,0.029412,0.029412,0.029412,0,0,0,0,0,0.058824,0.029412,0,0,0.029412,0,0.029412,0,0.029412,0.029412,0,0,0,0,0,0.029412,0.029412,0.058824,0,0,0.029412,0.058824,0,0.058824,0.029412,0.029412,0,0.029412,0.029412,0,0.029412,0.029412,0,0,0.058824,0,0,0,0,0.058824,0,0,0,0,0.058824,0,0.029412,0.029412,0.029412,0
0.095238,0,0,0,0.047619,0.047619,0,0,0,0,0.047619,0.047619,0,0.047619,0,0,0,0.095238,0.095238,0,0.047619,0,0,0,0,0,0.047619,0,0,0,0.047619,0,0,0.047619,0,0,0,0.047619,0,0,0.047619,0,0,0,0,0,0,0,0,0,0.047619,0.047619,0,0,0,0,0,0,0.047619,0,0,0,0,0.047619
0,0,0.064516,0,0.096774,0,0,0.032258,0,0,0.032258,0,0,0,0.096774,0.032258,0,0,0,0,0,0.032258,0,0,0,0,0,0.032258,0,0,0.032258,0,0,0,0.032258,0,0.032258,0,0.096774,0,0,0.032258,0.096774,0.032258,0,0.064516,0,0.032258,0,0,0,0,0.032258,0,0,0,0,0,0,0,0.032258,0,0.032258,0.032258
0,0,0,0,0,0,0,0,0,0.038462,0,0,0,0.038462,0,0.038462,0,0,0.038462,0.038462,0,0,0.038462,0,0.11538,0,0,0,0,0,0,0,0,0,0,0,0.038462,0.038462,0,0,0,0.038462,0,0,0,0.038462,0.076923,0,0,0,0,0.038462,0.038462,0.038462,0,0.038462,0,0,0.15385,0,0.038462,0,0.038462,0.038462
0,0,0,0,0,0.029412,0,0,0,0,0,0,0,0.029412,0,0,0,0.029412,0.058824,0,0,0.088235,0,0,0,0.029412,0.058824,0,0.029412,0.20588,0,0,0,0,0,0,0,0.029412,0,0.029412,0,0,0.029412,0.029412,0,0,0,0.058824,0,0,0,0,0.058824,0.029412,0.029412,0,0,0.029412,0,0.058824,0,0.029412,0.029412,0
0.045455,0,0,0,0,0,0,0,0,0.045455,0,0,0,0,0,0.045455,0.045455,0,0.045455,0.045455,0.045455,0.045455,0.045455,0,0,0,0,0,0,0,0,0,0.090909,0,0,0,0,0,0,0,0,0,0,0.045455,0,0,0.045455,0,0,0.045455,0,0,0,0,0,0,0.045455,0.090909,0,0.045455,0.045455,0.045455,0.045455,0.045455
0.071429,0,0.071429,0.14286,0,0,0.071429,0,0,0,0,0,0,0,0,0,0.071429,0,0,0.071429,0,0,0,0,0,0,0.14286,0,0,0.071429,0,0,0,0,0,0,0,0,0.071429,0,0,0,0,0,0,0,0,0,0.071429,0,0,0,0,0,0,0,0.071429,0,0,0,0.071429,0,0,0
0,0,0,0,0.055556,0,0,0.055556,0,0.055556,0.055556,0,0,0,0,0.055556,0,0,0.055556,0,0,0,0,0,0.11111,0,0,0,0,0,0,0,0,0,0.055556,0,0.22222,0,0,0,0,0.055556,0,0,0,0,0,0,0,0,0.055556,0,0,0,0,0,0,0.055556,0,0,0.055556,0,0,0.055556
0,0.066667,0,0.2,0,0,0.066667,0,0,0,0,0,0,0.066667,0,0,0,0,0,0,0,0,0,0,0.066667,0,0,0,0,0,0,0,0,0,0,0,0.066667,0,0,0.066667,0,0,0,0,0.066667,0,0.066667,0.066667,0.066667,0,0,0,0,0,0,0,0.066667,0,0,0,0,0,0.066667,0
0,0.090909,0,0,0.090909,0,0,0.090909,0,0,0,0,0,0,0,0.18182,0.090909,0,0,0,0,0,0,0,0,0,0,0.090909,0,0,0,0,0,0,0.090909,0,0.090909,0,0,0,0,0,0,0,0,0,0.090909,0,0,0,0,0,0,0,0,0,0,0,0.090909,0,0,0,0,0
0.055556,0.16667,0,0.055556,0,0,0,0,0.055556,0.055556,0,0,0,0,0,0,0.055556,0,0,0.055556,0,0,0,0,0,0,0,0,0,0,0.055556,0,0,0,0,0,0,0,0,0,0.055556,0.055556,0,0,0,0,0,0,0,0,0,0.055556,0,0.055556,0,0,0.055556,0.11111,0.055556,0,0,0,0,0
0,0,0.16667,0,0.083333,0,0,0,0,0.083333,0,0,0,0,0,0,0,0,0,0,0,0.083333,0,0,0,0,0,0,0,0,0,0,0,0.083333,0.083333,0,0.083333,0,0,0.083333,0,0,0,0,0,0,0.083333,0,0,0,0,0,0.083333,0,0,0,0,0,0.083333,0,0,0,0,0
0.125,0.041667,0,0.041667,0,0,0,0,0.041667,0.041667,0,0,0,0,0,0,0.041667,0,0,0,0,0,0,0,0.041667,0.041667,0,0,0.041667,0,0,0.041667,0,0,0.041667,0,0.041667,0,0.041667,0,0,0,0,0,0,0,0.041667,0,0.041667,0,0,0,0,0,0,0.041667,0.041667,0.041667,0,0,0,0,0.125,0.041667
0,0,0.076923,0,0,0,0,0,0,0.076923,0,0.15385,0,0,0,0,0.15385,0,0,0.076923,0.076923,0,0,0,0,0.076923,0,0,0,0,0,0,0,0,0,0,0,0,0.076923,0,0,0,0,0,0,0,0.076923,0,0,0.076923,0,0,0,0,0.076923,0,0,0,0,0,0,0,0,0
0,0,0.071429,0,0,0,0,0,0,0,0,0,0.071429,0,0,0,0,0,0.071429,0.071429,0,0,0.071429,0,0,0,0,0,0,0.071429,0.071429,0,0,0.071429,0,0,0.071429,0,0,0,0,0,0,0.071429,0,0.071429,0,0,0.071429,0,0,0,0.071429,0,0,0,0,0.071429,0,0,0,0,0,0
0.038462,0.038462,0,0,0,0,0,0,0,0,0,0,0,0,0,0,0.038462,0,0,0.038462,0.038462,0,0,0,0.038462,0,0,0.038462,0.076923,0,0,0,0,0.038462,0,0,0,0,0.038462,0,0.11538,0,0.038462,0,0,0,0.038462,0,0.038462,0.038462,0,0.038462,0,0,0,0,0.038462,0.038462,0.076923,0,0,0.076923,0.038462,0
0.0625,0,0,0,0,0,0,0,0,0,0.125,0,0,0,0,0.0625,0.0625,0,0,0,0,0,0,0,0.0625,0,0,0,0.0625,0,0.0625,0,0.0625,0,0,0,0,0.0625,0.0625,0.0625,0.0625,0,0,0.0625,0,0,0.0625,0,0,0,0,0,0,0,0,0,0.0625,0,0,0,0,0,0,0
0,0,0,0,0,0,0,0,0.076923,0,0,0,0,0,0.076923,0,0,0.076923,0.076923,0,0,0,0,0,0.076923,0.076923,0,0,0,0,0,0,0,0,0,0,0.15385,0,0,0,0,0,0,0,0,0,0,0,0,0.076923,0,0,0,0,0.076923,0,0,0,0,0.076923,0,0.076923,0,0.076923
0,0,0.038462,0,0.11538,0,0,0,0.038462,0,0,0.076923,0,0.038462,0,0,0,0.15385,0.076923,0,0,0,0.038462,0,0,0,0,0,0.038462,0,0,0,0,0,0.038462,0,0.038462,0.038462,0,0,0,0,0,0,0,0,0,0.038462,0,0,0,0,0,0,0.038462,0,0.038462,0.038462,0,0,0.038462,0.076923,0,0
0.08,0,0.04,0,0,0,0,0,0.04,0.06,0,0,0,0.02,0,0.02,0,0,0.04,0,0,0.02,0.02,0.02,0.06,0.02,0,0.04,0,0,0.02,0,0,0.04,0,0,0,0.02,0.04,0.04,0.04,0,0,0,0,0.02,0.02,0.06,0,0,0,0,0,0.02,0.04,0,0.02,0,0,0.04,0.02,0.06,0,0.02
0.074074,0.037037,0.037037,0,0,0,0,0.037037,0,0,0,0,0,0,0,0.074074,0.074074,0.037037,0,0.037037,0.074074,0,0.037037,0,0,0,0.037037,0,0.074074,0.037037,0.037037,0,0.037037,0,0,0,0,0,0,0,0,0.037037,0,0,0,0,0.074074,0.037037,0,0,0,0,0,0,0,0,0,0,0.037037,0,0,0,0.037037,0.037037
0.13043,0.043478,0.086957,0,0.086957,0,0,0,0,0,0.086957,0,0.086957,0,0,0,0,0,0,0,0.043478,0,0,0,0,0,0,0,0,0,0,0,0,0,0,0,0,0.043478,0.043478,0,0,0,0,0,0,0,0.043478,0,0.043478,0,0.086957,0,0,0,0,0,0.043478,0.043478,0,0,0.043478,0.043478,0,0
0.095238,0,0.047619,0,0,0.047619,0,0,0.047619,0.047619,0,0,0,0,0.047619,0.047619,0.095238,0,0,0,0.047619,0,0,0,0,0,0.047619,0,0,0,0,0,0.047619,0,0,0,0,0,0,0,0,0,0,0,0,0,0.047619,0,0.095238,0.047619,0,0.047619,0,0,0,0.047619,0,0,0,0.047619,0.047619,0,0,0
0,0.125,0,0,0,0,0.125,0,0,0,0,0,0,0,0,0,0,0.125,0,0,0,0,0,0,0,0,0,0,0,0,0,0.125,0,0,0,0.125,0.125,0.125,0,0,0,0,0,0,0,0,0,0,0,0,0,0,0.125,0,0,0,0,0,0,0,0,0,0,0
0,0.066667,0,0,0,0.066667,0,0,0,0.066667,0.066667,0.066667,0,0,0,0.066667,0,0,0.066667,0,0,0,0.066667,0,0,0,0,0,0,0,0.066667,0.066667,0,0,0.066667,0,0,0,0.066667,0,0.066667,0.066667,0,0,0,0,0.066667,0,0,0,0,0,0,0,0,0,0,0,0,0,0,0,0,0
0.037037,0.037037,0.037037,0,0.037037,0,0.037037,0.037037,0.037037,0.037037,0,0,0,0.037037,0,0.037037,0.037037,0.037037,0,0.037037,0.037037,0,0,0,0.037037,0,0,0,0,0,0,0,0,0,0,0,0.074074,0.037037,0,0,0,0.037037,0,0,0,0.037037,0,0,0,0,0.037037,0,0,0,0.037037,0.037037,0,0.037037,0.037037,0,0,0,0,0.074074
0.10526,0.052632,0,0.052632,0,0,0,0,0,0,0,0.052632,0,0,0.052632,0,0,0,0,0.052632,0,0,0,0.052632,0.052632,0.10526,0,0,0,0,0,0,0,0,0,0,0,0,0,0,0,0,0,0,0,0,0,0,0.052632,0,0.052632,0,0.052632,0,0,0,0,0.052632,0,0.052632,0.052632,0.052632,0,0.052632
0.061538,0.030769,0.015385,0,0.015385,0.015385,0.015385,0,0,0.030769,0.015385,0.046154,0.030769,0,0,0.030769,0.046154,0.030769,0,0.061538,0,0.015385,0,0.015385,0,0.015385,0.015385,0,0,0,0,0.046154,0,0,0.030769,0,0,0,0.015385,0.015385,0,0.030769,0.015385,0.030769,0.015385,0,0.015385,0,0.046154,0.015385,0,0.015385,0,0.015385,0.015385,0.015385,0.030769,0.015385,0.030769,0.015385,0.030769,0.030769,0,0
0,0.25,0,0,0.083333,0,0.083333,0.083333,0,0,0,0,0.083333,0,0.083333,0,0,0,0.083333,0,0,0,0,0.083333,0,0,0,0,0,0,0,0,0,0,0,0,0,0,0,0,0,0,0,0,0,0,0,0,0,0,0,0,0,0,0.083333,0,0,0,0,0,0.083333,0,0,0
0.17647,0.058824,0,0,0,0,0,0,0,0,0,0,0,0.058824,0,0,0,0,0,0.058824,0,0,0,0,0,0,0,0,0,0,0,0.058824,0,0,0,0,0,0,0,0,0.058824,0,0,0.058824,0,0.058824,0.058824,0,0,0,0,0.058824,0,0,0.11765,0,0.058824,0,0,0,0,0.058824,0,0.058824
0,0,0.035714,0.035714,0.071429,0,0,0.035714,0,0,0.035714,0,0.035714,0.035714,0.035714,0.035714,0.035714,0,0.071429,0,0.035714,0,0,0,0,0.035714,0,0,0,0,0,0,0,0,0,0.035714,0.035714,0,0,0,0,0,0,0,0,0,0,0.035714,0.071429,0.035714,0,0,0.035714,0,0.035714,0.035714,0.071429,0,0,0.035714,0.035714,0,0,0
0.1,0.033333,0.066667,0,0,0,0,0.033333,0.033333,0,0,0,0,0,0.033333,0,0.066667,0,0,0,0.033333,0,0,0,0.033333,0,0,0.033333,0,0,0,0.033333,0.066667,0.033333,0,0,0.033333,0,0,0,0,0,0,0,0,0,0,0.033333,0.1,0.033333,0,0.033333,0,0,0.066667,0.033333,0,0,0,0,0,0.033333,0,0.033333
0.05,0.033333,0,0.033333,0.05,0,0,0.033333,0,0.016667,0,0,0.016667,0.016667,0.016667,0.033333,0.016667,0.033333,0,0,0,0,0.016667,0.016667,0,0.016667,0,0,0,0.05,0.033333,0.033333,0.016667,0.016667,0.016667,0.016667,0.016667,0,0.016667,0.016667,0,0,0,0,0,0,0,0.033333,0.016667,0,0.016667,0.033333,0.016667,0,0.016667,0.016667,0.016667,0,0,0.016667,0,0.033333,0.083333,0.066667
0.051282,0,0,0.025641,0,0.025641,0.025641,0,0,0,0,0.025641,0.025641,0,0,0.076923,0.025641,0,0.025641,0.025641,0,0,0,0,0.076923,0,0,0,0,0.025641,0,0.051282,0,0,0,0,0.025641,0,0.025641,0,0,0,0,0,0.051282,0,0,0.025641,0,0,0,0,0.10256,0,0,0.025641,0.025641,0.051282,0,0.025641,0.025641,0,0.025641,0.10256
0.11111,0,0,0,0.055556,0,0,0,0,0,0,0,0.11111,0.055556,0.11111,0.055556,0,0,0.055556,0.055556,0.055556,0,0,0,0,0,0,0,0,0,0,0,0,0,0,0,0,0,0,0,0,0,0,0,0,0,0,0,0,0.11111,0,0.055556,0,0,0.055556,0,0,0,0,0.11111,0,0,0,0
0,0,0,0,0,0,0.0625,0,0,0,0,0,0.0625,0,0,0,0,0.0625,0.0625,0.0625,0.0625,0.125,0,0,0,0.0625,0,0,0,0,0.0625,0,0,0,0,0,0.0625,0,0,0,0,0,0,0,0,0,0,0,0,0,0,0,0.0625,0.0625,0.0625,0,0,0,0,0,0,0.0625,0.0625,0
0,0,0,0,0,0,0,0.125,0,0,0,0,0,0,0,0,0,0,0,0,0.0625,0,0.0625,0,0,0,0,0,0,0.0625,0,0,0,0,0.0625,0,0,0,0,0,0,0,0,0,0.0625,0,0,0.0625,0,0,0,0,0.0625,0.0625,0,0,0,0,0,0,0,0.0625,0.125,0.1875
0,0.14286,0,0.071429,0,0,0,0,0,0.28571,0.071429,0,0,0.21429,0,0.071429,0,0,0,0,0,0,0,0,0,0,0,0,0,0,0,0,0,0,0.071429,0,0.071429,0,0,0,0,0,0,0,0,0,0,0,0,0,0,0,0,0,0,0,0,0,0,0,0,0,0,0
0.02439,0,0.073171,0.02439,0.02439,0,0,0,0,0,0.02439,0,0,0.02439,0,0.04878,0,0,0.02439,0,0,0,0,0,0.02439,0.02439,0,0.02439,0,0,0,0,0,0.04878,0,0.02439,0.04878,0.073171,0.04878,0,0,0,0,0,0.02439,0,0,0,0.04878,0,0.02439,0.02439,0,0,0.04878,0,0.04878,0.02439,0.02439,0,0,0,0.04878,0.097561
0,0,0.030303,0.030303,0.030303,0.090909,0.060606,0,0.030303,0,0,0,0.030303,0,0.060606,0.060606,0,0.030303,0,0,0.030303,0,0.030303,0,0,0,0,0,0,0.030303,0.030303,0.030303,0,0,0,0,0.030303,0,0.030303,0,0,0,0.090909,0,0.030303,0,0,0,0.060606,0,0.030303,0.030303,0,0,0,0,0,0,0,0,0,0.030303,0.030303,0.030303
0.1,0.1,0.1,0,0,0,0,0,0,0,0,0,0.2,0.1,0,0,0,0,0,0,0,0,0,0,0,0,0,0,0,0,0,0,0,0,0,0,0,0,0,0,0,0,0,0,0.1,0,0,0.1,0,0,0,0,0,0,0,0,0,0,0,0,0.2,0,0,0
0.025641,0.076923,0.025641,0,0.025641,0.025641,0,0,0,0,0,0,0,0,0,0,0.025641,0,0.025641,0,0,0,0,0.051282,0,0.051282,0.025641,0,0.025641,0,0.025641,0.025641,0.025641,0,0.051282,0,0,0,0.025641,0,0.025641,0,0,0,0,0.051282,0.051282,0,0,0.025641,0.025641,0.051282,0,0.025641,0.025641,0.025641,0,0.025641,0.025641,0.025641,0,0.025641,0,0.051282
0.13793,0,0.034483,0,0.068966,0,0.034483,0.068966,0.034483,0,0,0,0.068966,0,0,0.068966,0,0,0,0,0,0,0,0,0,0,0.034483,0,0,0,0,0,0,0,0.068966,0,0,0,0,0,0,0,0,0,0.034483,0,0.068966,0.034483,0.034483,0,0,0.034483,0.034483,0,0,0,0.034483,0,0,0.068966,0,0,0.034483,0
0,0,0,0,0,0,0,0,0,0,0.071429,0,0,0,0,0.14286,0,0,0,0.14286,0,0.071429,0,0,0,0,0,0,0,0,0,0.071429,0,0,0,0,0,0,0.071429,0,0.071429,0,0,0,0,0,0,0,0,0,0,0,0,0,0.14286,0.071429,0,0,0.071429,0,0,0,0.071429,0
0.04,0.04,0,0.04,0,0.04,0,0.04,0,0.04,0,0,0,0,0,0,0.08,0,0,0,0,0,0,0.04,0,0,0,0,0.04,0,0.08,0.04,0,0,0,0,0,0,0,0,0,0,0,0.04,0.08,0,0.04,0.04,0.04,0,0,0.04,0,0,0,0.04,0.04,0,0,0,0.08,0,0,0.04
0,0,0,0,0,0.074074,0.037037,0.037037,0.037037,0,0,0.037037,0,0,0,0,0,0.037037,0.037037,0.037037,0,0.037037,0.037037,0,0,0,0.037037,0.074074,0,0.037037,0.037037,0,0,0,0,0,0.037037,0,0,0,0,0.037037,0.037037,0,0,0.037037,0,0,0,0,0,0.037037,0,0.037037,0.037037,0.037037,0.037037,0,0,0,0,0.037037,0.037037,0
0.096154,0.019231,0.019231,0,0,0,0.019231,0,0.019231,0.096154,0,0,0.019231,0.019231,0,0,0,0.019231,0.076923,0.019231,0,0.019231,0.057692,0.019231,0,0.038462,0,0.019231,0.019231,0,0.019231,0,0.019231,0.019231,0.019231,0,0,0.019231,0,0.038462,0,0,0,0,0.019231,0,0.096154,0,0.019231,0.019231,0.038462,0,0,0,0,0,0.019231,0.019231,0,0.019231,0.019231,0,0,0
0,0,0,0.060606,0.030303,0.060606,0.030303,0.030303,0,0.030303,0,0,0,0,0.030303,0.060606,0.030303,0.030303,0.030303,0.060606,0,0,0,0,0,0,0,0,0,0.060606,0,0,0,0,0,0,0,0,0,0.030303,0.030303,0.030303,0,0,0.060606,0,0,0.030303,0.030303,0,0,0,0.060606,0,0,0,0.030303,0.030303,0,0,0,0.060606,0.030303,0.030303
0.056604,0,0.018868,0,0.037736,0,0,0,0,0.056604,0,0.018868,0.075472,0,0.056604,0.037736,0.018868,0.018868,0.018868,0.037736,0.018868,0.018868,0.018868,0,0.018868,0,0.037736,0.018868,0,0.018868,0,0.037736,0,0.018868,0,0,0.056604,0.018868,0,0.018868,0,0,0,0,0,0.018868,0,0,0,0.018868,0.018868,0.037736,0.018868,0,0.037736,0,0,0.018868,0,0.018868,0.037736,0.018868,0,0
0.15385,0,0,0,0,0,0,0,0.23077,0,0,0,0,0,0,0,0.076923,0,0,0,0,0,0.076923,0,0,0,0,0,0,0,0,0,0,0.076923,0,0,0,0,0,0,0,0,0,0,0.076923,0.076923,0.076923,0,0.076923,0,0,0,0.076923,0,0,0,0,0,0,0,0,0,0,0
0.064516,0,0.032258,0.032258,0.032258,0.032258,0,0.032258,0,0,0,0,0.064516,0,0,0.032258,0,0,0,0,0,0,0,0.032258,0,0.032258,0,0,0.032258,0,0.032258,0.032258,0,0.032258,0,0,0,0.032258,0,0.032258,0,0,0,0,0.032258,0.032258,0.032258,0,0,0,0,0.064516,0.064516,0,0,0,0.064516,0,0,0,0.032258,0.064516,0.032258,0
0,0,0,0,0,0,0.076923,0,0,0,0,0,0.15385,0,0,0,0,0,0,0,0,0,0,0,0,0.076923,0,0.076923,0.076923,0,0,0,0,0,0,0,0.076923,0,0,0,0,0,0.076923,0,0,0,0,0,0,0,0,0.076923,0,0,0,0,0,0,0,0,0,0.076923,0.076923,0.15385
0.043478,0,0.043478,0,0,0,0,0,0,0,0,0,0,0,0.086957,0.086957,0,0,0.086957,0.043478,0.086957,0,0,0,0,0.043478,0,0.086957,0,0,0,0,0.13043,0,0,0,0,0,0,0,0,0,0,0,0.043478,0,0,0,0.043478,0,0,0.043478,0,0,0.043478,0,0,0,0,0.043478,0,0,0,0.043478
0.011905,0.011905,0.02381,0.011905,0.011905,0.02381,0.011905,0,0.011905,0.035714,0,0.011905,0.02381,0.011905,0.02381,0.035714,0,0.011905,0.02381,0.011905,0.02381,0.011905,0.011905,0,0.011905,0.02381,0,0,0.011905,0.047619,0,0.02381,0.035714,0.011905,0,0.011905,0.02381,0.011905,0.011905,0.011905,0.047619,0.011905,0,0.011905,0.011905,0.02381,0.011905,0.011905,0,0,0,0.011905,0,0.035714,0.047619,0.02381,0.011905,0.02381,0,0.011905,0.011905,0.02381,0.035714,0.035714
0,0,0,0,0,0,0,0,0,0,0,0,0,0,0,0,0,0,0.090909,0,0.090909,0.090909,0,0,0.090909,0,0,0,0,0,0,0,0,0,0,0,0,0,0,0,0,0,0,0,0.090909,0,0.090909,0,0,0,0,0,0.090909,0,0,0,0,0,0,0,0.090909,0.090909,0,0.18182
0.04878,0,0,0.02439,0.02439,0,0,0,0.04878,0,0.04878,0,0,0.073171,0,0.02439,0.04878,0,0.02439,0,0,0,0,0,0,0,0,0.097561,0,0,0,0.02439,0,0,0,0,0.073171,0.02439,0.02439,0,0,0,0.02439,0,0.02439,0,0.04878,0,0.04878,0.02439,0,0,0,0,0,0,0.02439,0,0.02439,0.04878,0,0.02439,0.073171,0.02439
0,0,0,0.10526,0,0.052632,0,0.052632,0,0,0,0,0.052632,0.052632,0,0.052632,0.052632,0,0,0.052632,0,0,0,0.052632,0,0,0,0,0.052632,0,0,0,0.052632,0,0,0,0,0,0,0,0,0,0,0,0.052632,0,0,0.052632,0,0,0,0,0,0,0.052632,0,0,0,0,0.052632,0.10526,0,0.052632,0
0.074074,0.074074,0,0,0.11111,0,0.037037,0,0,0,0,0.037037,0.037037,0,0.037037,0,0.037037,0.037037,0,0,0.037037,0.037037,0,0,0,0,0,0,0,0.037037,0,0,0,0,0,0.037037,0,0.037037,0,0,0,0,0,0,0,0,0,0,0.074074,0.037037,0,0.074074,0.037037,0,0,0,0,0.074074,0,0,0,0.037037,0,0
0,0,0,0,0,0.1,0.1,0,0,0,0,0.1,0,0,0,0,0.1,0,0.1,0,0,0,0,0,0.1,0,0,0,0,0,0,0,0,0,0.1,0,0,0,0.1,0,0,0,0,0,0,0,0,0,0,0,0.1,0,0,0,0,0,0,0,0,0,0.1,0,0,0
0.05,0,0,0,0,0.1,0,0,0,0.05,0,0.05,0,0,0.05,0.05,0.05,0.05,0,0,0.05,0.05,0.1,0,0,0.05,0,0,0,0,0,0,0,0,0,0,0.05,0.05,0,0,0,0,0,0,0,0,0,0,0,0.05,0,0,0,0,0,0,0,0.05,0,0,0.05,0.05,0,0
0,0.086957,0,0,0.17391,0.086957,0,0.043478,0,0,0,0,0,0,0,0,0,0.086957,0,0,0.086957,0,0.043478,0.043478,0.086957,0.043478,0,0,0.043478,0,0,0,0,0,0,0,0,0.043478,0,0,0,0,0,0,0,0,0,0,0,0,0.043478,0,0.043478,0,0,0,0,0,0,0,0,0.043478,0,0
0,0,0,0,0,0,0,0,0,0,0,0.055556,0.11111,0.055556,0.055556,0.055556,0,0,0,0.055556,0,0,0,0,0,0,0,0.055556,0,0,0,0,0,0,0,0,0,0,0,0,0,0,0,0,0.11111,0,0.055556,0.055556,0,0,0.055556,0.16667,0,0,0,0,0,0,0.055556,0,0,0,0.055556,0
0.05,0.05,0,0.05,0,0,0,0,0.05,0,0,0.1,0.05,0,0.05,0,0,0.05,0,0,0,0,0.05,0,0,0,0,0,0,0,0.05,0.05,0,0,0,0,0,0,0.05,0,0.05,0,0.05,0.05,0,0,0.05,0.05,0,0,0,0.1,0,0,0,0,0,0,0,0,0,0,0,0
0,0,0,0,0.071429,0,0,0,0,0,0,0,0,0,0.071429,0,0,0,0.071429,0,0,0.071429,0,0,0,0,0,0,0,0,0,0,0,0.071429,0,0.071429,0,0,0,0,0,0.071429,0.071429,0.071429,0,0,0.071429,0.071429,0.071429,0,0,0.071429,0,0,0,0,0,0,0,0.071429,0,0,0,0
0,0.037037,0.074074,0.037037,0.074074,0,0,0.074074,0.037037,0,0,0.037037,0.074074,0,0,0,0.11111,0,0,0,0,0,0,0,0,0,0.037037,0,0,0,0,0.037037,0,0,0,0,0,0,0,0,0.037037,0,0,0,0,0.037037,0,0,0.074074,0.037037,0,0,0,0,0,0.037037,0.037037,0,0,0,0.074074,0,0,0.037037
0,0.076923,0.076923,0.076923,0.076923,0,0,0,0,0,0.076923,0.076923,0,0,0,0,0.076923,0,0.076923,0,0.076923,0,0,0,0,0,0.076923,0,0.076923,0,0,0,0,0,0,0,0,0.076923,0,0,0,0,0,0,0,0,0,0,0.076923,0,0,0,0,0,0,0,0,0,0,0,0,0,0,0
0,0,0.1,0,0,0,0,0,0,0,0,0,0.1,0,0,0,0.1,0,0,0,0,0,0,0,0.1,0,0,0,0,0,0,0,0,0,0,0,0,0.1,0,0.2,0,0.1,0,0,0,0,0.1,0,0,0,0,0,0,0,0.1,0,0,0,0,0,0,0,0,0
0,0,0,0.05,0,0.1,0,0,0,0,0,0,0,0,0.05,0,0.05,0.05,0.05,0,0.05,0,0.05,0,0,0,0,0,0,0,0,0,0,0,0.05,0,0.05,0,0,0.05,0,0,0,0,0,0,0,0,0,0,0.05,0.1,0,0,0.05,0,0.05,0.05,0,0.05,0,0.05,0,0
0,0,0,0,0.052632,0,0,0,0,0,0,0.052632,0.052632,0,0,0,0,0,0,0,0,0.052632,0,0,0.052632,0,0,0,0,0,0,0,0,0,0,0,0,0,0.052632,0,0,0.052632,0,0,0.052632,0.052632,0,0,0.052632,0.052632,0,0.10526,0.052632,0,0,0,0,0.052632,0,0.052632,0.052632,0,0.052632,0.052632
0.083333,0,0,0.083333,0,0.083333,0,0,0.083333,0,0,0,0,0,0,0,0,0.083333,0,0,0.083333,0,0,0,0,0,0,0,0,0,0,0,0,0,0.16667,0,0,0,0.083333,0,0,0,0,0,0,0,0.083333,0,0,0,0,0,0,0,0,0,0,0.083333,0,0,0,0.083333,0,0
0,0,0,0,0,0,0,0.1,0,0,0,0.1,0,0,0,0,0,0,0,0.1,0,0,0.1,0,0,0,0,0,0,0.1,0,0,0,0,0,0.1,0,0,0,0.1,0,0,0,0,0,0.1,0,0,0,0,0,0,0,0,0.1,0,0,0,0,0,0,0.1,0,0
0.041667,0.010417,0.020833,0.010417,0.03125,0.010417,0.010417,0.010417,0.0625,0.041667,0.010417,0.010417,0.010417,0,0.010417,0.010417,0.010417,0.020833,0.041667,0,0.020833,0.020833,0.020833,0.041667,0.072917,0.041667,0.03125,0.03125,0,0,0.020833,0.020833,0.010417,0.020833,0.010417,0,0.010417,0.010417,0.020833,0.020833,0.010417,0.052083,0.010417,0,0.020833,0,0.03125,0.010417,0,0.010417,0,0,0.010417,0.010417,0.010417,0,0.010417,0,0,0,0,0.010417,0,0
0.034483,0.034483,0.034483,0.068966,0.10345,0,0,0,0.068966,0,0,0,0.034483,0,0.068966,0,0.13793,0,0,0,0,0,0,0,0.034483,0.068966,0,0,0,0,0,0,0,0.034483,0,0,0.034483,0.034483,0,0,0,0,0,0,0,0,0,0,0.10345,0,0,0,0.034483,0,0.034483,0,0,0,0,0,0,0,0,0.034483
0.15789,0.052632,0.052632,0,0.052632,0,0,0,0,0,0,0,0.10526,0,0,0.052632,0.052632,0,0.052632,0,0,0,0,0,0,0,0,0,0,0,0,0,0,0,0,0,0,0,0,0,0,0,0,0,0,0,0,0,0.052632,0,0,0.052632,0,0,0,0,0,0,0,0.052632,0.15789,0,0.052632,0.052632
0,0,0,0,0,0,0,0.055556,0,0,0,0,0,0,0,0,0,0.055556,0,0,0,0,0,0.055556,0,0,0,0,0,0.11111,0.055556,0,0,0,0,0,0,0,0,0,0,0,0,0,0,0.055556,0.11111,0,0,0,0.055556,0,0,0.055556,0.11111,0.055556,0,0,0,0,0.055556,0,0,0.16667
0.045455,0,0,0.045455,0,0,0,0,0,0,0,0,0,0.045455,0.045455,0.22727,0,0,0,0,0,0,0,0,0,0,0,0.045455,0,0,0,0,0.045455,0,0,0,0.090909,0,0,0,0,0,0.045455,0,0,0,0,0,0.090909,0,0,0.045455,0.045455,0,0,0.045455,0,0,0.045455,0.045455,0,0,0.045455,0
0.11111,0.055556,0,0,0,0,0,0,0,0,0,0,0.055556,0,0,0.055556,0,0,0,0,0,0,0,0,0.055556,0,0.055556,0.055556,0,0,0,0,0.055556,0,0,0,0.055556,0,0,0,0,0,0,0,0,0,0,0.055556,0.11111,0,0,0.055556,0,0,0.055556,0,0.11111,0.055556,0,0,0,0,0,0
0,0,0,0,0,0,0,0,0.066667,0,0,0,0,0.066667,0.066667,0.13333,0,0,0,0,0.066667,0,0,0,0,0,0,0,0,0,0,0.13333,0.066667,0,0,0,0,0,0,0,0,0,0,0.066667,0.066667,0,0,0,0.066667,0,0,0,0.066667,0,0,0,0,0,0,0,0.066667,0,0,0.066667
0,0.083333,0,0,0,0,0,0,0,0,0,0,0.083333,0,0,0,0.083333,0,0.083333,0,0,0,0,0,0,0,0,0,0,0,0,0,0,0,0,0.16667,0,0,0,0,0,0,0,0,0,0,0,0.083333,0,0.083333,0,0,0,0,0,0,0,0,0.083333,0,0,0,0.16667,0.083333
0.029412,0.029412,0,0.029412,0,0.029412,0.088235,0,0.029412,0.029412,0,0,0,0,0,0,0.058824,0.029412,0,0,0.029412,0,0.029412,0,0,0.058824,0,0,0.029412,0,0.029412,0.029412,0,0,0,0,0,0.029412,0.029412,0,0,0.029412,0,0,0.058824,0,0,0,0.029412,0,0.029412,0,0,0,0.029412,0,0.029412,0.058824,0.088235,0,0,0.029412,0,0
0.038462,0,0,0.038462,0,0,0,0,0.038462,0,0,0.038462,0.038462,0,0,0,0.038462,0,0,0,0.038462,0,0.038462,0,0.038462,0,0,0,0,0,0.038462,0,0,0,0,0,0,0,0,0.076923,0,0,0,0,0,0,0.076923,0.038462,0.038462,0,0.076923,0.038462,0,0,0,0,0,0.076923,0,0.076923,0,0,0.038462,0.076923
0,0,0,0,0,0,0,0,0,0,0,0,0.11765,0,0,0.058824,0,0,0.058824,0.11765,0,0.058824,0.058824,0,0.058824,0.058824,0,0,0,0.058824,0,0.058824,0,0.058824,0,0,0,0,0,0.058824,0,0.058824,0,0,0,0,0,0,0.058824,0,0,0.058824,0,0,0,0,0,0,0,0,0,0,0,0
0.083333,0,0.083333,0.083333,0,0,0,0,0,0.083333,0.083333,0,0.083333,0,0,0,0,0,0,0,0,0,0,0,0,0,0,0,0,0,0,0,0,0,0,0,0,0,0.083333,0,0,0,0,0,0,0,0.083333,0,0,0,0,0.083333,0,0,0,0,0,0.16667,0,0,0.083333,0,0,0
0,0,0.022222,0.044444,0,0,0.022222,0,0,0.044444,0,0.022222,0.022222,0,0.022222,0.088889,0.044444,0,0,0.022222,0.022222,0,0.022222,0,0,0,0,0,0.044444,0,0,0,0,0,0,0,0,0.044444,0.066667,0.044444,0.022222,0.022222,0,0,0,0.022222,0.044444,0.066667,0.044444,0,0,0,0,0,0,0,0.022222,0.022222,0.022222,0.022222,0.044444,0.022222,0,0.022222
0.043478,0,0,0,0.043478,0,0.086957,0,0.043478,0,0,0,0,0,0,0.086957,0,0,0.086957,0,0,0.043478,0,0,0,0,0,0,0.086957,0,0,0,0,0,0,0,0.086957,0.043478,0,0,0,0,0,0,0,0,0.043478,0,0,0.043478,0,0.043478,0,0,0,0.043478,0,0,0,0.043478,0.043478,0.043478,0,0.043478
0.047619,0.02381,0.02381,0,0,0,0.02381,0,0,0,0,0.02381,0.02381,0.02381,0,0.02381,0.071429,0,0.02381,0.071429,0.047619,0,0,0.047619,0,0,0,0,0,0,0,0,0.02381,0.02381,0,0.071429,0,0.047619,0,0,0,0.02381,0,0,0,0,0.047619,0.02381,0.02381,0,0,0.047619,0.071429,0,0,0.02381,0.02381,0.02381,0,0.02381,0,0.02381,0,0
0,0,0,0.0625,0.0625,0.0625,0,0.0625,0.0625,0,0,0,0,0,0.0625,0,0.0625,0,0,0,0,0,0,0,0,0,0,0,0,0,0,0,0.125,0,0,0,0,0,0,0,0,0,0,0.0625,0,0,0,0,0,0,0,0.125,0.0625,0,0,0.0625,0,0,0.0625,0,0,0,0,0.0625
0,0.071429,0,0.071429,0,0,0,0,0,0,0,0,0,0,0.071429,0,0,0,0,0,0,0,0,0,0.071429,0,0,0,0,0,0,0.071429,0,0,0,0.071429,0.071429,0.071429,0,0,0,0,0,0,0,0,0,0,0.14286,0.14286,0,0,0,0,0,0,0.071429,0,0,0,0,0,0,0.071429
0,0,0,0.071429,0.071429,0,0,0.071429,0.071429,0,0,0,0.071429,0,0.071429,0.071429,0,0,0,0,0,0,0,0,0,0,0,0,0.071429,0,0,0.071429,0,0,0,0,0,0,0,0,0,0,0,0,0.071429,0,0,0,0,0,0,0.071429,0,0,0,0.071429,0.071429,0.071429,0,0,0,0,0,0
0,0.11111,0,0,0,0,0,0,0,0,0,0,0.22222,0.055556,0,0,0,0,0,0,0,0,0,0,0,0,0,0,0,0,0,0,0.055556,0.055556,0,0,0,0.055556,0,0,0.055556,0,0,0,0,0.055556,0.055556,0,0.055556,0,0,0,0,0,0.055556,0,0.055556,0,0,0,0.055556,0.055556,0,0
0.043478,0,0.043478,0.086957,0,0,0.043478,0,0.043478,0,0,0,0.086957,0.043478,0.13043,0,0,0.043478,0,0,0,0,0,0,0,0,0,0.043478,0,0,0,0,0,0,0,0,0.043478,0,0.043478,0,0,0,0,0,0,0,0,0,0.086957,0,0,0,0,0,0,0,0,0.086957,0.043478,0,0,0,0.086957,0
0,0,0,0,0.076923,0,0,0,0,0.076923,0,0,0,0.076923,0,0,0,0.076923,0,0,0.15385,0,0,0,0,0,0,0,0,0,0,0,0,0,0,0,0.076923,0,0.076923,0.076923,0,0.15385,0,0,0,0.076923,0,0.076923,0,0,0,0,0,0,0,0,0,0,0,0,0,0,0,0
0,0,0,0,0,0,0,0,0,0,0,0.0625,0,0,0,0,0,0,0,0,0,0,0,0.0625,0,0,0,0,0,0,0,0,0,0,0,0.0625,0,0,0,0,0,0,0,0,0.0625,0.0625,0,0.0625,0,0,0,0.125,0.1875,0,0.0625,0,0,0,0,0.0625,0,0,0.125,0.0625
0,0,0,0.023256,0,0.023256,0.023256,0.023256,0.023256,0,0.023256,0,0.046512,0.023256,0,0,0.046512,0,0.023256,0,0,0.023256,0,0.023256,0,0,0.023256,0.023256,0.046512,0,0,0,0,0.023256,0.046512,0,0,0.023256,0,0.046512,0.023256,0,0.023256,0,0,0.046512,0.023256,0.046512,0.023256,0,0,0,0,0,0,0,0,0,0.023256,0.046512,0.023256,0.023256,0.046512,0.093023
0.026316,0,0.026316,0.026316,0,0.052632,0.052632,0,0.026316,0,0,0.026316,0,0,0.026316,0.026316,0.026316,0.052632,0.026316,0.026316,0,0,0,0,0,0,0,0.026316,0,0,0.052632,0,0.052632,0,0.026316,0,0.026316,0,0,0,0,0.026316,0.026316,0,0.052632,0,0.026316,0.026316,0,0,0,0.052632,0,0,0,0,0,0,0.026316,0.052632,0,0,0.10526,0
0.071429,0,0.035714,0,0,0.035714,0,0,0.035714,0.035714,0,0.035714,0,0.035714,0.035714,0,0,0,0.035714,0,0,0,0,0,0,0,0.035714,0,0,0,0.035714,0,0.035714,0,0,0,0,0.071429,0.071429,0.035714,0,0,0,0,0,0,0.10714,0,0,0,0,0.035714,0,0,0,0,0.035714,0.035714,0.071429,0.035714,0.035714,0,0,0
0,0,0.018868,0.037736,0,0,0.037736,0.018868,0.018868,0.037736,0.018868,0,0.018868,0.018868,0,0,0.056604,0.018868,0.018868,0.018868,0.037736,0,0.018868,0,0.037736,0,0,0.037736,0.018868,0.018868,0.018868,0,0,0,0.018868,0.018868,0,0.018868,0,0.037736,0,0,0,0,0.018868,0.037736,0,0.018868,0.056604,0,0,0.018868,0.018868,0,0,0,0.018868,0.018868,0,0.018868,0.018868,0.018868,0.056604,0.056604
0.076923,0.076923,0.076923,0,0,0.076923,0,0,0,0,0,0,0,0,0,0.076923,0,0,0,0,0.076923,0,0,0,0,0,0,0,0,0,0,0.076923,0.076923,0,0,0,0.076923,0,0,0,0,0,0,0,0,0,0,0,0,0,0,0,0,0,0,0,0,0,0,0.076923,0,0.15385,0.076923,0
0.071429,0,0.071429,0,0,0,0,0,0,0,0,0,0,0,0.14286,0,0,0,0,0,0,0,0,0,0,0,0,0,0,0.071429,0,0,0,0.071429,0.071429,0,0,0,0,0,0,0,0,0,0,0.071429,0,0,0,0,0,0.071429,0,0.071429,0.071429,0,0.071429,0,0,0,0,0.071429,0.071429,0
0.037037,0.037037,0.037037,0,0,0.037037,0.037037,0,0,0,0.037037,0,0,0,0.074074,0,0,0.037037,0,0.037037,0.037037,0,0,0,0,0,0.037037,0.037037,0,0.11111,0.037037,0,0,0,0.037037,0,0,0,0,0,0,0,0,0,0,0,0.037037,0,0.037037,0,0.037037,0,0,0,0,0.037037,0.037037,0.037037,0.074074,0,0.037037,0,0,0
0,0,0.083333,0,0,0,0.16667,0,0,0.083333,0,0,0.16667,0,0,0,0.083333,0,0,0,0.083333,0,0,0,0,0,0,0.16667,0,0,0,0,0,0.083333,0,0,0,0,0,0,0.083333,0,0,0,0,0,0,0,0,0,0,0,0,0,0,0,0,0,0,0,0,0,0,0
0.13333,0,0.066667,0,0,0,0,0,0,0,0,0,0,0,0.066667,0,0,0.066667,0,0,0,0,0,0,0,0,0,0,0,0,0,0.066667,0,0,0,0,0,0,0,0,0.066667,0,0,0,0,0,0.066667,0,0,0,0,0,0.066667,0.066667,0,0,0.13333,0.066667,0.066667,0,0,0,0.066667,0
0.2,0,0,0.1,0,0,0,0,0.1,0,0,0,0,0,0,0,0,0,0,0,0,0,0.1,0,0,0.1,0,0,0,0,0.1,0,0,0,0,0,0.1,0,0,0,0,0,0,0,0,0.1,0,0,0,0,0,0,0,0,0,0,0,0,0,0,0,0,0,0.1
0,0,0,0,0,0,0,0,0,0.083333,0,0.083333,0,0,0,0,0,0,0,0,0,0,0,0,0.16667,0,0,0,0.083333,0,0,0,0,0,0,0,0,0,0,0,0,0,0,0.083333,0,0,0,0,0,0.083333,0,0.083333,0,0,0,0,0,0,0,0,0.083333,0.083333,0.083333,0.083333
0.060606,0,0,0,0,0,0,0.030303,0,0.030303,0,0.030303,0.15152,0,0.030303,0.030303,0,0,0,0,0,0,0,0,0,0.030303,0,0,0,0,0,0.030303,0.030303,0,0,0,0.060606,0.030303,0.030303,0,0,0,0,0,0,0,0,0,0.060606,0,0.060606,0.18182,0,0,0,0.030303,0.030303,0,0,0.030303,0.030303,0,0,0
0,0,0,0,0,0,0.090909,0,0,0,0,0,0,0,0,0,0.090909,0,0,0,0.27273,0,0,0,0,0,0,0.090909,0,0,0,0,0,0,0,0,0,0,0,0,0,0,0,0,0,0,0,0,0.090909,0,0.090909,0,0,0.090909,0,0,0,0,0.090909,0,0.090909,0,0,0
0.05,0.05,0.05,0,0,0,0.05,0.05,0.05,0,0,0.05,0,0.05,0,0.1,0,0,0.05,0,0,0,0,0,0,0.05,0.05,0,0,0,0,0,0,0.05,0,0,0.05,0,0,0,0,0,0,0,0.1,0,0,0,0.05,0,0,0,0,0,0.05,0,0,0,0,0,0.05,0,0,0
0,0.066667,0,0,0,0,0.066667,0,0,0.066667,0,0,0,0.066667,0,0,0.066667,0,0,0,0,0,0,0,0.066667,0,0,0,0,0,0,0,0,0.066667,0,0.066667,0,0,0,0,0,0,0,0,0,0,0,0,0.066667,0.066667,0,0.13333,0,0,0,0,0.066667,0,0,0.13333,0,0,0,0
0,0,0,0.0625,0,0,0,0.125,0,0,0,0,0,0,0,0,0,0.0625,0.0625,0,0,0,0,0,0,0,0,0,0,0.0625,0,0.125,0,0,0,0,0,0,0,0,0,0.0625,0,0,0,0,0.0625,0,0,0.0625,0,0,0.0625,0,0,0,0,0,0,0.125,0,0.0625,0,0.0625
0,0,0,0.0625,0.0625,0,0,0,0.0625,0,0,0.0625,0.125,0,0.0625,0.0625,0,0,0,0.0625,0,0,0,0,0,0,0,0.125,0,0,0,0,0,0,0,0,0,0.0625,0,0,0,0,0,0,0.0625,0.0625,0,0,0,0,0,0,0,0,0,0,0.0625,0,0,0,0.0625,0,0,0
0.13333,0.022222,0,0.022222,0.022222,0.022222,0,0.022222,0,0.022222,0,0.022222,0.022222,0.044444,0,0,0.044444,0.022222,0,0.044444,0.044444,0,0,0,0.066667,0,0,0,0,0,0,0,0.044444,0,0,0,0.044444,0,0,0,0,0,0,0.022222,0.044444,0,0.022222,0,0,0.044444,0.022222,0,0,0.022222,0.022222,0.022222,0.022222,0,0,0,0,0,0.088889,0
0,0,0,0,0.086957,0.043478,0,0.086957,0,0,0,0,0,0,0,0.043478,0,0.13043,0,0,0,0,0,0,0.043478,0.043478,0,0,0,0,0.043478,0,0.043478,0,0,0,0,0.043478,0.043478,0,0,0.043478,0,0,0,0,0,0,0.043478,0.043478,0,0,0.043478,0.043478,0,0,0.043478,0.043478,0.043478,0,0,0,0,0
0,0,0,0.028571,0,0,0.028571,0,0,0,0.028571,0.028571,0.028571,0,0,0.028571,0.028571,0,0,0,0.028571,0,0.028571,0,0.057143,0.11429,0,0,0.057143,0,0.028571,0.028571,0,0.028571,0,0,0.057143,0,0.028571,0,0,0,0,0,0,0.028571,0,0,0,0,0,0,0.028571,0.028571,0.085714,0.057143,0,0.028571,0,0.028571,0,0.028571,0,0.028571
0,0,0,0,0,0,0,0,0,0,0,0.083333,0.083333,0,0,0.083333,0,0.083333,0.083333,0,0,0,0,0,0,0,0,0,0,0,0,0,0,0,0.083333,0,0,0,0,0,0,0,0,0,0,0,0.083333,0,0.083333,0,0,0,0,0,0,0,0,0,0.083333,0.083333,0,0,0,0.16667
0,0.038462,0,0,0,0.076923,0.038462,0.038462,0,0,0,0,0,0.038462,0.038462,0,0.038462,0,0,0,0.038462,0,0,0,0.038462,0.038462,0,0,0,0,0,0,0,0,0,0,0.038462,0,0.038462,0.038462,0,0,0,0,0,0,0.076923,0,0,0.076923,0,0.038462,0,0,0.038462,0,0,0.076923,0.038462,0,0.038462,0,0.038462,0.038462
0.045455,0,0,0.045455,0.045455,0,0,0,0.045455,0.090909,0,0,0.090909,0,0.045455,0,0.045455,0.045455,0,0,0,0,0,0,0.045455,0.045455,0,0,0,0.045455,0,0,0.045455,0,0,0,0,0,0,0,0.090909,0,0,0,0,0.045455,0,0,0.045455,0,0,0,0,0,0.045455,0,0,0,0.045455,0.045455,0,0,0,0
0,0,0.05,0,0,0,0,0,0,0,0,0.05,0.05,0,0,0,0,0,0,0.05,0.05,0,0,0,0,0,0,0,0,0,0,0,0,0,0,0,0,0.05,0,0,0.1,0,0.05,0.05,0,0,0.05,0.05,0.05,0,0,0,0,0.1,0.1,0,0.05,0.05,0,0.05,0,0,0,0
0.027027,0,0.027027,0.027027,0,0.027027,0,0,0.054054,0,0.027027,0.081081,0.027027,0.027027,0,0,0,0.027027,0,0.027027,0.027027,0,0,0,0,0.027027,0,0.027027,0.054054,0.081081,0,0,0,0,0.027027,0,0.081081,0.027027,0.027027,0,0,0,0,0,0,0,0.027027,0.027027,0,0,0.027027,0,0.027027,0,0.054054,0,0,0,0.027027,0.027027,0,0,0,0.027027
0.125,0,0.0625,0,0,0,0,0,0,0,0,0.0625,0,0,0,0.0625,0.0625,0,0.0625,0,0,0,0,0,0.0625,0.0625,0,0,0,0,0,0,0,0,0.0625,0,0,0,0.125,0,0,0,0,0,0,0,0,0,0,0,0,0,0.0625,0,0,0,0,0.0625,0,0.0625,0,0,0.0625,0
0,0.1,0,0,0.1,0,0,0,0,0.1,0,0,0,0.1,0,0,0,0,0,0,0,0,0,0,0,0,0,0,0,0.1,0,0,0,0,0,0,0.1,0,0,0,0,0,0,0,0.1,0,0,0,0.1,0,0,0,0,0,0,0,0,0,0,0,0,0.1,0.1,0
0,0,0,0,0,0,0.083333,0,0,0,0,0,0.083333,0,0,0,0,0,0,0,0,0,0,0,0,0,0.083333,0,0,0,0.083333,0,0,0,0,0,0.083333,0,0,0,0.16667,0,0,0,0,0.16667,0,0.083333,0,0,0,0,0,0,0,0,0,0,0.083333,0,0,0,0,0.083333
0.058824,0.058824,0,0.11765,0,0,0,0,0,0,0,0,0.058824,0,0,0,0.17647,0,0,0,0,0,0,0,0,0,0,0,0.058824,0,0.058824,0.11765,0,0,0,0,0,0,0,0,0,0,0,0,0,0,0.058824,0,0,0,0,0,0.058824,0,0,0,0,0,0,0,0.058824,0,0.058824,0.058824
0.1,0,0,0,0.05,0,0,0,0,0.05,0,0,0,0,0.05,0.05,0,0.05,0,0,0,0.05,0.05,0,0,0,0,0,0,0,0.05,0,0,0,0,0,0.05,0,0,0,0,0,0,0.05,0,0,0,0,0,0.1,0,0.05,0,0,0,0,0.05,0.05,0,0,0.05,0.05,0,0.05
0.060606,0.030303,0.030303,0.060606,0,0.030303,0,0,0,0.030303,0,0,0.030303,0,0,0,0.060606,0,0.030303,0.030303,0.030303,0,0,0,0.030303,0,0,0,0.030303,0,0,0,0.060606,0.030303,0.030303,0,0.060606,0,0,0,0,0,0,0.060606,0,0,0.090909,0.090909,0,0.030303,0,0,0.030303,0,0,0,0,0.030303,0,0,0,0,0,0
0.041667,0,0,0,0,0,0,0,0,0,0,0,0,0.041667,0.041667,0,0.041667,0,0.041667,0,0.041667,0,0.041667,0.041667,0,0,0,0,0.041667,0,0,0,0.041667,0,0,0,0.041667,0,0,0.041667,0,0,0,0,0.041667,0,0.083333,0.041667,0,0.041667,0,0,0.041667,0,0,0.083333,0,0,0,0,0.041667,0.041667,0,0.083333
0.04,0,0,0,0.04,0,0.04,0,0,0.12,0,0.04,0.04,0,0.04,0,0,0,0.04,0,0,0,0.04,0,0.12,0.04,0,0,0,0,0.04,0,0.08,0,0,0.04,0,0,0,0.04,0,0,0,0,0.04,0,0,0,0,0,0,0,0,0.04,0,0,0,0.04,0,0,0.04,0,0,0.04
0.04,0.04,0,0,0,0,0,0,0,0,0.04,0,0,0.04,0,0,0.08,0,0,0,0,0.04,0.04,0,0,0.04,0,0,0,0,0,0.08,0.04,0.04,0,0.04,0.16,0.04,0,0,0,0,0,0,0,0,0,0.04,0,0,0.04,0,0,0,0,0,0.04,0,0.04,0,0,0.04,0.04,0
0.03125,0,0.0625,0.03125,0,0.03125,0.0625,0,0,0.03125,0.03125,0,0,0,0.03125,0,0,0.0625,0,0.03125,0.03125,0.0625,0,0,0.03125,0.03125,0,0,0,0,0.0625,0,0,0,0,0,0,0.09375,0,0,0,0,0.03125,0,0,0.0625,0,0.03125,0,0.03125,0,0,0,0,0.03125,0.03125,0,0,0.03125,0,0.03125,0,0,0
0,0,0,0.071429,0,0,0,0,0,0.071429,0,0,0,0.071429,0,0.14286,0,0,0,0,0.071429,0,0,0,0,0.071429,0,0,0.071429,0,0,0,0.14286,0,0,0,0,0,0,0,0.071429,0,0,0.071429,0,0.071429,0,0,0,0,0,0,0,0,0.071429,0,0,0,0,0,0,0,0,0
0.066667,0,0,0,0,0,0,0,0,0,0,0,0,0.066667,0,0,0,0,0.066667,0,0,0,0,0,0,0,0.13333,0.066667,0,0,0,0,0.066667,0,0,0,0,0,0,0,0,0,0.066667,0.066667,0,0.066667,0,0.066667,0,0,0,0,0.066667,0,0,0,0,0,0,0.066667,0,0.066667,0.066667,0
0,0,0,0.10526,0,0,0,0,0,0,0.052632,0,0.052632,0.10526,0.052632,0,0,0,0,0.10526,0.052632,0,0,0,0,0,0,0,0,0.052632,0,0,0,0,0,0,0,0,0,0,0,0,0,0,0,0,0,0,0.052632,0.052632,0.052632,0,0,0,0.052632,0,0,0,0.052632,0.052632,0,0.052632,0.052632,0
0,0,0,0,0.18182,0,0.090909,0,0.090909,0,0,0,0.090909,0,0,0.090909,0.090909,0,0,0,0,0,0.090909,0,0,0,0,0,0,0,0,0,0,0,0,0,0.090909,0.090909,0,0,0,0,0,0,0,0,0,0,0,0,0,0,0,0.090909,0,0,0,0,0,0,0,0,0,0
0.10345,0.068966,0.034483,0,0.034483,0.034483,0,0.034483,0.034483,0,0,0.034483,0.034483,0,0,0.034483,0.034483,0.034483,0.034483,0,0.068966,0,0,0,0,0.034483,0,0,0,0,0.034483,0,0,0,0,0,0,0.034483,0,0,0,0.068966,0,0,0,0.034483,0.034483,0,0,0,0,0,0,0,0,0,0,0,0.034483,0.068966,0,0,0.034483,0
0,0,0,0,0,0,0,0,0,0,0,0,0,0,0,0,0.055556,0,0.22222,0.16667,0,0,0.16667,0,0,0,0,0,0,0,0,0,0,0,0,0,0,0,0,0,0,0,0,0,0,0.055556,0.11111,0,0,0,0,0,0,0,0,0,0.055556,0.11111,0,0,0,0,0,0.055556
0.0625,0,0.0625,0,0,0,0.0625,0,0,0,0,0,0,0,0,0.0625,0.0625,0.0625,0,0,0.0625,0,0,0.0625,0,0,0.0625,0,0,0,0,0,0,0,0,0,0,0,0,0.0625,0,0,0,0,0.0625,0.0625,0,0,0.0625,0,0,0,0,0,0,0,0,0,0,0.0625,0,0,0,0.125
0,0.043478,0,0.043478,0,0,0,0,0,0.043478,0,0,0,0,0,0,0,0.043478,0,0,0.086957,0.043478,0,0,0,0,0,0,0.043478,0,0.086957,0,0,0.043478,0.043478,0,0,0,0,0.043478,0.043478,0,0,0.043478,0,0,0,0,0,0,0.043478,0,0.043478,0,0,0.043478,0,0.043478,0.086957,0,0,0.086957,0,0
0.076923,0,0.038462,0.038462,0,0,0,0,0.038462,0.038462,0,0,0.038462,0,0.038462,0,0.076923,0.038462,0,0,0,0,0.038462,0,0.076923,0.038462,0,0,0,0,0,0,0.038462,0,0,0.038462,0.038462,0.038462,0,0,0,0,0,0,0,0,0,0.038462,0,0,0,0,0.038462,0.038462,0,0,0,0.038462,0.038462,0,0,0.038462,0,0.038462
0.055556,0,0,0.055556,0,0,0,0,0,0,0,0.055556,0,0,0.11111,0,0.055556,0,0,0.055556,0,0,0,0,0,0.055556,0,0,0,0.055556,0.055556,0,0.055556,0,0,0,0.055556,0,0,0,0,0,0,0,0.055556,0,0.055556,0,0,0,0,0,0.055556,0,0,0,0,0,0,0,0,0.055556,0.055556,0.055556
0.032258,0,0.032258,0,0,0,0.032258,0,0,0,0,0,0,0,0,0.064516,0,0.032258,0,0.032258,0.064516,0,0,0,0.032258,0,0.032258,0,0.032258,0,0.064516,0,0.032258,0,0,0,0,0,0,0.032258,0,0,0,0,0,0.032258,0,0.032258,0,0,0,0.064516,0.032258,0,0.032258,0,0,0.096774,0.096774,0,0,0.064516,0,0.032258
0.071429,0.071429,0,0,0,0,0,0,0,0,0,0,0,0.071429,0,0.071429,0,0,0.14286,0,0,0,0,0,0,0.071429,0,0,0,0,0,0,0,0,0,0,0,0,0,0,0.071429,0,0,0.071429,0,0,0.071429,0,0.14286,0,0,0,0,0,0,0,0,0,0,0.071429,0,0,0,0.071429
0.036585,0.02439,0.012195,0.012195,0.036585,0,0.04878,0,0.02439,0,0.012195,0.012195,0.036585,0,0,0.012195,0.02439,0.036585,0.02439,0.02439,0,0,0.02439,0,0.036585,0.02439,0.012195,0.02439,0.012195,0.012195,0,0.012195,0.012195,0,0.012195,0,0.02439,0,0.012195,0,0,0.02439,0.012195,0.012195,0,0.02439,0.036585,0.036585,0.012195,0.012195,0.012195,0,0.012195,0.012195,0.012195,0.02439,0.012195,0.012195,0.012195,0.036585,0.012195,0.012195,0.036585,0.02439
0,0,0,0,0,0.083333,0,0,0,0,0.083333,0.083333,0,0,0,0,0,0,0.083333,0.083333,0.083333,0,0,0,0,0,0,0,0,0,0,0,0,0,0,0,0,0.083333,0,0,0,0,0.083333,0,0,0,0,0,0,0,0,0,0.083333,0,0,0.083333,0.083333,0.083333,0,0,0,0,0,0
0.1,0,0,0.05,0.1,0,0,0.15,0,0,0,0,0,0,0,0.05,0.05,0.05,0,0,0,0,0,0,0,0,0,0,0,0,0,0,0,0,0,0,0,0,0,0,0,0.05,0,0,0.05,0,0.05,0,0,0.05,0,0,0,0,0,0,0,0,0,0,0.1,0.05,0.05,0.05
0,0.05,0.05,0,0,0,0,0,0,0.05,0,0,0,0,0,0.05,0,0,0.05,0,0,0.05,0,0,0.05,0,0,0,0,0,0,0,0,0.05,0,0,0,0,0.05,0,0.05,0,0,0,0,0,0.1,0,0.05,0,0,0,0.05,0,0,0,0.05,0,0,0.05,0,0,0.15,0.05
0.045455,0,0,0,0,0,0,0,0,0.045455,0,0.045455,0,0.045455,0,0,0,0,0,0,0,0,0,0,0,0,0,0,0,0,0.045455,0.045455,0,0,0.045455,0,0.090909,0,0.090909,0,0,0.045455,0,0,0,0.045455,0.045455,0,0.090909,0,0,0.045455,0,0,0,0,0,0,0.045455,0,0,0.045455,0.045455,0.090909
0.090909,0,0.090909,0,0,0,0.090909,0,0,0.090909,0,0,0.090909,0,0,0,0,0,0,0,0,0,0,0,0,0.090909,0,0,0,0,0,0,0.18182,0,0,0,0,0,0,0.090909,0,0,0,0,0,0,0,0,0,0,0,0,0,0,0,0,0.090909,0,0,0,0,0,0,0.090909
0,0,0,0,0.076923,0,0,0,0,0,0,0,0,0,0,0,0,0,0,0,0.076923,0,0,0,0,0,0.076923,0,0,0,0,0,0,0,0,0,0.15385,0.076923,0.076923,0,0,0,0,0,0.076923,0,0.076923,0.076923,0,0,0,0,0,0,0,0,0,0,0,0,0,0,0.076923,0.15385
0.086957,0.043478,0.043478,0.043478,0,0,0.043478,0,0,0,0,0,0,0,0.043478,0.043478,0,0,0.086957,0,0,0,0,0,0,0,0,0,0,0.043478,0,0,0,0,0,0.043478,0,0.043478,0,0,0,0,0,0,0,0.043478,0,0,0,0,0.043478,0.086957,0.043478,0,0.086957,0,0,0,0,0,0.043478,0.043478,0,0.043478
0,0,0,0,0,0,0,0,0,0,0,0.05,0.05,0.05,0,0,0,0.05,0,0,0,0,0,0.05,0,0.05,0,0,0,0,0,0.15,0,0,0,0,0.05,0.1,0,0.1,0,0,0,0,0,0.05,0,0.05,0,0,0,0.1,0,0,0,0,0,0,0,0,0,0.05,0,0.05
0.125,0,0,0.0625,0.0625,0.0625,0.0625,0,0,0,0,0,0.0625,0.0625,0,0.0625,0,0,0.0625,0,0,0,0,0,0,0,0,0,0,0,0,0,0,0,0,0,0,0,0,0,0.125,0,0,0,0,0,0,0,0.125,0,0.0625,0,0,0.0625,0,0,0,0,0,0,0,0,0,0
0.043478,0.086957,0,0,0,0,0,0.043478,0.086957,0.043478,0,0,0,0,0,0,0,0.043478,0,0,0.086957,0,0,0,0,0,0.043478,0,0,0,0.043478,0,0,0,0,0,0.043478,0.043478,0.043478,0,0,0,0,0.043478,0.043478,0,0.043478,0,0,0,0,0.043478,0.043478,0,0.043478,0,0,0,0.043478,0.043478,0,0,0,0
0.086957,0.043478,0.043478,0.043478,0.043478,0,0,0,0.043478,0,0,0.043478,0,0,0.043478,0,0.043478,0,0,0,0,0,0,0,0.043478,0.043478,0,0,0,0.043478,0.086957,0,0.086957,0,0,0.043478,0,0,0,0,0,0,0,0,0,0,0,0.043478,0,0.043478,0,0,0,0.043478,0,0,0,0.043478,0,0,0,0.043478,0,0
0.076923,0,0,0,0,0.076923,0,0,0,0,0.076923,0,0,0,0.076923,0,0.076923,0,0,0,0,0,0,0,0,0,0,0,0.076923,0,0,0.076923,0,0,0.076923,0,0,0,0,0,0,0,0.076923,0,0,0,0,0,0.076923,0,0,0,0.076923,0,0,0,0,0,0,0,0.076923,0,0.076923,0
0.04,0,0.04,0,0,0,0.08,0,0.04,0,0,0,0.04,0,0,0.04,0,0.04,0.04,0,0.04,0,0.04,0,0,0.04,0,0,0,0,0,0.04,0.04,0,0.04,0.04,0.04,0,0,0,0,0.04,0,0,0,0,0.04,0,0.04,0.04,0,0,0,0.04,0.04,0,0,0.04,0,0,0.04,0,0,0
0.08,0,0.04,0.04,0,0,0.04,0,0,0.04,0,0,0,0,0,0,0.04,0.04,0.04,0,0,0.08,0,0,0.04,0.08,0.04,0,0.12,0,0,0,0,0,0,0,0,0,0,0,0,0,0,0,0.04,0,0,0.04,0.04,0,0,0,0,0,0,0,0.04,0,0,0.04,0,0,0.04,0.04
0,0,0,0,0,0.1,0,0,0,0,0,0,0,0,0,0.2,0.1,0.1,0,0,0,0,0,0,0.2,0,0,0,0,0,0,0,0,0.1,0,0,0,0,0,0,0,0,0,0,0,0,0,0,0,0,0,0,0,0,0.1,0,0,0,0,0,0,0.1,0,0
0,0,0,0.058824,0,0.058824,0,0,0,0,0,0,0,0,0,0.058824,0.058824,0,0,0.058824,0.058824,0,0,0,0,0,0,0,0,0,0,0,0,0,0,0,0.058824,0,0,0,0,0,0,0,0,0,0.058824,0,0,0,0.058824,0,0.058824,0,0,0,0,0,0,0,0.11765,0.058824,0.17647,0.058824
0,0,0,0,0,0,0,0,0,0,0,0,0,0,0,0,0,0,0,0.058824,0,0,0,0,0.058824,0,0,0,0,0.058824,0,0,0,0,0,0.058824,0,0,0,0,0,0,0,0,0,0,0,0,0.058824,0.058824,0,0.11765,0,0,0.058824,0,0,0.058824,0,0.058824,0,0,0.058824,0.29412
0,0,0,0,0,0.045455,0,0,0.045455,0.045455,0,0.045455,0.045455,0,0,0,0,0,0,0,0,0.045455,0,0,0,0,0,0.045455,0,0,0.045455,0,0,0,0.045455,0,0,0.045455,0.045455,0.045455,0,0,0,0,0.045455,0,0.045455,0.045455,0.045455,0,0.045455,0,0,0,0,0,0.045455,0.045455,0,0,0.045455,0.045455,0.045455,0
0.02439,0.02439,0,0,0.02439,0,0.04878,0,0.02439,0,0,0,0,0.02439,0,0,0.02439,0,0.02439,0.02439,0,0.02439,0,0,0.02439,0,0,0,0,0.02439,0.02439,0,0,0,0.02439,0,0.02439,0.02439,0,0,0,0,0.02439,0,0,0,0.02439,0,0.073171,0.02439,0.02439,0,0.04878,0.02439,0.02439,0.02439,0.073171,0,0.02439,0.04878,0.073171,0.073171,0,0
0,0,0,0.14286,0,0,0,0,0,0,0,0,0.071429,0.071429,0,0.071429,0,0,0,0,0,0,0,0,0,0,0,0,0,0,0,0,0,0,0,0,0.071429,0,0,0,0,0,0,0,0.14286,0,0,0,0.071429,0,0,0,0,0,0,0,0,0,0,0,0.14286,0.071429,0,0.14286
0,0,0,0.045455,0,0,0,0,0,0,0,0,0,0,0,0,0,0,0.090909,0.045455,0,0,0,0,0.045455,0,0.090909,0,0,0.090909,0,0,0.090909,0,0,0,0,0.045455,0.045455,0,0,0,0,0,0.045455,0,0.13636,0,0,0,0,0,0,0,0,0,0.045455,0,0,0.090909,0,0.045455,0,0.045455
0,0,0.13333,0.066667,0,0,0,0,0,0,0.13333,0,0,0,0,0.066667,0,0,0,0.066667,0,0,0,0,0,0.066667,0.066667,0,0,0,0,0,0,0,0,0,0.066667,0,0.066667,0,0,0,0,0,0.066667,0,0,0,0,0,0,0,0.066667,0.066667,0,0.066667,0,0,0,0,0,0,0,0
0.032258,0,0,0,0,0,0,0,0,0.032258,0,0,0.064516,0,0.032258,0.032258,0,0,0.032258,0,0,0,0.064516,0,0.064516,0,0.032258,0.032258,0,0.064516,0.032258,0,0,0,0,0.032258,0,0,0.032258,0.032258,0,0,0,0,0,0.032258,0.032258,0,0.032258,0,0,0,0,0.032258,0.032258,0.032258,0,0,0,0.032258,0,0.032258,0.064516,0.064516
0,0,0.13333,0,0.066667,0,0,0,0,0,0,0.066667,0,0,0,0,0,0,0,0,0.066667,0,0,0,0,0.066667,0.066667,0,0,0,0.066667,0.066667,0,0,0,0,0,0,0,0.066667,0,0,0,0,0,0,0,0,0,0,0,0,0,0,0.066667,0,0.066667,0,0.066667,0,0,0,0.13333,0
0.11111,0.11111,0,0,0,0,0,0,0.055556,0.055556,0,0.055556,0.055556,0,0,0,0.11111,0.055556,0.055556,0,0,0,0.055556,0,0,0,0,0,0,0,0.055556,0,0.055556,0,0,0,0,0.055556,0,0,0,0,0,0,0.055556,0,0,0,0,0,0,0,0,0,0,0,0,0,0,0,0,0,0.055556,0
0.038462,0,0,0.076923,0.076923,0,0,0,0,0,0.038462,0.038462,0.038462,0,0.038462,0,0.038462,0,0.076923,0,0,0.038462,0,0,0,0.076923,0,0,0,0,0.038462,0,0.038462,0,0,0,0,0,0,0,0.038462,0.038462,0,0,0,0,0,0,0,0,0,0,0,0,0,0,0,0.038462,0,0.11538,0.076923,0,0.038462,0
0.052632,0.052632,0.052632,0.052632,0,0.052632,0.052632,0,0.052632,0,0,0,0,0,0,0,0,0,0.052632,0,0,0,0,0,0,0,0,0,0.052632,0.052632,0,0.052632,0.052632,0,0,0,0.052632,0,0.10526,0,0,0,0,0,0,0.052632,0,0,0,0,0,0,0,0,0,0,0,0,0.10526,0.052632,0,0,0,0
0,0,0,0,0,0,0,0,0,0,0,0,0,0,0,0,0,0,0.076923,0,0,0,0.15385,0,0,0,0,0,0,0.076923,0,0,0.076923,0,0,0,0,0,0.076923,0,0,0,0,0,0,0.076923,0,0,0,0,0,0,0,0,0,0.076923,0,0.076923,0,0.076923,0,0.076923,0.076923,0.076923
0,0.05,0,0.05,0.1,0.05,0.05,0.05,0,0.05,0.05,0,0,0,0.05,0.1,0.05,0,0,0,0,0.05,0,0,0,0,0,0,0,0,0,0,0,0,0,0,0.05,0.05,0.05,0,0,0,0,0,0.05,0.05,0,0,0.05,0,0,0,0,0,0,0,0,0,0,0,0,0,0,0
0.090909,0,0,0,0,0,0.090909,0,0,0,0,0,0.090909,0,0,0.090909,0,0.090909,0,0,0,0,0,0,0,0,0,0,0,0,0,0,0,0,0,0,0.090909,0,0,0,0,0,0,0,0,0,0,0.090909,0,0.090909,0,0,0,0,0,0,0.090909,0,0,0,0,0,0.090909,0.090909
0,0,0,0,0,0,0,0,0,0.08,0.08,0,0,0,0,0,0,0,0.16,0,0,0,0,0,0,0.04,0.04,0.04,0,0,0,0,0,0,0,0,0,0,0.08,0.04,0.04,0.04,0.04,0,0.04,0,0.12,0,0,0,0,0,0,0,0,0,0.04,0,0.04,0.08,0,0,0,0
0.028571,0.028571,0.028571,0,0,0.028571,0,0,0.057143,0.028571,0,0,0.057143,0.057143,0,0.028571,0.028571,0.028571,0,0,0,0,0.057143,0,0.028571,0.028571,0,0.028571,0,0,0,0.028571,0.028571,0,0,0,0,0.057143,0,0,0,0.028571,0,0,0,0,0,0.028571,0.057143,0.028571,0,0.057143,0,0,0.028571,0.057143,0,0,0.028571,0,0,0,0,0.028571
0,0.027778,0.027778,0,0,0,0,0.027778,0,0,0,0,0,0,0.027778,0.027778,0,0.027778,0,0.055556,0,0,0,0.055556,0,0.027778,0.027778,0,0.083333,0,0,0.055556,0,0,0,0,0.027778,0,0.027778,0.027778,0.055556,0,0.055556,0.027778,0,0.027778,0,0,0,0,0.027778,0,0,0.027778,0,0.027778,0,0.027778,0.027778,0,0.055556,0,0.027778,0.055556
0,0,0,0,0,0,0,0,0,0,0,0,0,0,0,0,0,0,0,0,0,0,0.1,0,0.2,0,0,0,0,0,0,0.1,0,0.1,0,0,0,0.1,0,0.1,0,0,0,0,0,0,0.1,0,0,0.2,0,0,0,0,0,0,0,0,0,0,0,0,0,0
0.052632,0,0.052632,0,0,0,0,0,0,0,0,0.052632,0,0,0,0,0,0,0,0.052632,0,0,0,0,0.052632,0,0,0,0.052632,0,0,0,0.052632,0,0.052632,0,0,0,0.15789,0.052632,0,0.052632,0,0,0,0,0,0,0,0,0,0,0,0,0.052632,0,0,0.052632,0,0.052632,0,0.052632,0.052632,0.052632
0,0.066667,0.066667,0.066667,0.066667,0,0,0.13333,0,0,0,0,0.066667,0,0.066667,0,0,0,0,0,0,0,0,0,0,0,0,0,0.066667,0.066667,0,0,0,0,0,0,0,0,0,0,0,0,0,0,0,0,0,0,0.066667,0,0,0,0.066667,0,0,0,0.066667,0,0,0.066667,0,0,0,0.066667
0,0,0,0,0.1,0,0,0,0,0,0,0,0.1,0,0,0,0,0.1,0.1,0.1,0,0,0,0,0,0,0.1,0,0,0,0,0,0,0,0,0,0.1,0,0,0,0,0,0,0,0,0,0,0,0,0,0,0.1,0,0,0,0,0,0.1,0,0,0.1,0,0,0
0,0,0,0,0,0,0,0,0,0,0,0.066667,0,0.066667,0,0,0,0.066667,0,0,0,0,0,0,0,0,0.066667,0.13333,0,0.066667,0.066667,0,0.13333,0,0,0,0.066667,0,0,0,0.13333,0,0,0,0,0.066667,0,0,0,0,0.066667,0,0,0,0,0,0,0,0,0,0,0,0,0
0.15,0.05,0,0,0.05,0,0,0,0.05,0,0,0,0,0,0,0,0,0.05,0,0,0.05,0.05,0,0.05,0,0,0,0.05,0,0.05,0,0,0,0,0.05,0,0,0,0,0,0,0,0,0,0,0,0,0,0,0,0,0,0,0.1,0.05,0,0,0,0,0,0.05,0,0.15,0
0,0.086957,0,0.086957,0.043478,0,0,0.086957,0.043478,0.043478,0,0,0,0,0,0,0,0,0,0,0,0,0,0,0.043478,0,0,0,0,0,0,0,0,0,0,0,0.043478,0,0,0.043478,0.043478,0,0,0,0,0,0.043478,0,0,0,0.043478,0.043478,0,0,0,0,0,0.043478,0.043478,0.043478,0,0.086957,0.043478,0.043478
0,0,0,0.055556,0,0,0,0,0,0,0,0,0,0,0,0,0,0,0.055556,0,0.11111,0.055556,0,0,0.055556,0,0,0.055556,0,0,0,0,0,0,0.11111,0,0,0,0.11111,0,0,0,0.11111,0,0,0.11111,0,0,0,0,0,0,0,0.055556,0.055556,0,0,0,0,0,0,0,0.055556,0
0,0,0,0,0,0.04,0,0,0,0,0,0,0.04,0,0,0,0.04,0,0,0,0.08,0,0,0.08,0.04,0,0.04,0,0.04,0,0,0,0.04,0.08,0,0.04,0.04,0.04,0,0.04,0.04,0.04,0.04,0.04,0.04,0.04,0,0,0,0.04,0,0,0,0,0,0,0,0,0,0,0,0,0,0.04
0.015152,0,0.030303,0.015152,0.015152,0.015152,0,0.015152,0.015152,0,0,0.045455,0,0,0.015152,0.045455,0.030303,0.015152,0,0.015152,0.015152,0.030303,0.015152,0,0,0.10606,0.045455,0.015152,0,0.060606,0.030303,0,0.030303,0,0.015152,0.015152,0,0.030303,0.045455,0.015152,0,0,0.015152,0,0,0.045455,0.015152,0,0.015152,0,0,0.030303,0,0.015152,0,0,0.015152,0.015152,0.015152,0.030303,0,0.015152,0,0.015152
0,0.026316,0.026316,0.026316,0,0,0,0,0.026316,0.026316,0,0.026316,0.078947,0,0,0.026316,0.052632,0,0,0,0,0.026316,0.026316,0.026316,0,0,0.052632,0.026316,0,0,0.078947,0,0.026316,0,0,0.026316,0.026316,0.026316,0,0,0,0,0,0,0,0,0.078947,0,0.026316,0.026316,0,0,0,0.052632,0.026316,0.026316,0.026316,0.026316,0.026316,0,0,0,0.026316,0
0.15385,0.076923,0,0,0,0,0,0,0,0,0,0,0.15385,0,0.076923,0,0.076923,0,0,0,0,0,0,0,0.076923,0,0,0,0,0,0,0,0.076923,0.076923,0,0,0.076923,0,0,0,0,0,0,0,0,0,0,0,0,0,0,0,0,0,0,0,0,0,0,0,0,0.15385,0,0
0,0.076923,0,0,0,0,0,0,0,0,0,0.076923,0,0,0,0,0,0,0,0,0,0,0,0,0.15385,0,0.076923,0,0.076923,0,0,0,0,0,0,0.076923,0,0,0,0.076923,0,0,0,0,0,0,0.076923,0,0.076923,0.076923,0,0,0,0,0,0,0,0,0,0,0,0,0.15385,0
0,0,0.068966,0,0.068966,0,0,0,0,0,0.034483,0,0.034483,0,0.034483,0.10345,0.10345,0,0.034483,0,0,0,0,0.034483,0,0,0,0,0,0,0,0,0.034483,0,0.034483,0,0,0.068966,0,0,0,0,0,0,0,0,0.034483,0,0.034483,0.034483,0,0.034483,0,0,0.034483,0,0,0,0.034483,0.034483,0,0.034483,0.068966,0
0.066667,0.066667,0,0.066667,0,0.066667,0,0,0,0,0.066667,0,0,0,0.066667,0.066667,0.066667,0,0,0,0.066667,0,0,0,0,0,0,0,0.066667,0.066667,0,0,0.066667,0,0,0,0.066667,0,0,0,0,0,0,0,0,0,0.066667,0,0,0,0,0,0,0,0,0,0.066667,0,0,0,0,0,0,0
0.12903,0,0,0.032258,0,0,0,0.032258,0,0,0.032258,0.032258,0,0,0,0.064516,0,0,0.032258,0.032258,0,0.032258,0,0,0.032258,0,0,0,0,0,0,0,0,0,0,0,0.032258,0,0,0,0.032258,0,0.032258,0,0,0,0,0.032258,0,0,0,0.032258,0.096774,0,0,0,0,0,0,0.032258,0,0.12903,0.064516,0.064516
0,0,0,0,0,0,0,0,0,0,0,0,0.052632,0,0,0,0,0,0,0,0,0,0,0,0,0,0,0,0,0,0.052632,0.052632,0,0.052632,0,0,0,0,0,0,0,0,0,0.052632,0,0,0,0.10526,0.052632,0,0,0.10526,0,0,0,0.052632,0.052632,0,0.052632,0.052632,0,0.052632,0,0.21053
0,0.04,0.04,0.04,0.04,0,0,0,0,0.04,0,0.04,0.04,0,0,0.04,0,0,0,0,0.04,0,0,0,0,0.04,0,0,0,0.04,0,0,0,0,0,0.04,0,0.04,0.04,0.04,0,0,0,0,0.04,0,0,0.08,0,0,0,0,0.04,0,0,0,0,0,0.08,0.04,0,0,0.04,0.08
0,0,0,0.052632,0,0,0,0.052632,0,0,0,0.052632,0,0,0,0.052632,0,0,0.052632,0,0.052632,0.052632,0,0.052632,0,0,0.052632,0.10526,0,0,0,0,0.052632,0,0,0,0,0.052632,0,0,0,0,0,0,0,0,0,0.052632,0,0.052632,0,0,0.052632,0.052632,0,0,0,0,0,0,0.052632,0,0.052632,0
0.026316,0.026316,0.052632,0.026316,0.052632,0.026316,0,0,0.052632,0,0.026316,0.026316,0.026316,0,0,0,0,0,0.026316,0,0,0.026316,0.026316,0,0,0.052632,0,0.026316,0.078947,0.052632,0,0,0.078947,0.026316,0,0,0.052632,0,0.026316,0,0.026316,0,0,0,0,0,0,0.052632,0.026316,0.026316,0,0,0,0,0.026316,0,0,0,0,0,0,0,0.026316,0
0.16667,0.083333,0.083333,0,0,0,0,0,0,0.083333,0,0,0,0,0,0,0,0,0,0,0,0,0,0,0,0,0,0,0.083333,0,0,0,0.083333,0.083333,0.083333,0,0,0,0,0,0,0,0,0.083333,0,0,0,0,0.083333,0,0.083333,0,0,0,0,0,0,0,0,0,0,0,0,0
0,0.066667,0,0,0,0,0,0,0,0,0,0,0.2,0,0,0,0.066667,0.066667,0.066667,0.066667,0,0,0,0,0,0,0,0,0,0,0,0,0,0,0,0,0,0,0,0,0.13333,0.066667,0,0,0,0,0,0,0,0,0,0.13333,0,0,0,0.066667,0,0,0,0,0,0,0.066667,0
0,0,0,0,0.071429,0,0,0.071429,0,0.071429,0,0,0.071429,0,0,0.071429,0,0,0.071429,0,0,0,0,0,0,0.071429,0,0,0,0.071429,0,0.071429,0.071429,0,0,0,0,0,0,0.071429,0,0,0,0,0,0,0,0.071429,0,0,0,0,0,0,0,0,0,0.071429,0,0,0,0,0,0.071429
0.14815,0,0,0.037037,0,0,0.037037,0.074074,0,0,0,0.037037,0.037037,0,0.037037,0,0.037037,0,0.037037,0,0,0,0,0,0,0,0,0,0,0,0,0,0.037037,0,0,0,0.074074,0,0,0,0,0,0,0.11111,0.037037,0,0.074074,0,0.037037,0,0,0,0.037037,0,0,0,0.037037,0,0,0,0,0,0.074074,0
0.1,0,0,0.1,0,0,0,0,0,0,0,0,0,0,0,0,0.1,0,0,0,0,0,0,0,0.1,0,0,0,0,0,0.1,0,0,0,0,0,0,0.2,0,0,0,0,0,0.1,0,0,0.1,0.1,0,0,0,0,0,0,0,0,0,0,0,0,0,0,0,0
0,0,0,0,0,0,0,0.083333,0,0.083333,0,0,0,0,0,0.083333,0.083333,0,0,0,0,0,0,0,0,0,0,0.083333,0,0,0,0,0.083333,0,0,0,0,0,0.083333,0,0,0,0,0,0,0,0,0.083333,0,0,0,0,0,0,0,0,0.083333,0,0.083333,0.16667,0,0,0,0
0.076923,0.15385,0,0,0.076923,0,0,0.076923,0,0,0,0,0,0,0.076923,0,0,0,0,0.15385,0,0,0,0,0.076923,0,0,0,0,0,0,0,0.15385,0,0,0,0,0,0,0,0,0,0,0,0,0,0,0,0,0,0,0,0.076923,0,0,0,0,0,0,0,0,0,0.076923,0
0.095238,0,0,0,0.095238,0,0,0,0,0,0,0,0.047619,0,0,0.095238,0,0.095238,0,0,0,0,0,0,0.095238,0,0,0,0,0,0,0,0,0,0,0,0,0,0,0,0,0.047619,0,0,0,0,0.047619,0,0.047619,0,0,0.095238,0,0,0,0.047619,0,0,0,0.047619,0.14286,0,0,0
0.10204,0.081633,0.040816,0.020408,0.020408,0.020408,0.040816,0,0.020408,0.020408,0.020408,0,0.020408,0.040816,0,0,0.040816,0,0,0.020408,0.020408,0,0,0,0.020408,0,0,0,0.020408,0,0,0.020408,0.020408,0.040816,0,0.020408,0,0.020408,0,0,0,0,0,0,0,0,0.020408,0.020408,0.061224,0,0.020408,0.020408,0,0.061224,0,0,0,0,0.020408,0,0.020408,0,0.040816,0.020408
0,0,0.052632,0,0,0.052632,0,0,0,0,0.10526,0,0,0.10526,0,0,0,0,0.052632,0,0,0,0.052632,0,0.052632,0,0.052632,0,0,0,0,0,0,0.052632,0.052632,0,0,0.052632,0,0,0,0,0,0,0,0,0,0,0,0,0,0,0,0.052632,0,0.052632,0,0.10526,0.052632,0,0,0,0.052632,0
0.11765,0.058824,0,0.058824,0,0,0,0,0,0,0.058824,0,0,0,0,0.058824,0,0,0,0,0,0,0,0,0,0,0,0,0,0,0.058824,0,0,0,0,0,0.058824,0.058824,0.058824,0,0,0,0,0,0,0.058824,0,0,0,0,0,0,0.058824,0,0,0,0.058824,0,0,0,0,0.058824,0.11765,0.058824
0,0.023256,0.023256,0,0.046512,0,0.046512,0,0.023256,0.046512,0,0.046512,0.023256,0,0,0,0,0.023256,0.023256,0,0,0,0,0,0.023256,0,0,0.023256,0.023256,0.023256,0,0,0,0,0,0.023256,0.046512,0.023256,0.046512,0,0.023256,0.046512,0.023256,0,0.023256,0,0.046512,0.046512,0.023256,0.046512,0,0,0,0,0,0.046512,0.023256,0.023256,0,0,0,0.046512,0,0.023256
0.08,0,0,0,0.08,0,0.04,0,0,0,0,0,0,0,0,0.04,0,0,0,0,0,0,0.04,0,0.04,0,0.04,0.04,0,0,0,0.08,0.04,0,0,0.04,0.04,0,0.04,0,0.04,0,0,0,0,0,0,0,0,0,0.04,0.04,0,0,0,0,0.04,0,0,0,0.04,0.04,0,0.12
0.043478,0,0,0,0,0,0,0,0,0,0,0,0.043478,0.043478,0,0.043478,0,0.043478,0,0,0,0,0,0,0,0,0,0,0,0,0,0.043478,0,0,0,0,0.043478,0,0,0.13043,0,0,0,0,0.043478,0,0.043478,0.043478,0,0,0,0.043478,0.043478,0.043478,0,0,0,0.13043,0,0,0,0.043478,0.043478,0.086957
0,0.017241,0.034483,0,0,0,0,0,0.017241,0,0,0.017241,0,0,0,0.017241,0.034483,0,0.051724,0.017241,0.068966,0.017241,0.017241,0,0.017241,0,0.017241,0.017241,0,0,0,0,0,0,0,0,0.017241,0.017241,0.051724,0,0.017241,0,0,0,0.017241,0.034483,0.051724,0.017241,0,0,0.034483,0.051724,0,0.017241,0.068966,0,0.017241,0.017241,0.017241,0.086207,0.034483,0,0.017241,0.051724
0.071429,0,0.047619,0,0,0,0.047619,0.02381,0.02381,0,0,0,0,0,0,0.047619,0.02381,0,0,0,0,0.02381,0,0,0.02381,0.02381,0,0.02381,0,0.02381,0,0.02381,0.02381,0.02381,0,0,0,0,0.047619,0,0,0.047619,0,0,0.02381,0,0,0,0.02381,0,0.02381,0.047619,0.02381,0.02381,0.071429,0.02381,0.02381,0.02381,0,0.02381,0,0,0.047619,0.047619
0,0,0,0.083333,0,0.16667,0,0,0,0,0,0,0.16667,0,0,0,0.083333,0.083333,0,0,0.083333,0.16667,0,0,0,0,0,0,0,0,0,0,0,0,0,0.083333,0,0,0,0,0,0,0,0,0,0,0,0,0,0,0,0,0,0,0,0,0,0,0.083333,0,0,0,0,0
0,0,0,0,0,0,0,0,0,0,0,0,0,0.041667,0,0,0,0,0,0.041667,0,0,0.16667,0.041667,0.041667,0.083333,0.041667,0.041667,0,0.041667,0,0,0.041667,0,0,0,0,0,0,0.083333,0,0,0,0,0,0.041667,0,0.083333,0,0,0,0,0,0,0.041667,0,0,0,0,0.041667,0,0.125,0,0
0,0,0,0,0.05,0,0.05,0.05,0,0,0.1,0,0,0,0,0.05,0.05,0,0,0.05,0.05,0.1,0,0,0,0,0.05,0,0.05,0,0,0,0,0,0,0,0.1,0.1,0,0,0,0,0,0,0,0,0,0,0.05,0,0,0,0,0,0,0,0,0,0,0,0,0,0,0.1
0,0.058824,0,0.058824,0,0,0,0,0,0.058824,0,0,0,0,0,0,0.058824,0,0.11765,0,0,0,0,0,0,0,0.058824,0,0,0,0,0,0,0,0.058824,0,0,0.058824,0.058824,0,0,0,0,0,0,0.11765,0,0,0,0,0.17647,0,0,0,0,0,0,0.058824,0.058824,0,0,0,0,0
0,0,0,0,0,0.055556,0.055556,0,0,0.055556,0,0,0,0,0,0,0,0,0.055556,0,0,0,0,0.055556,0,0.055556,0,0,0,0,0,0,0,0,0,0,0,0,0,0,0,0,0,0.055556,0,0,0,0,0.11111,0,0,0.055556,0.055556,0,0.055556,0,0.055556,0.055556,0,0,0,0,0.16667,0.055556
0,0,0,0,0,0,0,0,0,0,0,0,0,0.083333,0,0,0.083333,0,0,0,0,0,0,0,0,0,0,0,0,0,0,0.083333,0.16667,0,0,0,0.083333,0,0,0,0.083333,0,0,0,0,0,0,0.083333,0,0,0,0,0,0,0.083333,0,0,0.083333,0,0,0,0.083333,0.083333,0
0.27273,0,0,0,0,0,0.18182,0,0,0,0.090909,0,0,0,0,0,0,0,0,0,0,0,0.090909,0,0,0,0,0,0,0,0,0,0,0,0,0,0,0.090909,0,0,0.090909,0,0,0,0,0,0,0.090909,0,0.090909,0,0,0,0,0,0,0,0,0,0,0,0,0,0
0,0,0,0,0.041667,0,0,0.041667,0,0,0,0.041667,0,0,0.041667,0,0,0.041667,0,0,0.041667,0,0,0,0.041667,0.041667,0,0.041667,0,0,0.041667,0,0,0,0,0,0,0,0.041667,0,0,0,0,0,0,0,0.125,0.041667,0,0,0,0.041667,0.041667,0,0.041667,0,0,0,0,0.125,0,0.041667,0.041667,0.041667
0,0,0,0.032258,0.032258,0.032258,0,0,0.032258,0,0,0.064516,0,0.032258,0,0,0.032258,0,0,0,0,0,0,0,0.032258,0.032258,0,0,0,0.032258,0.064516,0,0,0,0,0,0,0.032258,0.096774,0,0,0.032258,0,0,0,0.032258,0.064516,0,0,0,0,0,0,0,0.064516,0.032258,0.064516,0.032258,0,0.032258,0.032258,0,0.032258,0.032258
0,0,0.15385,0.076923,0.038462,0,0.038462,0,0,0,0.038462,0,0.038462,0,0,0,0,0,0,0,0,0,0,0.038462,0,0,0,0,0.038462,0,0,0.038462,0,0.038462,0,0,0.076923,0,0,0.038462,0.076923,0,0,0,0.038462,0,0,0,0,0,0,0,0,0.038462,0,0,0.038462,0,0.038462,0,0.038462,0,0,0.076923
0,0,0,0.095238,0,0,0,0.047619,0.047619,0,0,0,0,0.047619,0,0,0,0,0,0.047619,0,0,0,0,0,0.047619,0,0.047619,0,0,0,0.047619,0.047619,0,0,0.047619,0.047619,0,0.047619,0,0,0,0.047619,0,0,0,0.047619,0,0,0,0,0,0,0,0.047619,0,0,0.047619,0,0,0.047619,0.095238,0.047619,0
0,0,0.052632,0.052632,0,0,0,0.052632,0,0.052632,0,0.052632,0.052632,0,0,0,0,0,0.052632,0,0.052632,0,0,0,0.052632,0.052632,0,0,0,0,0.052632,0,0.052632,0,0,0,0.052632,0,0,0,0,0,0.052632,0,0,0,0.052632,0.052632,0,0,0,0,0,0,0,0.052632,0,0,0,0.052632,0,0.052632,0,0
0.066667,0,0,0.13333,0,0.13333,0,0,0,0,0,0,0.066667,0,0,0.13333,0,0,0,0,0,0,0,0,0,0,0,0,0,0,0,0,0.066667,0,0,0,0.066667,0,0,0,0,0,0.066667,0,0,0,0,0,0,0.066667,0,0,0.066667,0,0.066667,0,0,0,0,0,0.066667,0,0,0
0.044444,0.044444,0.044444,0.022222,0,0,0,0,0.022222,0.022222,0,0.022222,0,0.044444,0.022222,0,0.066667,0,0,0,0.044444,0,0,0.022222,0,0,0,0.022222,0.022222,0,0,0,0,0.022222,0.022222,0.022222,0.044444,0.022222,0,0,0,0,0,0,0,0,0.022222,0.044444,0,0,0,0.044444,0.044444,0,0.044444,0,0.044444,0.066667,0.022222,0.022222,0.022222,0,0,0.022222
0,0.0625,0,0,0,0,0,0,0,0,0,0,0.0625,0,0,0.0625,0,0,0,0,0,0,0.1875,0,0.0625,0,0,0,0,0,0,0.0625,0,0.0625,0,0,0.0625,0,0,0.0625,0,0,0,0,0,0,0,0.0625,0.0625,0,0,0,0,0,0,0,0,0.0625,0.0625,0,0,0,0.0625,0
0.026316,0.026316,0.026316,0,0.026316,0.052632,0,0,0,0.026316,0,0.026316,0.026316,0.052632,0,0.052632,0.026316,0.026316,0,0,0.052632,0.026316,0.026316,0,0,0.026316,0.026316,0.026316,0.078947,0.026316,0,0.026316,0,0,0,0.052632,0.026316,0.052632,0,0,0,0,0.026316,0,0.026316,0,0,0,0,0,0,0,0.026316,0,0,0,0,0,0,0.026316,0,0,0.026316,0.026316
0,0,0,0,0,0,0,0.125,0.0625,0.125,0,0,0,0,0,0,0.0625,0,0.0625,0.0625,0,0,0,0,0.0625,0.0625,0.0625,0,0,0,0,0,0,0.0625,0,0,0,0,0,0,0,0,0.0625,0,0,0,0,0,0,0,0,0,0,0,0.125,0,0,0.0625,0,0,0,0,0,0
0.042254,0.014085,0,0.028169,0.042254,0,0.014085,0.014085,0,0.014085,0.014085,0,0.014085,0.028169,0,0,0.028169,0.014085,0.042254,0.014085,0.014085,0,0,0,0.014085,0,0.014085,0.014085,0.014085,0.014085,0.028169,0,0,0,0.028169,0.014085,0.014085,0,0.042254,0.028169,0,0.028169,0.014085,0.014085,0.014085,0.014085,0.042254,0.028169,0.028169,0.014085,0,0,0.056338,0,0.014085,0,0.014085,0,0,0,0.042254,0.014085,0.042254,0.056338
0,0.055556,0,0,0,0,0,0.055556,0,0,0,0,0,0.055556,0,0,0,0,0,0,0,0,0,0.055556,0.11111,0.055556,0,0.055556,0.055556,0,0,0,0.055556,0,0,0,0,0,0.055556,0,0.16667,0.055556,0,0,0,0,0,0.055556,0,0,0,0,0,0,0,0,0,0,0,0,0,0.055556,0,0.055556
0,0.027027,0,0,0.027027,0,0.027027,0,0.13514,0.027027,0,0,0,0,0.027027,0,0.13514,0.027027,0.027027,0.054054,0.027027,0,0,0,0.027027,0,0,0,0.027027,0,0,0,0,0.054054,0.054054,0,0,0,0.027027,0,0,0,0.054054,0,0,0,0.027027,0,0.027027,0,0,0.027027,0,0.027027,0,0,0,0.027027,0.027027,0,0,0.027027,0.027027,0
0.041667,0,0,0.125,0,0.041667,0,0,0.041667,0.041667,0,0,0,0.041667,0,0,0,0,0.041667,0,0,0.041667,0,0.083333,0,0,0,0,0,0,0,0,0,0.041667,0.041667,0,0,0,0,0,0.041667,0,0,0,0,0,0,0,0,0,0,0.041667,0,0.041667,0,0,0.041667,0.125,0.041667,0,0.041667,0,0,0.041667
0,0,0,0,0,0.057143,0,0.028571,0,0,0,0,0,0,0.028571,0.028571,0.028571,0.028571,0.028571,0.028571,0.028571,0.057143,0.028571,0.028571,0.057143,0.085714,0.028571,0,0,0.028571,0,0,0.028571,0,0,0,0.028571,0.028571,0,0.028571,0,0.028571,0,0.028571,0,0,0,0.028571,0,0,0,0,0,0.028571,0,0,0.028571,0,0.028571,0,0.028571,0.028571,0.057143,0
0,0,0.038462,0,0,0,0,0.038462,0,0,0,0,0.038462,0,0,0.038462,0,0,0.038462,0.038462,0,0.038462,0,0,0,0.038462,0,0,0,0.11538,0,0.038462,0,0.038462,0,0,0.076923,0.038462,0,0.038462,0,0.038462,0.038462,0,0,0,0.11538,0,0,0,0.038462,0,0.038462,0,0.038462,0,0,0,0,0,0,0,0.038462,0
0.020408,0.040816,0.020408,0.020408,0,0.020408,0,0,0,0,0,0.020408,0.020408,0,0,0.020408,0,0.020408,0.020408,0.040816,0,0,0.061224,0,0.020408,0.020408,0.020408,0.040816,0,0.020408,0,0.020408,0.020408,0,0,0.020408,0,0,0.020408,0,0,0.020408,0,0,0,0.020408,0,0,0.040816,0.061224,0.020408,0.040816,0.020408,0.020408,0.040816,0,0.040816,0.020408,0,0,0,0.040816,0.040816,0.040816
0.071429,0,0,0.071429,0.071429,0,0,0,0,0,0,0,0,0,0,0,0,0,0,0,0,0,0,0,0,0,0,0,0,0,0,0,0,0,0,0.14286,0,0,0,0,0,0,0,0.071429,0,0,0,0,0.071429,0.071429,0,0,0,0,0,0,0,0.071429,0,0.14286,0.071429,0.071429,0,0.071429
0,0.047619,0,0.02381,0.02381,0,0.02381,0.047619,0,0,0,0,0,0,0,0.02381,0.02381,0,0.02381,0,0.047619,0.02381,0,0,0.02381,0.095238,0.02381,0,0,0,0.071429,0,0.02381,0,0,0,0,0,0.02381,0.02381,0.02381,0.02381,0,0,0,0,0,0.02381,0.02381,0,0,0.047619,0,0.02381,0.047619,0,0,0.047619,0.02381,0,0.02381,0.047619,0,0.047619
0,0,0,0,0,0,0,0,0,0,0,0,0.11111,0,0,0.11111,0,0,0,0,0.11111,0,0,0,0,0,0.11111,0.11111,0,0,0.11111,0,0,0,0,0,0,0,0,0,0,0,0,0,0,0,0,0.11111,0.11111,0,0,0,0,0,0,0,0.11111,0,0,0,0,0,0,0
0,0,0,0,0,0,0,0,0,0.083333,0,0,0,0,0,0.083333,0.083333,0,0,0,0,0,0,0,0,0.083333,0,0,0,0,0,0.083333,0,0,0,0,0,0.083333,0,0,0,0,0,0,0,0,0.25,0,0.083333,0,0,0,0,0,0,0.083333,0,0,0,0.083333,0,0,0,0
0.090909,0,0.090909,0,0.090909,0,0,0,0,0.090909,0,0,0,0,0,0,0,0.090909,0,0.090909,0,0.090909,0,0,0,0,0,0.090909,0,0.090909,0,0,0,0,0,0,0,0,0,0,0.090909,0,0,0,0,0,0,0,0,0,0,0,0,0,0,0,0,0,0,0,0,0,0,0.090909
0.045455,0,0.045455,0,0,0.090909,0,0.045455,0,0,0,0,0,0.045455,0.045455,0,0,0,0.045455,0.090909,0,0.045455,0.045455,0.045455,0.045455,0.045455,0,0,0.045455,0,0,0,0.090909,0,0.090909,0,0,0,0,0,0,0,0,0,0,0,0.045455,0,0,0,0,0,0,0,0,0,0,0.045455,0,0,0,0,0,0
0.054054,0,0,0,0.054054,0.027027,0,0,0,0.027027,0,0.027027,0.10811,0.054054,0.027027,0.027027,0.027027,0,0,0.027027,0,0.081081,0.054054,0,0,0.027027,0.027027,0.027027,0.027027,0,0,0,0.027027,0,0,0,0.054054,0.027027,0,0,0,0,0,0,0,0,0.027027,0,0.10811,0,0,0,0.027027,0,0,0,0,0,0,0,0,0,0,0.027027
0.3,0,0,0,0.1,0,0,0,0,0,0,0,0,0.1,0,0,0,0,0,0.1,0,0,0,0,0,0,0,0,0,0,0,0,0,0,0,0,0.1,0,0,0,0,0,0,0,0,0,0,0,0.1,0.1,0,0,0,0,0,0,0,0,0.1,0,0,0,0,0
0.012821,0.025641,0,0.012821,0,0.025641,0.051282,0.012821,0.038462,0.051282,0.012821,0,0,0.012821,0.012821,0,0.025641,0.025641,0.012821,0.012821,0.025641,0.012821,0.012821,0,0.038462,0.038462,0.012821,0,0,0,0.012821,0,0.012821,0,0.025641,0.025641,0.038462,0,0.025641,0,0.025641,0.025641,0.012821,0.012821,0,0,0.025641,0.038462,0.012821,0,0.025641,0.025641,0.012821,0,0.012821,0.012821,0.012821,0.064103,0,0,0.038462,0,0,0.012821
0.045455,0.022727,0.022727,0,0,0.045455,0.022727,0.022727,0,0,0,0,0.022727,0.022727,0,0.045455,0.022727,0,0,0,0.045455,0,0.045455,0.022727,0,0.045455,0,0,0.045455,0.022727,0,0,0.022727,0,0.045455,0,0.022727,0.022727,0,0.022727,0,0,0,0,0,0,0.022727,0.022727,0,0,0.022727,0,0.022727,0,0.022727,0,0,0.045455,0,0.045455,0.045455,0.022727,0.022727,0.045455
0,0,0,0,0,0,0,0,0.058824,0,0,0,0,0,0,0.058824,0.058824,0,0,0,0,0,0.17647,0,0,0.058824,0,0,0,0,0,0,0,0,0,0,0,0,0,0.11765,0,0,0,0,0,0,0,0,0.058824,0,0,0,0,0.058824,0.058824,0,0,0,0,0,0.11765,0.058824,0.058824,0.058824
0.017544,0,0,0.035088,0.035088,0,0,0.017544,0,0,0,0.017544,0.070175,0.017544,0,0.035088,0,0.017544,0.052632,0.017544,0.017544,0,0.017544,0.017544,0.017544,0.017544,0.017544,0,0,0.052632,0,0.017544,0,0.017544,0,0.017544,0.052632,0.017544,0.017544,0,0.035088,0.017544,0,0,0.017544,0,0,0,0.035088,0.017544,0,0,0.035088,0,0.035088,0,0.035088,0.017544,0,0,0.035088,0.052632,0,0.035088
0,0,0,0,0,0.090909,0.090909,0.090909,0,0,0,0,0,0,0,0.090909,0.090909,0,0,0,0.090909,0,0,0,0,0,0,0,0,0,0,0,0,0,0,0,0,0,0.090909,0,0,0,0,0,0,0,0,0.090909,0,0,0,0.090909,0,0,0,0.090909,0,0,0,0,0,0,0,0.090909
0.052632,0.052632,0.052632,0,0.052632,0,0,0,0,0,0,0,0.052632,0,0,0.052632,0,0,0.052632,0.052632,0,0,0,0,0,0,0,0,0.052632,0,0,0,0.10526,0,0,0,0.052632,0,0,0,0,0,0,0,0,0,0,0,0.052632,0,0.052632,0,0,0,0,0,0,0.15789,0,0,0.052632,0,0,0.052632
0.057971,0.014493,0.028986,0,0.028986,0,0.028986,0.014493,0,0.043478,0,0,0.014493,0.043478,0.057971,0.014493,0.043478,0.028986,0,0.028986,0.014493,0,0,0,0,0.014493,0.014493,0,0.014493,0,0.014493,0.028986,0.014493,0,0.014493,0.014493,0.014493,0.014493,0,0,0.014493,0,0.014493,0.014493,0.014493,0,0.028986,0,0.057971,0.043478,0,0.014493,0.014493,0.014493,0.028986,0.014493,0.028986,0.014493,0,0,0,0,0.028986,0.028986
0.041667,0,0,0,0,0,0,0,0.041667,0,0,0,0,0,0,0.083333,0,0.041667,0.041667,0,0,0,0,0,0,0.041667,0,0,0,0,0,0.041667,0,0,0,0.041667,0.041667,0,0,0,0,0,0,0,0.041667,0,0,0.041667,0.083333,0,0,0.083333,0.083333,0,0,0.041667,0.041667,0,0,0,0.083333,0,0,0.083333
0.066667,0.066667,0,0.066667,0,0,0.066667,0,0,0,0,0.066667,0,0,0,0,0,0,0,0.066667,0,0,0,0,0,0,0,0,0,0,0.13333,0,0.13333,0,0,0,0,0,0,0,0,0,0,0,0,0,0.066667,0,0,0,0,0,0.066667,0,0,0,0,0,0.13333,0,0.066667,0,0,0
0.15385,0,0,0,0.076923,0,0,0.076923,0,0,0,0,0,0,0,0.076923,0.076923,0.076923,0,0,0,0,0,0,0,0,0,0,0,0,0.076923,0,0,0,0,0,0.076923,0,0,0,0,0,0,0,0.076923,0,0,0,0,0.076923,0,0.076923,0,0,0.076923,0,0,0,0,0,0,0,0,0
0,0,0,0,0,0,0.064516,0,0,0.032258,0,0.032258,0,0,0,0,0,0.032258,0,0,0.032258,0,0,0,0.032258,0.096774,0,0,0,0.032258,0.032258,0,0.032258,0,0,0,0.064516,0,0,0.064516,0,0,0,0.032258,0,0.064516,0,0.096774,0.032258,0,0.032258,0,0,0.032258,0.032258,0.032258,0.032258,0.032258,0,0,0,0,0,0.032258
0.037037,0.037037,0.037037,0.074074,0,0,0.037037,0,0,0.037037,0,0,0.037037,0.037037,0,0.074074,0,0,0.037037,0,0.037037,0,0,0.037037,0,0,0.037037,0,0,0.074074,0.037037,0,0.074074,0,0,0,0,0.037037,0,0,0.037037,0.037037,0,0,0,0,0.037037,0,0,0,0,0,0,0,0,0,0.037037,0,0,0,0,0,0.037037,0.037037
0.066667,0,0.066667,0.066667,0.066667,0,0,0,0,0,0,0.066667,0,0,0,0,0.066667,0,0,0,0,0,0,0,0,0,0.066667,0,0,0.066667,0.066667,0,0,0,0,0,0,0,0.066667,0,0,0,0,0.066667,0,0,0,0,0,0,0.066667,0,0,0,0.066667,0,0,0.13333,0,0,0,0,0,0
0.058824,0,0,0.058824,0,0,0,0,0,0,0,0,0,0.058824,0,0,0,0.058824,0,0.058824,0.11765,0,0,0,0,0,0,0,0,0.058824,0.058824,0.058824,0,0,0,0,0,0,0,0,0.058824,0,0,0,0,0,0,0.17647,0,0,0,0,0.058824,0,0,0.058824,0,0,0,0,0,0.058824,0,0
0.056604,0.018868,0.056604,0,0.037736,0.018868,0,0.018868,0,0,0.018868,0,0,0.018868,0,0,0.037736,0,0.018868,0.018868,0.018868,0.018868,0.037736,0,0,0.037736,0.037736,0,0,0,0,0.018868,0,0.037736,0,0.018868,0.018868,0.037736,0.018868,0,0.018868,0,0.018868,0,0,0,0,0,0.018868,0.09434,0,0,0.037736,0,0,0.056604,0,0,0.018868,0.018868,0.037736,0.018868,0.018868,0.018868
0.042105,0.021053,0.052632,0.010526,0,0.021053,0.021053,0.021053,0.031579,0.042105,0,0.021053,0,0.021053,0,0.010526,0.031579,0.010526,0.010526,0,0.021053,0.021053,0.042105,0,0.063158,0,0.010526,0.031579,0,0.010526,0.010526,0.031579,0.042105,0.010526,0.021053,0.031579,0.010526,0.042105,0.042105,0,0.010526,0.031579,0,0.021053,0,0.010526,0.021053,0,0,0,0,0,0.010526,0,0,0,0.021053,0.010526,0,0.010526,0,0.010526,0.031579,0
0.086957,0,0.043478,0,0,0,0,0.043478,0.043478,0,0,0.043478,0,0.043478,0.043478,0.043478,0.043478,0,0,0,0,0.043478,0,0,0.043478,0.043478,0,0,0,0,0,0,0,0,0,0,0.043478,0,0,0.043478,0,0,0,0,0.043478,0,0,0,0.086957,0.043478,0,0,0,0,0,0,0,0,0,0,0.043478,0,0.043478,0.086957
0.125,0,0,0.125,0,0,0,0.0625,0.0625,0,0,0,0,0,0,0,0,0,0,0,0,0,0,0,0,0,0,0,0.0625,0,0,0,0.125,0,0,0.0625,0,0,0,0,0,0,0,0,0,0,0,0,0,0,0,0,0,0.0625,0,0,0.0625,0,0,0,0.0625,0.0625,0,0.125
0,0,0,0,0,0,0,0,0,0,0,0.071429,0,0,0,0,0,0,0,0,0.071429,0,0,0.071429,0.071429,0.071429,0,0,0,0,0,0.071429,0,0.071429,0,0,0,0.071429,0,0,0,0,0,0.071429,0,0,0,0,0.071429,0,0,0,0,0,0,0,0,0,0.071429,0.071429,0,0.071429,0.071429,0
0,0,0.0625,0.0625,0,0,0,0.0625,0,0,0.0625,0,0,0,0,0,0,0.0625,0,0,0,0,0,0.0625,0,0.0625,0,0,0,0,0,0,0,0,0,0,0,0,0.0625,0,0,0,0,0,0.125,0,0,0,0.0625,0,0,0.0625,0,0,0,0,0,0.0625,0,0,0.1875,0,0,0
0.05,0.025,0,0.025,0,0,0,0,0,0.075,0.025,0,0,0.05,0,0.05,0,0.025,0,0,0.05,0.025,0.025,0,0,0,0,0,0,0,0.025,0,0,0,0.025,0,0.025,0,0.025,0,0,0,0,0,0,0.025,0.1,0.025,0,0,0.05,0,0,0.05,0.05,0,0.025,0,0.025,0,0,0,0.1,0.025
0,0,0,0,0,0,0.020408,0.040816,0,0,0.020408,0.020408,0,0,0,0.020408,0.020408,0,0,0.061224,0.040816,0,0.020408,0.10204,0,0.020408,0.020408,0.020408,0,0,0,0.020408,0,0,0,0.020408,0.040816,0,0.10204,0.10204,0,0,0.040816,0.020408,0,0,0,0.020408,0,0,0,0,0.020408,0,0,0,0.040816,0,0.040816,0.061224,0,0,0.020408,0.020408
0.1,0.1,0.2,0,0,0,0,0,0,0,0,0,0,0,0,0,0,0,0,0,0,0,0,0,0,0,0,0,0,0,0,0,0,0.1,0,0,0.1,0,0,0,0,0,0,0,0,0,0,0,0,0,0,0,0.1,0,0,0,0,0.1,0,0,0.2,0,0,0
0,0.071429,0,0,0.071429,0,0,0,0,0,0,0,0,0,0,0,0,0.071429,0,0,0,0,0,0.071429,0,0,0,0.071429,0,0.071429,0,0.071429,0,0,0,0,0,0,0,0.071429,0.071429,0,0,0,0.071429,0,0,0,0.14286,0,0,0,0,0,0,0,0.071429,0,0,0,0.071429,0,0,0
0.11111,0,0,0,0.055556,0.055556,0,0,0.055556,0,0.055556,0,0,0,0.055556,0,0,0.055556,0,0,0,0,0,0,0,0,0,0,0,0,0,0,0,0.055556,0,0,0,0,0.055556,0,0,0,0,0,0.11111,0,0,0,0,0,0,0.16667,0,0,0,0.055556,0,0,0,0,0.055556,0.055556,0,0
0.047619,0.047619,0,0,0.095238,0,0,0,0.047619,0,0,0,0.047619,0,0.14286,0,0,0,0,0.047619,0,0,0,0,0,0,0,0,0,0,0,0,0,0,0,0,0,0,0.047619,0,0,0.047619,0,0.047619,0.047619,0,0,0,0.047619,0.047619,0,0.047619,0,0,0,0,0,0,0.047619,0.095238,0,0,0,0.047619
0,0,0,0.052632,0,0,0,0,0,0,0,0,0,0,0.052632,0.052632,0,0,0,0.052632,0.052632,0,0,0,0,0,0.10526,0,0,0,0,0,0.10526,0,0,0.052632,0,0,0,0.10526,0.052632,0,0,0,0,0.052632,0.052632,0,0,0,0,0,0,0,0,0,0,0.052632,0.052632,0,0.052632,0,0.052632,0
0,0.022222,0,0,0.044444,0.022222,0,0,0,0.022222,0,0,0,0,0,0.022222,0,0.066667,0,0,0,0,0,0,0.066667,0,0.022222,0.022222,0,0.022222,0,0.044444,0.022222,0.022222,0,0,0.066667,0.066667,0.044444,0.044444,0.022222,0.044444,0,0.022222,0,0.022222,0,0.022222,0,0,0,0.022222,0,0,0.022222,0.044444,0,0.044444,0,0,0,0.066667,0,0.022222
0.034483,0.034483,0,0,0.068966,0,0.034483,0.034483,0.034483,0,0,0,0.068966,0.034483,0,0,0.068966,0.10345,0.13793,0,0.034483,0,0,0,0.034483,0,0,0,0,0,0,0,0,0,0,0,0,0,0.034483,0.034483,0.034483,0,0,0,0,0,0,0.034483,0.034483,0.034483,0,0,0,0,0,0,0,0,0,0,0.034483,0,0.034483,0
0,0,0,0.055556,0,0,0,0,0,0.11111,0,0,0,0,0.055556,0.055556,0,0,0.055556,0,0,0,0,0,0,0,0,0,0.055556,0,0.055556,0.055556,0.055556,0,0,0,0,0,0,0,0,0,0,0,0,0,0,0,0.11111,0.055556,0,0.11111,0.055556,0,0,0,0,0.055556,0,0,0,0,0.055556,0
0,0,0,0.090909,0,0,0,0,0,0,0.090909,0,0.090909,0,0,0,0,0,0,0.090909,0,0,0,0,0,0,0,0,0,0,0,0.090909,0,0,0,0,0,0.090909,0,0,0,0,0,0,0,0,0,0,0,0,0,0,0.090909,0.090909,0,0,0,0,0.090909,0,0,0.090909,0.090909,0
0.14286,0,0,0,0,0,0,0,0,0,0,0.071429,0,0,0,0.071429,0,0.071429,0,0,0,0,0,0,0,0,0,0,0.071429,0,0,0,0.071429,0,0,0,0.071429,0,0,0,0.071429,0,0,0,0,0,0,0.071429,0.071429,0,0,0,0,0.071429,0,0,0,0,0,0,0,0.071429,0,0.071429
0,0,0,0,0,0,0,0,0,0,0,0,0,0,0,0.14286,0,0,0,0,0,0,0,0,0.071429,0,0,0.071429,0,0,0,0,0,0,0,0,0,0,0,0,0,0.071429,0,0,0,0.14286,0,0.14286,0,0,0,0.071429,0.071429,0.071429,0,0,0.071429,0,0,0,0,0,0,0.071429
0.041667,0,0,0.041667,0,0,0,0.041667,0,0.041667,0,0,0,0,0,0.041667,0.041667,0,0.041667,0,0.041667,0,0,0.041667,0,0,0,0,0,0,0,0,0.083333,0,0,0.041667,0,0.041667,0,0.041667,0,0,0.041667,0,0,0,0,0,0,0.041667,0,0.083333,0,0,0,0,0.041667,0.041667,0,0.041667,0.041667,0.041667,0.041667,0
0,0.1,0,0,0,0,0,0,0,0,0,0.1,0.1,0,0,0,0,0,0,0,0,0,0,0,0,0,0.1,0,0,0,0,0,0,0,0,0.1,0.1,0,0,0,0,0,0,0,0,0,0,0.1,0,0,0.1,0,0,0.1,0,0.1,0,0,0,0,0,0,0,0
0,0,0.076923,0,0.076923,0,0,0,0,0,0,0,0.076923,0,0,0,0.076923,0.076923,0,0,0.076923,0,0,0,0,0,0,0,0,0.15385,0,0,0.076923,0,0,0,0.076923,0,0,0,0,0.076923,0,0,0,0,0,0,0,0.076923,0,0,0,0,0,0.076923,0,0,0,0,0,0,0,0
0.17647,0,0.058824,0,0,0,0,0.11765,0,0.11765,0,0.058824,0,0,0,0,0,0,0,0,0,0,0,0,0,0.058824,0,0,0,0,0,0,0.058824,0,0,0,0,0,0,0,0,0.058824,0,0,0.058824,0.058824,0,0,0.058824,0,0,0,0,0,0,0,0,0.058824,0.058824,0,0,0,0,0
0,0.052632,0.10526,0,0.052632,0.052632,0,0,0,0.052632,0,0.052632,0,0,0,0,0,0,0,0,0,0,0,0,0,0.052632,0,0,0.052632,0,0,0,0.052632,0,0,0,0.052632,0,0,0.052632,0,0,0,0.052632,0,0,0,0,0,0,0,0.052632,0,0,0.052632,0,0.052632,0.052632,0,0,0.052632,0,0,0.052632
0.05,0,0.025,0,0.025,0.025,0.025,0,0,0.025,0,0.025,0,0.025,0,0,0,0,0,0,0.05,0.025,0,0.025,0,0,0.05,0.025,0,0.05,0,0,0.05,0,0.1,0,0,0.05,0.05,0,0,0,0.075,0,0,0,0.025,0.025,0.025,0,0,0,0,0,0.025,0,0.05,0,0,0.05,0,0,0.025,0
0.15385,0,0,0,0.038462,0,0,0.038462,0,0,0,0.038462,0,0.038462,0,0.038462,0.076923,0,0,0,0.038462,0,0.038462,0,0.038462,0,0,0,0,0,0,0,0.038462,0,0,0,0.038462,0.038462,0.038462,0,0,0,0,0,0.038462,0,0,0,0.076923,0.038462,0,0.038462,0,0,0,0,0.076923,0,0,0,0.038462,0,0,0
0,0.076923,0,0,0.076923,0,0,0.076923,0,0,0,0,0,0,0,0,0.076923,0.15385,0,0,0,0,0,0,0,0,0,0,0,0,0,0,0,0,0.076923,0,0.076923,0,0,0,0,0.076923,0,0,0.076923,0,0.076923,0.076923,0,0,0,0,0,0,0,0.076923,0,0,0,0,0,0,0,0
0,0,0,0.0625,0,0,0.0625,0,0.0625,0.0625,0,0,0.0625,0,0,0,0,0.0625,0,0.0625,0.0625,0,0,0,0,0,0,0,0,0,0,0.0625,0,0,0,0,0.0625,0,0,0,0,0,0,0,0,0,0.0625,0,0,0,0,0,0,0.0625,0,0,0,0.0625,0,0.0625,0,0,0.125,0
0.068966,0.034483,0,0,0,0,0,0.034483,0.034483,0,0,0,0,0,0,0,0.034483,0,0.034483,0.034483,0,0,0.068966,0,0.034483,0,0,0,0,0,0,0,0.034483,0,0,0.034483,0.034483,0.068966,0.034483,0.10345,0,0,0.068966,0,0,0,0,0.10345,0,0,0,0,0,0,0.034483,0,0.034483,0.034483,0.034483,0,0,0,0,0
0.066667,0,0,0,0,0,0,0,0.066667,0,0,0,0,0,0,0,0,0,0.066667,0,0,0,0,0,0,0,0,0,0,0,0.13333,0,0.13333,0,0,0,0,0,0.13333,0,0,0,0,0,0.066667,0,0,0,0,0,0,0,0,0,0,0,0,0.2,0,0.066667,0.066667,0,0,0
0,0,0,0,0,0,0,0,0,0,0.071429,0,0.071429,0,0,0,0,0,0,0,0.071429,0,0,0,0,0.071429,0,0,0,0,0,0,0,0,0,0,0.071429,0,0.071429,0.071429,0.071429,0,0,0.071429,0,0,0,0,0,0,0,0,0.14286,0,0,0,0,0,0,0,0.071429,0,0.071429,0.071429
0.2,0.05,0,0,0,0,0,0,0,0,0,0,0,0,0.05,0.05,0,0,0.05,0,0.05,0,0,0,0,0.05,0.05,0.05,0.05,0.05,0.05,0.05,0,0,0,0,0,0.05,0,0.05,0.05,0.05,0,0,0,0,0,0,0,0,0,0,0,0,0,0,0,0,0,0,0,0,0,0
0.043478,0.086957,0,0,0,0,0.043478,0,0.13043,0.043478,0,0,0.043478,0.043478,0,0,0,0,0,0,0.043478,0,0,0,0.043478,0,0,0,0,0.043478,0,0,0.043478,0,0.086957,0,0,0.043478,0,0,0.043478,0.043478,0,0,0,0,0.086957,0,0.043478,0,0,0,0.043478,0,0,0,0,0,0,0,0,0,0,0
0,0.076923,0,0.076923,0.076923,0,0,0,0,0.076923,0,0,0,0,0,0,0,0,0,0,0,0,0,0,0,0,0,0,0.076923,0,0.076923,0,0,0,0,0,0,0.15385,0.076923,0,0,0,0,0,0,0,0,0.076923,0.15385,0,0,0,0,0,0,0,0,0,0,0,0.076923,0,0,0
0.05,0.05,0.05,0,0,0,0,0,0.05,0,0,0,0.1,0.05,0,0,0.1,0.05,0,0,0,0,0,0.05,0,0.1,0,0,0,0,0,0.05,0,0,0,0,0.05,0,0,0.05,0,0,0,0,0.05,0,0,0,0,0,0,0,0,0,0,0,0.05,0,0,0,0,0,0.1,0
0.11765,0.058824,0,0,0,0,0.058824,0,0,0.058824,0,0,0,0,0,0.058824,0,0,0,0,0,0,0,0,0.058824,0,0,0,0,0,0,0,0,0,0,0,0,0,0,0,0.058824,0,0,0,0,0,0.17647,0,0.11765,0,0,0.058824,0,0,0,0,0,0,0,0,0.058824,0.058824,0,0.058824
0,0.071429,0,0,0,0,0,0,0,0,0,0,0.14286,0,0.071429,0,0.071429,0,0.071429,0,0,0,0.071429,0.071429,0,0,0,0,0,0,0,0.071429,0,0,0,0,0,0,0,0,0,0,0,0,0,0,0.071429,0,0.14286,0,0.071429,0,0,0,0,0,0,0,0,0,0,0,0,0.071429
0,0,0,0,0,0,0,0,0,0.071429,0.071429,0.071429,0,0,0.071429,0.071429,0,0,0,0,0,0,0,0,0,0,0,0,0,0,0,0.071429,0,0,0.071429,0,0,0,0.071429,0,0,0,0.071429,0,0,0,0.14286,0,0.071429,0,0,0,0,0,0,0,0,0,0,0.071429,0,0,0.071429,0
0.14286,0.14286,0.071429,0,0.071429,0,0,0,0,0,0,0,0,0,0,0,0.071429,0,0,0,0,0,0,0,0,0.071429,0,0.071429,0,0,0,0.071429,0,0,0,0,0,0,0,0,0,0,0,0,0,0,0,0,0.071429,0,0,0,0,0,0,0,0,0,0,0,0.071429,0.071429,0,0.071429
0.083333,0,0,0.041667,0,0,0.083333,0,0,0,0,0,0,0,0.041667,0.041667,0,0,0.041667,0,0.041667,0,0,0,0,0,0,0,0,0,0,0.083333,0,0,0,0.041667,0,0,0,0,0.041667,0,0,0,0,0.041667,0.041667,0.083333,0,0,0,0.041667,0,0,0,0,0,0,0,0,0.083333,0.041667,0.125,0
0.038462,0,0,0,0,0,0.038462,0.038462,0,0,0,0,0,0,0.038462,0,0,0,0.038462,0,0,0,0,0,0,0,0.038462,0,0.076923,0,0,0,0,0,0,0,0.076923,0,0,0,0,0,0.038462,0,0,0,0,0.11538,0,0,0,0,0.038462,0,0.076923,0.076923,0.038462,0.038462,0,0,0,0.038462,0.038462,0.11538
0.076923,0,0,0,0,0,0.076923,0,0,0,0,0,0,0,0,0,0,0.076923,0,0,0.076923,0,0,0,0,0.076923,0,0,0,0,0,0,0,0,0,0,0.076923,0,0,0,0,0,0,0,0,0,0.076923,0,0.15385,0,0,0,0,0,0.15385,0,0.076923,0,0,0,0,0,0,0.076923
0,0,0.125,0,0,0,0,0,0,0.125,0,0.125,0,0.125,0,0,0,0,0,0,0.125,0,0,0.125,0,0,0,0,0,0,0,0,0,0,0,0,0,0,0,0,0,0,0.125,0,0,0,0,0,0,0,0,0,0,0.125,0,0,0,0,0,0,0,0,0,0
0,0.022222,0.044444,0.044444,0,0,0.022222,0,0.022222,0,0,0,0,0.022222,0,0.022222,0.022222,0,0.022222,0,0,0,0,0.022222,0.022222,0,0,0.066667,0.022222,0,0,0,0.066667,0,0.022222,0,0,0.044444,0.022222,0,0,0.022222,0.044444,0.022222,0.044444,0,0.13333,0.022222,0,0.022222,0.022222,0,0.022222,0,0,0,0.022222,0,0,0.044444,0,0,0.022222,0.022222
0.057692,0,0.019231,0.057692,0.019231,0.019231,0.019231,0.019231,0,0.019231,0.038462,0.019231,0,0,0.038462,0,0.057692,0.038462,0.076923,0.019231,0.057692,0.019231,0,0,0.019231,0.038462,0,0,0,0,0.019231,0.019231,0,0,0,0,0.019231,0,0.019231,0.019231,0.019231,0,0,0,0,0,0.019231,0.019231,0,0.019231,0.019231,0,0.019231,0.019231,0.019231,0.019231,0,0.038462,0,0.019231,0,0,0.019231,0
0,0,0,0,0,0,0,0,0,0.083333,0,0,0,0,0,0,0,0,0.45833,0.083333,0,0,0,0,0.041667,0.041667,0,0,0,0,0,0,0,0,0.041667,0,0,0.041667,0,0,0,0,0,0,0,0,0,0,0.041667,0,0.041667,0,0.041667,0,0,0,0,0.041667,0,0,0.041667,0,0,0
0.090909,0,0,0,0,0,0,0,0,0.090909,0,0,0.18182,0.18182,0,0,0.090909,0,0,0,0,0,0,0,0,0,0,0,0,0,0,0,0,0,0,0,0,0,0,0,0,0,0,0,0,0,0,0,0,0,0.090909,0,0,0,0,0,0,0,0,0,0.090909,0,0,0.18182
0.038462,0,0,0.11538,0.076923,0,0,0.038462,0,0,0,0,0,0.076923,0,0.038462,0.038462,0.038462,0.076923,0,0,0,0,0,0.038462,0.038462,0,0,0,0,0,0,0.038462,0,0,0,0,0,0.038462,0,0,0,0,0,0.038462,0,0.076923,0,0.038462,0,0,0,0,0,0.038462,0,0,0.038462,0,0,0.038462,0,0.038462,0
0.071429,0,0,0.071429,0,0,0.071429,0,0,0,0,0,0,0,0,0,0,0,0,0.14286,0,0,0,0,0,0,0,0,0,0,0,0,0,0,0,0,0,0,0,0,0,0,0.071429,0,0,0,0,0.071429,0.071429,0,0,0,0,0,0,0,0.071429,0,0.071429,0,0.071429,0,0.071429,0.14286
0,0,0,0.0625,0,0,0,0,0.0625,0.0625,0,0,0,0,0,0,0,0,0,0,0,0.0625,0.125,0,0.0625,0,0,0,0,0,0,0,0,0,0,0.0625,0,0,0,0.125,0,0,0.0625,0,0,0,0.0625,0,0.0625,0.0625,0,0,0,0,0.0625,0,0,0,0,0.0625,0,0,0,0
0,0,0,0,0.055556,0,0.055556,0,0.055556,0,0,0,0.055556,0,0,0.055556,0,0.22222,0,0,0,0,0,0,0,0,0,0,0,0,0,0,0,0,0,0.055556,0.11111,0.055556,0,0,0,0,0,0,0.055556,0,0,0,0.055556,0,0.055556,0.055556,0,0.055556,0,0,0,0,0,0,0,0,0,0
0.066667,0,0,0,0,0,0,0,0.066667,0.066667,0,0,0.2,0.066667,0,0,0,0,0,0,0,0,0,0.066667,0,0,0,0,0.066667,0,0,0,0,0,0,0,0,0,0,0,0,0,0,0,0,0,0,0,0.066667,0,0,0.13333,0,0.066667,0,0,0.066667,0,0,0,0,0,0.066667,0
0.071429,0,0,0,0.071429,0,0,0.071429,0,0,0,0,0,0,0.071429,0,0.071429,0,0,0,0.071429,0,0,0,0,0.071429,0,0,0,0.071429,0,0,0,0,0,0,0,0,0,0.071429,0,0,0,0,0.071429,0,0.071429,0,0.071429,0,0,0,0,0.071429,0.071429,0,0,0,0,0,0,0,0,0
0,0.090909,0.18182,0,0,0,0.090909,0,0,0,0,0.090909,0,0,0,0,0,0,0.090909,0,0,0,0,0,0,0,0,0,0,0,0.090909,0,0,0.090909,0,0,0,0,0,0,0,0,0,0,0,0,0,0,0.18182,0,0,0,0.090909,0,0,0,0,0,0,0,0,0,0,0
0.021277,0.021277,0,0.021277,0,0,0.021277,0.021277,0,0,0,0.021277,0.021277,0,0.042553,0,0,0.042553,0,0.021277,0,0,0,0,0.042553,0.021277,0,0,0,0,0.042553,0.042553,0.021277,0,0.042553,0,0,0.021277,0.021277,0,0,0,0,0,0.042553,0.021277,0.10638,0.042553,0.021277,0,0,0.042553,0,0,0.042553,0,0,0.042553,0,0.06383,0.021277,0,0.021277,0.021277
0,0.055556,0,0.11111,0,0,0,0,0,0.055556,0,0,0,0,0,0.055556,0.055556,0,0.055556,0,0,0,0,0.055556,0,0,0,0,0,0,0.11111,0,0,0,0,0,0.055556,0,0,0,0,0,0,0,0,0,0,0,0.11111,0,0,0,0,0,0,0,0.11111,0,0.055556,0,0,0.055556,0,0.055556
0.038462,0.038462,0,0.038462,0.038462,0,0,0,0.038462,0.11538,0,0,0,0,0,0.038462,0,0.038462,0,0,0.038462,0,0,0,0,0.076923,0.038462,0,0,0,0,0,0,0,0,0,0.11538,0,0,0.038462,0,0,0,0,0,0.038462,0,0,0.038462,0.038462,0.038462,0,0.076923,0,0,0,0,0,0,0,0.076923,0,0,0
0.074074,0,0.074074,0.037037,0,0,0,0,0.037037,0,0,0,0,0.037037,0.037037,0,0.074074,0,0,0,0,0,0,0,0,0,0,0.037037,0,0,0.037037,0,0,0,0,0.037037,0.037037,0,0.074074,0,0,0.11111,0,0,0,0.074074,0,0,0.037037,0.037037,0,0,0,0,0.074074,0,0,0,0.037037,0,0,0,0.037037,0
0.052632,0,0,0,0.10526,0,0,0,0.052632,0,0,0.026316,0,0,0.026316,0,0.026316,0.052632,0.026316,0,0.052632,0,0.026316,0,0,0.052632,0,0,0,0,0.15789,0,0,0,0,0,0.026316,0,0,0,0,0,0,0,0,0,0,0.052632,0,0,0.026316,0,0,0,0,0,0,0.078947,0.026316,0,0.026316,0,0.10526,0
0.095238,0,0.095238,0,0.047619,0,0,0,0.047619,0,0,0.047619,0,0,0,0,0.14286,0,0.047619,0,0,0,0,0,0.047619,0,0,0,0,0,0,0,0.095238,0,0,0,0,0,0,0,0.047619,0,0,0,0,0,0.095238,0,0.047619,0,0,0,0,0.047619,0,0.047619,0,0.047619,0,0,0,0,0,0
0.09375,0.09375,0,0,0.03125,0,0,0,0,0.09375,0,0,0,0.03125,0,0,0.03125,0.03125,0.0625,0,0.0625,0,0,0,0,0,0.03125,0,0,0,0,0,0,0,0,0,0.0625,0,0.03125,0.03125,0,0.09375,0.03125,0,0.03125,0.03125,0.03125,0,0,0,0,0,0,0,0,0,0,0.03125,0,0.03125,0,0,0,0.03125
0,0,0,0,0,0,0,0,0,0,0,0,0,0,0.066667,0.066667,0,0,0,0,0,0,0,0,0.066667,0,0,0,0,0,0,0.066667,0.066667,0,0.066667,0,0.066667,0,0.066667,0,0,0,0,0,0.066667,0,0.066667,0.066667,0,0,0,0,0,0,0.066667,0,0,0.13333,0,0,0,0,0,0.066667
0.074074,0,0,0,0,0,0.037037,0,0.037037,0.037037,0,0,0,0,0,0.037037,0,0,0.037037,0,0,0,0,0,0,0.037037,0,0.037037,0.037037,0,0,0,0,0,0,0.037037,0.037037,0.037037,0,0.074074,0.037037,0,0,0,0,0,0.11111,0,0,0,0,0,0,0.037037,0.037037,0,0.037037,0.037037,0,0,0,0,0.074074,0.074074
0,0,0,0,0,0,0,0,0,0,0,0,0,0.125,0,0,0.125,0,0.0625,0,0.0625,0,0,0,0.0625,0,0,0,0.125,0,0,0.0625,0.0625,0,0,0,0,0.0625,0,0,0,0.0625,0,0,0,0,0,0,0.125,0,0,0,0,0,0,0,0,0,0,0,0,0,0,0.0625
0.1,0,0,0,0,0,0,0.1,0,0.1,0,0,0,0,0,0,0.1,0,0,0,0,0,0,0,0,0,0,0,0,0,0,0,0,0,0,0,0,0,0,0.1,0,0,0,0,0,0,0.1,0,0.1,0,0,0,0,0.2,0,0,0,0,0,0,0,0.1,0,0
0.038462,0.038462,0,0.038462,0.038462,0.038462,0,0,0,0,0,0,0.076923,0,0,0.076923,0.038462,0,0.038462,0,0,0,0.076923,0,0,0.038462,0,0,0,0,0,0,0,0,0,0.038462,0.038462,0.038462,0,0,0,0,0.038462,0,0,0,0,0,0,0,0.038462,0,0.038462,0,0,0,0.038462,0.038462,0.038462,0,0,0,0.11538,0
0.04878,0.02439,0.02439,0,0.02439,0.04878,0.02439,0.02439,0,0,0,0.04878,0,0.02439,0,0,0.02439,0.02439,0.04878,0,0.02439,0.02439,0,0,0,0,0,0,0,0,0.02439,0.02439,0,0,0,0,0.02439,0.02439,0.02439,0.02439,0,0.02439,0.02439,0.02439,0,0,0.04878,0.02439,0.02439,0,0,0.02439,0,0,0,0,0,0.04878,0.04878,0.02439,0.02439,0,0.02439,0.04878
0.043478,0,0,0.043478,0,0,0,0,0.086957,0,0.043478,0,0.043478,0,0,0,0,0,0,0.043478,0,0,0,0,0.086957,0,0,0,0,0,0.043478,0,0.086957,0,0,0,0.17391,0,0,0.043478,0,0.043478,0,0,0.086957,0,0.086957,0,0,0,0,0,0.043478,0,0,0,0,0,0,0,0,0,0,0
0,0.1,0,0,0,0,0,0,0,0,0,0,0,0,0,0,0.1,0,0,0,0,0,0,0,0,0,0,0,0,0,0,0.1,0.1,0,0,0,0,0,0,0,0,0,0,0,0,0,0.2,0.2,0,0,0,0,0,0.1,0,0,0,0,0,0,0.1,0,0,0
0,0,0,0,0,0,0,0,0,0,0,0,0.066667,0,0,0.066667,0,0,0,0,0,0,0,0,0,0,0,0,0,0.066667,0,0,0,0,0,0,0.26667,0,0,0,0,0,0,0,0,0,0,0,0.066667,0.066667,0,0,0,0,0.066667,0,0.13333,0.13333,0,0,0.066667,0,0,0
0.033333,0.033333,0.033333,0,0.066667,0,0,0,0,0,0,0.033333,0,0,0,0,0.1,0,0,0.033333,0,0,0,0.033333,0.033333,0,0.033333,0,0,0,0,0,0,0,0,0,0.066667,0,0.066667,0.033333,0.033333,0,0,0,0.033333,0,0.066667,0.033333,0.033333,0.033333,0,0,0,0.033333,0.033333,0.033333,0,0.066667,0,0,0,0,0,0
0.083333,0.027778,0,0,0,0,0,0.027778,0.11111,0,0,0.027778,0,0.055556,0,0.027778,0,0,0.055556,0,0.027778,0.055556,0,0,0.027778,0,0.027778,0,0,0.027778,0,0,0,0,0,0,0,0.027778,0,0,0,0,0,0,0,0.027778,0.027778,0.027778,0.027778,0,0,0.027778,0.055556,0,0.027778,0.055556,0.027778,0.027778,0.027778,0,0.027778,0,0,0
0,0,0,0.035714,0.071429,0.071429,0,0,0,0,0.035714,0,0.035714,0,0,0,0,0,0,0,0,0,0.035714,0,0,0,0,0,0,0,0.035714,0,0,0,0,0,0.035714,0,0.035714,0.035714,0,0.035714,0,0.035714,0.035714,0,0,0.035714,0.035714,0,0,0,0,0.035714,0.035714,0.035714,0,0.035714,0,0,0.035714,0.071429,0.035714,0.10714
0.022727,0.022727,0,0,0.022727,0.011364,0.022727,0.011364,0,0.011364,0.022727,0.011364,0.022727,0.011364,0.022727,0.011364,0.022727,0,0.011364,0.022727,0.011364,0,0.022727,0,0.011364,0.034091,0.022727,0.022727,0,0.011364,0.022727,0,0.011364,0.011364,0,0,0.034091,0,0.022727,0,0.034091,0.022727,0.011364,0.045455,0,0.011364,0.034091,0.022727,0,0.011364,0.011364,0.034091,0,0.011364,0.045455,0.011364,0,0.022727,0.045455,0.011364,0.011364,0.011364,0.034091,0.034091
0,0,0.076923,0,0,0,0,0,0,0,0,0,0.076923,0.038462,0,0,0.038462,0.038462,0,0.038462,0.038462,0,0,0,0.038462,0.038462,0.15385,0,0,0,0,0.038462,0,0,0,0.038462,0.038462,0,0,0,0,0,0,0.038462,0,0.038462,0,0,0.038462,0.038462,0.038462,0,0,0,0,0,0,0.038462,0.038462,0,0,0,0.038462,0
0,0,0,0,0,0.095238,0,0,0,0.047619,0,0,0,0,0,0.14286,0,0,0,0,0,0,0,0,0,0,0,0.047619,0,0,0.047619,0.047619,0,0,0,0.047619,0,0.047619,0,0,0.047619,0,0,0,0,0,0,0,0,0,0,0,0,0,0,0,0,0,0,0,0.047619,0.095238,0.14286,0.14286
0.028571,0,0.028571,0,0.028571,0,0,0,0.057143,0,0,0,0.028571,0,0,0.057143,0.028571,0,0.028571,0,0.028571,0,0,0,0,0.057143,0,0.057143,0.057143,0,0,0.028571,0,0,0,0.028571,0,0,0,0,0,0,0,0,0.028571,0,0.057143,0,0,0,0,0.028571,0,0.028571,0,0.028571,0,0.085714,0,0.028571,0.057143,0.085714,0.028571,0
0,0,0.083333,0.083333,0.25,0,0,0,0,0,0,0,0,0,0.083333,0,0,0,0.083333,0,0,0.083333,0,0,0,0,0,0,0,0,0,0,0,0,0.083333,0,0,0,0,0,0,0,0,0,0,0,0,0,0.083333,0,0,0,0,0,0.083333,0,0,0,0,0.083333,0,0,0,0
0.03125,0,0,0,0,0,0,0.03125,0,0,0,0,0.03125,0,0,0.03125,0,0,0,0,0,0.03125,0,0.03125,0,0,0,0,0,0.0625,0.125,0.03125,0,0.03125,0,0,0,0,0.03125,0,0.0625,0,0.03125,0,0,0.03125,0.03125,0,0,0,0.03125,0.03125,0.03125,0,0,0.03125,0,0.03125,0.03125,0.0625,0,0.09375,0.03125,0
0.018868,0.018868,0.018868,0.018868,0.018868,0,0.018868,0.037736,0.018868,0,0,0,0.11321,0,0.037736,0,0,0.037736,0,0,0.018868,0,0,0,0.018868,0,0,0,0,0.018868,0.018868,0,0,0.018868,0,0.018868,0,0.018868,0,0,0.018868,0,0.018868,0.037736,0,0.018868,0.018868,0,0.018868,0.037736,0.018868,0.018868,0.056604,0.018868,0,0.018868,0,0,0.056604,0.037736,0,0.018868,0.018868,0.075472
0.038462,0,0.038462,0.038462,0.057692,0,0,0,0.038462,0,0,0.019231,0.057692,0.038462,0,0.096154,0.038462,0.019231,0.019231,0.019231,0,0.019231,0,0,0,0,0,0,0.019231,0.019231,0,0,0.019231,0,0,0,0.057692,0,0,0,0,0.019231,0,0,0.038462,0,0,0.019231,0,0,0,0.096154,0.038462,0.038462,0,0,0.019231,0,0,0,0.038462,0,0,0.038462
0.043478,0,0,0.021739,0,0,0.021739,0.065217,0.043478,0,0,0,0,0.043478,0.021739,0.021739,0.065217,0.043478,0,0,0,0,0,0,0,0.021739,0,0,0,0,0,0.043478,0,0,0,0,0,0.043478,0.043478,0,0.065217,0.065217,0.021739,0.021739,0.021739,0.021739,0,0.021739,0,0,0,0.021739,0,0,0,0.021739,0.021739,0.021739,0.021739,0,0,0.021739,0.065217,0.021739
0.063492,0,0.015873,0.047619,0.063492,0,0,0,0.015873,0,0,0,0.015873,0.015873,0.031746,0.047619,0,0.015873,0,0.015873,0.015873,0,0,0.015873,0,0.015873,0,0,0.015873,0,0.015873,0.015873,0,0.015873,0.015873,0,0.031746,0.015873,0,0,0,0.015873,0,0.015873,0,0.015873,0,0,0.015873,0,0,0.015873,0.015873,0.015873,0,0.015873,0,0.015873,0.015873,0.031746,0.063492,0.047619,0.063492,0.11111
0,0.016949,0,0.016949,0.016949,0,0.033898,0,0,0,0,0.016949,0.016949,0,0.016949,0.033898,0.016949,0.016949,0,0.050847,0.016949,0,0,0,0.016949,0,0,0,0.016949,0.033898,0,0,0,0.016949,0.016949,0,0.050847,0.033898,0,0.016949,0,0,0,0.033898,0,0,0.016949,0.050847,0.050847,0,0,0.016949,0.016949,0,0.016949,0,0.016949,0.016949,0,0.050847,0,0.084746,0.067797,0.084746
0.032258,0,0,0.032258,0,0,0.032258,0,0,0.032258,0,0.032258,0.032258,0,0.032258,0,0.032258,0.032258,0,0.032258,0,0,0,0.032258,0.032258,0.064516,0.032258,0,0.032258,0,0,0.032258,0,0,0.064516,0,0.064516,0,0,0,0,0.032258,0,0,0.064516,0,0,0,0,0.032258,0,0,0.032258,0.032258,0,0,0.032258,0,0.064516,0,0,0,0,0.032258
0.014085,0.014085,0,0.028169,0,0.014085,0,0,0,0,0,0.028169,0,0.014085,0,0.056338,0.028169,0,0.028169,0.014085,0,0.014085,0.014085,0.014085,0.014085,0,0,0.028169,0,0.014085,0.014085,0.014085,0,0,0.028169,0.042254,0.014085,0.042254,0.014085,0.042254,0.014085,0.014085,0.028169,0.014085,0.014085,0,0.014085,0.042254,0.014085,0.014085,0.014085,0,0.014085,0.014085,0.042254,0.028169,0,0.028169,0,0,0.028169,0.028169,0.056338,0.028169
0,0,0.052632,0,0.10526,0,0.10526,0,0,0.052632,0,0,0.10526,0,0,0,0,0.10526,0.052632,0,0,0,0,0,0,0.052632,0,0.052632,0,0,0,0,0,0,0,0,0,0,0.052632,0,0.052632,0,0,0,0,0,0,0,0,0,0,0,0,0,0.052632,0,0,0.10526,0,0.052632,0,0,0,0
0.10345,0,0.10345,0,0,0,0.034483,0,0,0.034483,0,0.034483,0.034483,0,0,0,0.068966,0,0,0.034483,0,0,0.034483,0,0.068966,0,0,0,0,0,0.034483,0,0.068966,0,0.034483,0,0,0,0.034483,0,0,0.034483,0,0,0,0,0,0.034483,0.068966,0,0,0,0,0,0,0,0,0.034483,0,0,0.068966,0,0,0.034483
0.083333,0,0,0,0.083333,0,0,0,0,0,0,0.083333,0,0,0,0,0,0.083333,0,0,0,0,0,0,0,0,0.083333,0,0,0,0,0,0,0,0,0,0,0.083333,0.083333,0,0,0,0,0.083333,0,0,0,0,0.083333,0,0,0,0,0,0,0,0,0,0,0,0,0,0.25,0
0.076923,0,0,0,0.038462,0,0,0,0,0,0,0,0.038462,0,0,0,0,0,0.038462,0.038462,0,0,0,0,0,0.076923,0,0.038462,0,0,0.038462,0.038462,0.038462,0,0,0,0.038462,0.076923,0,0.076923,0,0,0,0,0,0,0.038462,0.076923,0,0,0,0.038462,0.038462,0,0.038462,0,0,0,0,0,0,0,0,0.11538
0.15385,0.076923,0.076923,0,0.076923,0,0,0,0.076923,0,0,0,0,0,0,0,0.076923,0,0,0,0,0,0,0,0,0,0.076923,0,0,0,0,0,0,0,0.076923,0,0,0.076923,0,0,0,0,0,0,0,0,0,0,0,0,0,0,0,0,0,0,0,0.076923,0,0,0.076923,0,0.076923,0
0,0,0,0,0,0,0,0,0,0,0,0.076923,0,0,0,0,0,0.076923,0.076923,0,0,0,0,0,0,0,0,0,0,0,0,0,0.076923,0,0,0,0,0.076923,0,0,0,0,0,0,0.076923,0,0.15385,0,0,0,0,0,0,0,0,0,0,0,0,0.15385,0,0.076923,0,0.15385
0,0,0,0.058824,0,0,0,0,0,0,0,0,0,0.058824,0,0,0,0,0,0,0.058824,0,0,0,0.058824,0,0,0,0,0,0,0.058824,0.058824,0,0,0,0,0.11765,0.11765,0,0,0,0,0,0,0.058824,0.058824,0,0,0,0,0,0.058824,0,0,0,0,0.058824,0,0,0.058824,0.058824,0,0.058824
0,0,0,0,0,0,0,0,0,0,0,0,0,0,0,0.18182,0.090909,0,0.090909,0,0,0,0,0,0,0,0,0,0,0,0.18182,0,0,0,0,0,0,0.090909,0,0,0.090909,0,0,0,0,0,0.090909,0,0,0,0,0,0,0.090909,0,0,0,0,0,0.090909,0,0,0,0
0,0,0,0,0,0,0,0,0,0,0,0,0,0.058824,0.058824,0,0,0,0,0,0.058824,0,0,0,0,0.11765,0.058824,0.058824,0,0,0,0,0,0,0.058824,0,0,0,0,0.058824,0,0,0,0,0,0.17647,0,0,0.058824,0,0,0,0,0,0,0,0,0,0,0.058824,0,0,0.058824,0.11765
0.04,0,0.08,0.04,0,0,0,0,0.04,0.04,0.08,0.04,0,0,0,0.04,0.12,0,0.04,0,0,0,0,0,0.04,0,0,0,0,0,0,0,0.04,0,0.04,0,0,0.04,0.04,0,0.04,0,0,0,0,0,0,0,0,0,0,0,0.04,0,0.04,0,0.04,0,0,0,0,0,0.04,0.04
0.2,0,0,0.13333,0,0,0,0,0.066667,0,0,0,0,0,0,0.066667,0,0.066667,0,0,0,0,0,0,0,0.066667,0,0,0,0,0,0,0,0,0,0,0,0,0,0,0.066667,0,0,0,0,0.066667,0,0,0,0,0.066667,0,0,0.066667,0,0,0,0.066667,0,0.066667,0,0,0,0
0.1,0,0,0,0,0,0,0,0,0,0,0,0,0,0.1,0,0,0,0,0,0,0.1,0,0,0,0,0.1,0,0.1,0,0,0,0,0,0,0,0.1,0,0,0.1,0,0.1,0,0,0,0,0,0.1,0,0,0,0,0,0,0,0,0.1,0,0,0,0,0,0,0
0.090909,0,0.060606,0.030303,0.12121,0.030303,0.030303,0.030303,0.030303,0,0,0,0.030303,0,0,0,0.030303,0.030303,0,0,0.060606,0.030303,0,0,0.030303,0.030303,0,0.030303,0,0,0,0,0,0,0,0.030303,0.060606,0.030303,0,0,0,0.060606,0,0.030303,0,0,0,0,0,0,0,0,0,0,0,0,0,0,0.030303,0,0,0.060606,0,0
0,0,0.05,0,0,0.05,0.05,0,0.05,0,0.05,0,0,0,0,0,0.1,0.05,0.05,0.05,0,0,0,0,0.05,0,0,0,0,0.05,0.05,0,0,0.05,0,0,0.05,0,0,0,0.05,0,0,0,0,0.05,0,0,0,0,0.05,0,0,0,0,0,0,0,0,0,0,0.05,0.05,0
0,0,0.055556,0,0,0,0,0,0,0,0,0.11111,0,0,0.055556,0,0,0,0,0,0,0,0,0,0,0.055556,0,0,0,0,0.055556,0,0.055556,0,0,0,0,0,0,0,0.055556,0,0.055556,0,0,0,0,0,0,0.055556,0,0,0,0,0.055556,0,0,0.055556,0,0,0,0.11111,0,0.22222
0.038462,0,0,0.076923,0.038462,0,0,0.038462,0,0.076923,0,0,0,0,0,0,0,0,0.11538,0,0,0,0.038462,0,0.076923,0,0.038462,0.038462,0,0,0.038462,0,0.038462,0,0,0,0,0,0,0,0,0,0,0.038462,0,0,0,0,0,0,0.038462,0,0,0,0,0.038462,0,0.038462,0.038462,0,0,0.038462,0.076923,0.038462
0,0.076923,0,0.076923,0,0,0,0.076923,0,0,0,0,0,0.076923,0,0.076923,0,0,0,0,0,0,0,0,0,0,0.076923,0,0,0,0,0,0,0,0,0,0,0,0,0.076923,0,0.076923,0,0.076923,0,0.076923,0,0,0,0,0,0,0.15385,0,0,0,0,0.076923,0,0,0,0,0,0
0.19048,0,0,0.047619,0.047619,0,0,0,0,0,0,0,0,0,0,0.047619,0,0.047619,0,0,0.047619,0,0,0,0.047619,0,0,0,0.047619,0,0,0,0,0,0,0,0,0,0,0,0,0,0,0,0,0,0,0,0,0,0.047619,0.047619,0.14286,0.047619,0,0,0,0.14286,0.047619,0,0,0,0,0
0,0,0.045455,0.045455,0.045455,0.045455,0,0,0.045455,0,0.045455,0,0.045455,0,0,0,0.045455,0,0.045455,0.045455,0,0,0,0,0,0,0.045455,0.045455,0,0,0.045455,0,0,0,0,0,0,0.045455,0,0,0,0,0,0.045455,0,0,0,0,0.045455,0,0,0.045455,0.090909,0.090909,0,0,0.045455,0,0,0,0,0,0,0
0.055556,0,0,0.055556,0.055556,0,0,0,0,0,0,0,0.11111,0,0,0.055556,0,0.055556,0.055556,0,0.055556,0,0,0,0.055556,0,0,0,0.055556,0.055556,0.055556,0.055556,0,0,0,0,0,0,0,0,0,0,0,0,0,0,0,0,0,0,0,0,0,0,0.055556,0,0,0,0.055556,0,0.055556,0.055556,0,0
0.125,0,0,0,0,0,0,0,0,0,0,0,0,0,0,0,0,0.125,0,0,0,0,0,0,0,0,0,0,0,0.25,0,0,0,0,0,0,0,0,0,0.125,0,0,0,0,0,0,0,0,0,0,0.125,0,0,0,0,0,0,0,0,0,0,0.125,0.125,0
0,0.037037,0,0.037037,0,0,0,0,0,0.037037,0.037037,0,0.037037,0,0.037037,0.11111,0.037037,0,0,0,0.037037,0,0,0,0,0,0,0,0,0,0.037037,0,0,0.037037,0,0,0,0,0,0,0.037037,0,0,0,0,0,0.037037,0,0.074074,0.037037,0.037037,0,0,0.037037,0.037037,0,0.037037,0.074074,0,0,0.037037,0.037037,0,0.037037
0.05,0,0,0,0,0,0,0.05,0.05,0,0,0,0,0,0,0,0.05,0.05,0,0,0,0,0.15,0,0,0,0.05,0,0,0,0,0.05,0,0,0,0,0.05,0,0,0.05,0.05,0,0,0,0,0,0.1,0.05,0,0,0,0.05,0,0.05,0,0,0.05,0,0,0,0.05,0,0,0
0.02439,0,0.02439,0,0.02439,0.02439,0,0.02439,0.02439,0,0,0,0,0.02439,0,0,0.04878,0.02439,0.02439,0,0,0,0.02439,0,0.02439,0.02439,0,0,0,0,0,0.02439,0.04878,0.02439,0.02439,0.02439,0,0,0,0.02439,0,0,0.02439,0,0.02439,0,0.02439,0.02439,0,0,0,0.04878,0,0.04878,0.04878,0,0.02439,0.04878,0,0.04878,0,0.02439,0,0.097561
0,0,0.041667,0.041667,0,0.041667,0,0.041667,0.041667,0,0,0.041667,0.041667,0.041667,0,0.041667,0,0,0.041667,0,0,0,0,0,0,0,0,0,0,0,0.083333,0.041667,0.041667,0,0,0,0,0,0.041667,0,0,0.041667,0,0,0,0,0.041667,0,0,0,0,0.041667,0.041667,0,0,0,0,0.041667,0,0.083333,0,0,0.041667,0.041667
0,0.13333,0,0,0.13333,0,0,0,0,0.066667,0,0,0,0,0.066667,0.066667,0,0,0,0,0,0,0,0,0,0,0,0,0,0,0,0,0,0,0,0,0,0,0,0,0,0,0,0,0,0,0.066667,0,0,0,0,0.066667,0.066667,0,0,0,0.066667,0,0,0,0.066667,0.13333,0,0.066667
0,0,0,0,0,0,0,0,0.1,0,0,0,0,0,0,0.1,0,0,0,0,0,0,0,0,0,0.1,0,0,0,0.1,0.1,0,0.1,0,0,0,0,0,0,0,0.1,0,0,0,0,0,0,0,0,0,0,0,0,0,0.1,0,0,0,0,0.1,0,0,0,0.1
0,0,0,0,0,0.076923,0.076923,0,0,0,0,0,0.15385,0,0,0,0.076923,0,0,0,0,0,0.076923,0.076923,0,0,0,0,0.076923,0,0,0,0,0,0,0,0,0,0,0,0,0,0,0,0,0,0,0,0.076923,0,0,0.076923,0,0,0,0,0,0.15385,0,0,0,0.076923,0,0
0.052632,0,0,0,0.052632,0,0,0.052632,0,0,0,0,0.052632,0,0,0.10526,0.052632,0,0,0,0,0,0,0,0,0,0,0,0,0,0.052632,0,0,0,0,0,0,0,0,0.052632,0,0,0,0.10526,0.052632,0.052632,0,0,0.052632,0,0,0,0.052632,0,0,0,0,0,0.052632,0.052632,0,0,0,0.10526
0.052632,0.026316,0.026316,0,0,0.026316,0.052632,0,0,0.026316,0.026316,0.026316,0.026316,0.026316,0,0,0,0,0.10526,0,0.026316,0,0,0.026316,0.026316,0.026316,0.026316,0.026316,0,0.052632,0,0,0.052632,0.026316,0,0,0.052632,0,0.026316,0.052632,0,0,0,0,0.026316,0,0,0.026316,0,0.026316,0,0,0.026316,0,0,0.026316,0.026316,0,0,0,0,0,0,0
0,0,0,0,0.03125,0,0,0,0,0,0,0,0.03125,0.03125,0,0.0625,0,0,0,0.0625,0,0,0.03125,0.03125,0,0,0,0.09375,0,0,0.03125,0,0,0,0,0,0.03125,0,0,0,0,0,0,0,0.03125,0.15625,0.03125,0,0.03125,0,0,0.03125,0,0,0,0.03125,0,0.0625,0,0.125,0.03125,0,0,0.03125
0,0.18182,0,0,0,0,0,0,0,0,0,0,0,0,0,0,0,0,0,0.18182,0,0.090909,0,0,0,0,0,0,0,0,0.090909,0,0,0,0,0,0.090909,0.090909,0,0,0,0,0,0,0,0,0,0,0,0,0,0,0,0,0.090909,0,0,0,0,0,0,0.090909,0,0.090909
0,0,0,0,0,0,0,0,0,0,0.066667,0,0,0,0,0.066667,0.066667,0.066667,0,0,0,0.066667,0,0,0,0,0,0.066667,0,0,0,0,0,0,0,0,0,0,0,0,0,0,0,0,0,0,0,0.13333,0,0,0,0,0.066667,0.066667,0,0.066667,0,0,0,0.066667,0.13333,0,0,0.066667
0,0,0,0,0,0,0,0,0,0.1,0,0,0.1,0,0,0,0,0,0.2,0,0,0,0,0,0.1,0,0,0,0.1,0.1,0,0.1,0,0,0,0,0,0.1,0,0,0,0,0,0,0,0,0,0,0,0,0.1,0,0,0,0,0,0,0,0,0,0,0,0,0
0.33333,0,0,0,0,0,0,0,0,0,0,0,0,0,0,0,0,0,0,0,0,0.11111,0,0,0,0,0,0,0.11111,0,0,0,0,0,0,0,0,0,0,0,0,0,0,0,0,0,0,0,0,0,0,0,0.11111,0,0,0,0,0,0,0.22222,0,0,0,0.11111
0.090909,0.090909,0,0,0,0,0,0.045455,0,0,0,0,0.090909,0,0,0,0,0,0.045455,0.045455,0,0,0,0.045455,0.045455,0.045455,0,0,0,0,0,0,0,0,0,0,0.090909,0.045455,0,0,0,0,0,0,0,0.045455,0.045455,0,0.045455,0.045455,0,0.045455,0,0,0,0,0,0.045455,0,0,0.045455,0,0,0
0.18919,0.027027,0,0,0.027027,0,0.027027,0,0.027027,0.054054,0,0,0,0.027027,0,0.027027,0.13514,0,0.027027,0,0.027027,0,0,0,0.027027,0,0.081081,0,0,0.027027,0,0,0.027027,0,0,0,0,0,0,0,0,0,0,0,0,0,0.054054,0,0.054054,0,0.027027,0,0.027027,0,0.027027,0.027027,0,0.027027,0,0,0,0,0,0
0,0,0,0.05,0.05,0,0,0.05,0.05,0,0,0,0,0,0,0,0,0,0,0,0,0,0,0,0,0,0,0,0,0,0,0,0,0,0,0,0.05,0.1,0,0,0,0.05,0,0,0,0.05,0,0.1,0,0,0,0.05,0,0.1,0,0,0.05,0.05,0,0,0,0,0,0.2
0,0,0,0,0,0,0,0.045455,0,0,0.090909,0.045455,0,0,0,0,0.090909,0,0,0.090909,0,0,0.045455,0,0.090909,0,0.045455,0,0,0,0.090909,0,0,0,0,0,0,0.045455,0,0,0,0.090909,0,0,0,0,0,0,0,0,0,0,0,0.045455,0,0,0,0,0.13636,0,0,0,0.045455,0
0.16667,0.055556,0,0,0,0,0,0,0.055556,0,0,0,0.11111,0,0,0,0,0,0,0,0,0,0,0,0.055556,0,0,0,0,0,0,0,0,0,0.11111,0,0,0,0.055556,0,0.055556,0,0,0,0,0,0.11111,0,0.055556,0,0,0,0,0,0.055556,0,0.055556,0,0,0,0.055556,0,0,0
0,0,0,0.032258,0,0,0.032258,0,0,0.032258,0,0,0.032258,0,0,0.032258,0,0.032258,0,0,0,0,0,0,0,0.032258,0.032258,0.032258,0,0,0.032258,0.032258,0.032258,0.064516,0,0,0.064516,0,0.032258,0.032258,0,0,0,0,0,0,0.032258,0,0.096774,0,0,0.064516,0,0.032258,0.032258,0,0,0,0,0,0.032258,0.064516,0,0.064516
0.14286,0,0,0.047619,0,0,0,0,0,0,0.047619,0.047619,0,0,0,0.047619,0,0,0,0,0,0,0,0,0,0.047619,0,0,0,0,0,0,0,0,0,0,0,0,0,0.047619,0.047619,0.047619,0.047619,0,0,0,0,0.047619,0.095238,0,0,0,0.047619,0,0.095238,0,0.047619,0,0,0.047619,0.047619,0,0,0
0.2,0,0,0,0,0,0.2,0,0,0,0,0,0,0,0,0.1,0,0,0,0,0,0,0,0,0.1,0,0,0,0,0,0,0,0,0,0,0,0,0,0.1,0,0,0,0,0,0,0,0.1,0,0.1,0,0,0,0.1,0,0,0,0,0,0,0,0,0,0,0
0.10526,0.052632,0,0,0.026316,0,0,0,0,0,0,0,0.026316,0.026316,0.026316,0.052632,0.052632,0,0.052632,0.026316,0.026316,0,0,0,0,0,0,0.026316,0.026316,0,0.026316,0,0,0,0,0,0,0,0.078947,0,0.052632,0,0,0.026316,0.026316,0,0.052632,0,0.052632,0.026316,0,0.052632,0,0,0,0,0,0.026316,0,0,0,0,0.026316,0.026316
0,0,0,0,0,0,0,0.066667,0.066667,0.26667,0,0,0,0,0.066667,0.066667,0.066667,0,0,0,0,0.066667,0.066667,0,0,0,0,0,0,0,0,0,0,0,0,0,0.066667,0.066667,0,0,0,0,0,0,0,0,0,0,0.066667,0.066667,0,0,0,0,0,0,0,0,0,0,0,0,0,0
0.08,0.04,0.04,0,0.04,0.04,0,0.04,0.04,0,0.04,0,0,0,0.04,0,0.04,0,0,0.04,0,0,0,0,0.04,0,0,0,0,0,0.04,0,0,0.04,0.08,0,0.12,0,0,0,0.04,0,0,0,0,0,0,0,0,0,0.04,0.04,0,0,0,0,0,0.04,0.04,0,0,0,0,0
0.15385,0,0,0,0,0,0,0,0,0,0,0,0,0,0,0.076923,0,0,0.076923,0,0,0,0,0,0,0,0,0,0,0,0.076923,0,0,0,0.076923,0,0,0.076923,0,0,0.076923,0,0,0,0,0,0.076923,0,0,0,0,0,0,0,0,0,0.076923,0,0,0,0.076923,0.076923,0.076923,0
0.1,0,0,0,0.05,0,0,0,0,0,0,0.1,0.05,0.05,0.05,0,0,0,0,0.05,0,0,0,0,0.05,0,0,0,0.05,0,0,0,0.05,0,0,0,0,0,0,0,0,0.05,0,0.05,0,0,0,0,0.05,0.05,0.05,0.1,0,0,0,0,0,0,0.05,0,0,0,0,0
0,0,0,0,0,0,0,0,0,0,0,0,0,0,0,0,0,0,0,0,0.090909,0,0.090909,0,0,0,0,0,0.090909,0,0.27273,0,0,0,0,0,0,0,0,0,0,0,0,0,0,0,0,0,0.18182,0,0,0,0,0,0.090909,0,0,0,0.090909,0,0,0,0.090909,0
0,0,0,0,0,0,0,0,0,0,0,0,0,0,0,0,0.4,0,0.05,0,0.05,0,0,0,0.05,0,0.1,0,0.25,0,0,0,0,0,0,0,0,0,0,0,0,0,0,0,0,0,0,0,0,0,0,0,0,0,0,0,0,0,0,0.05,0,0,0,0.05
0,0.066667,0,0,0,0,0,0,0,0,0,0.066667,0,0.066667,0,0,0,0,0.066667,0,0,0,0,0,0.066667,0,0,0,0,0,0,0,0.066667,0,0,0,0,0.066667,0.066667,0,0,0.066667,0,0,0,0,0,0.066667,0,0,0,0,0.13333,0,0.066667,0,0,0,0,0.066667,0,0,0,0.066667
0.13043,0,0.043478,0.043478,0,0.086957,0,0,0.043478,0,0,0,0.086957,0.043478,0,0,0,0.043478,0,0.043478,0,0,0,0,0,0.043478,0.043478,0,0,0,0,0,0,0.043478,0,0,0,0.043478,0.043478,0,0,0,0,0,0,0,0,0,0,0,0,0,0,0,0.043478,0.043478,0,0.043478,0,0,0,0.086957,0,0
0,0.052632,0,0,0.052632,0.42105,0,0,0,0.052632,0,0,0,0.052632,0,0,0,0,0,0,0.052632,0,0,0,0,0,0,0,0,0,0,0,0,0,0,0,0,0.052632,0.052632,0,0,0.052632,0,0,0,0,0,0,0,0,0,0,0,0.10526,0,0,0,0,0,0.052632,0,0,0,0
0,0.055556,0,0.11111,0,0.055556,0,0,0,0,0,0,0,0,0,0,0.055556,0,0,0,0,0,0,0,0.055556,0,0,0,0,0,0.055556,0,0,0,0,0,0.055556,0.11111,0,0,0.055556,0,0.055556,0.055556,0,0,0.055556,0,0,0.055556,0,0,0,0,0,0,0,0.055556,0.055556,0,0,0,0,0.055556
0,0,0.052632,0,0.052632,0,0.052632,0.052632,0.15789,0,0,0.052632,0,0,0,0,0,0,0.052632,0,0,0,0,0,0,0.052632,0.052632,0.052632,0,0,0,0,0.10526,0,0,0,0,0,0,0,0,0,0,0,0,0,0,0,0.052632,0,0.10526,0,0,0.052632,0,0,0,0,0,0,0,0,0.052632,0
0.1,0,0,0,0,0,0,0,0,0,0,0.1,0,0,0,0.2,0,0,0,0,0,0,0,0,0.1,0,0,0,0,0,0.1,0,0.1,0,0,0,0.1,0,0,0,0,0,0,0,0,0,0.1,0,0,0.1,0,0,0,0,0,0,0,0,0,0,0,0,0,0
0,0.04,0,0,0.04,0.04,0.08,0.04,0.08,0,0,0,0.04,0.08,0,0,0,0,0,0.08,0,0,0,0.04,0,0,0.04,0,0,0,0,0,0,0,0,0,0.08,0,0,0,0.04,0,0,0.04,0,0.04,0,0,0,0,0.04,0,0,0,0,0,0.04,0.04,0,0,0.08,0,0,0
0.027778,0.055556,0,0.055556,0.027778,0.027778,0,0,0,0.083333,0.027778,0,0,0,0,0,0.11111,0,0.027778,0.027778,0.055556,0,0.027778,0,0.027778,0,0.027778,0,0,0,0,0,0.027778,0,0,0,0.055556,0.027778,0.027778,0,0,0.083333,0,0,0,0.027778,0,0,0,0,0,0.027778,0,0,0,0,0.055556,0.027778,0,0,0,0,0,0.027778
0.033333,0.066667,0.13333,0,0.066667,0,0,0.033333,0,0,0,0,0.066667,0,0,0,0.033333,0,0,0.033333,0,0,0,0,0,0.033333,0,0,0,0,0,0,0.033333,0,0.033333,0,0.066667,0,0.033333,0,0,0.033333,0,0,0,0,0.1,0.033333,0,0,0.033333,0,0,0.033333,0,0,0.033333,0,0,0,0,0.033333,0.033333,0
0,0,0,0,0,0,0,0,0,0.071429,0,0,0,0,0,0.21429,0.071429,0,0,0,0,0,0,0,0,0,0,0.071429,0,0,0,0,0,0,0.071429,0,0,0.071429,0,0,0,0,0,0,0,0,0,0,0,0,0.071429,0,0,0,0.071429,0,0.071429,0.071429,0,0,0.071429,0,0,0.071429
0,0,0,0.090909,0,0,0.090909,0,0,0,0,0,0,0,0,0,0,0,0,0,0,0,0,0,0.090909,0,0,0.090909,0.090909,0,0,0.090909,0,0,0,0,0,0,0,0,0.18182,0,0.18182,0,0,0,0,0,0,0,0,0,0,0,0,0,0,0,0,0,0,0,0,0.090909
0,0.045455,0.090909,0.045455,0.090909,0,0.045455,0,0,0.045455,0,0,0.090909,0.045455,0,0,0.045455,0,0,0,0,0,0,0,0.090909,0,0,0,0,0,0,0,0,0,0.045455,0,0.045455,0,0,0,0,0,0,0,0.045455,0,0,0,0,0,0.045455,0,0,0,0,0.045455,0.045455,0,0,0,0.045455,0,0,0.045455
0.097561,0.02439,0,0,0.12195,0,0.04878,0.02439,0.04878,0.02439,0,0,0.073171,0.02439,0.02439,0,0.02439,0,0,0.02439,0,0,0,0,0.073171,0,0,0.02439,0,0,0.02439,0,0.04878,0,0,0.02439,0,0,0.02439,0,0,0,0,0,0.04878,0,0.02439,0,0.073171,0,0,0.02439,0.02439,0,0,0,0,0,0,0,0.02439,0,0,0
0.21053,0.052632,0,0,0,0,0.052632,0,0,0.10526,0.052632,0,0,0,0,0,0.31579,0,0,0,0,0,0,0,0,0,0,0,0,0,0,0,0,0,0,0,0,0,0,0,0,0,0,0,0,0,0,0.052632,0.052632,0,0,0,0,0,0,0,0,0,0,0.052632,0.052632,0,0,0
0.017241,0.017241,0.034483,0.068966,0.051724,0.017241,0,0.068966,0.017241,0.10345,0,0.017241,0.017241,0.10345,0.017241,0.034483,0.034483,0,0,0.017241,0.051724,0.017241,0,0,0,0,0,0,0.017241,0.017241,0.017241,0,0,0,0,0,0.051724,0.051724,0,0,0,0,0,0,0,0.017241,0,0,0.034483,0,0,0,0.068966,0.017241,0,0,0,0,0,0,0,0,0,0
0,0.052632,0,0,0,0,0,0,0,0,0,0,0,0.052632,0,0.052632,0.052632,0,0,0,0,0,0,0.052632,0,0,0,0,0,0,0,0,0,0,0,0,0,0,0,0.10526,0,0,0,0.10526,0,0,0,0,0,0,0,0,0.052632,0.052632,0,0,0.052632,0.052632,0,0.052632,0.10526,0.052632,0,0.10526
0,0,0,0,0,0,0,0,0,0.045455,0,0,0.045455,0,0,0,0,0,0.045455,0,0.045455,0,0.045455,0,0,0,0,0,0,0,0,0,0,0,0,0,0.54545,0,0,0,0.045455,0,0.045455,0,0,0,0.045455,0,0,0,0.045455,0,0,0,0,0,0.045455,0,0,0,0,0,0,0
0.090909,0,0,0,0,0,0,0,0,0,0,0,0,0,0.045455,0,0.090909,0.045455,0.22727,0,0,0,0,0.045455,0.045455,0.045455,0.090909,0,0,0,0,0,0,0,0,0,0,0,0,0,0,0.045455,0,0,0,0,0,0,0,0,0.090909,0,0,0.045455,0,0,0,0.045455,0,0.045455,0,0,0,0
0.043478,0,0,0.043478,0.043478,0,0,0,0,0.043478,0,0.043478,0.13043,0,0.043478,0,0.043478,0,0,0,0,0,0,0,0,0.043478,0,0,0,0,0.086957,0,0,0,0.043478,0.043478,0.043478,0,0,0,0,0,0,0,0,0,0.086957,0,0.086957,0,0,0.043478,0,0,0,0,0,0,0,0.043478,0.043478,0,0,0
0.076923,0,0,0,0.038462,0,0,0,0,0.038462,0,0,0,0.038462,0,0.038462,0,0,0.038462,0,0,0,0.038462,0,0,0,0,0,0,0,0,0.038462,0.076923,0,0,0,0.038462,0,0.038462,0,0,0,0,0.038462,0,0.038462,0.038462,0,0,0,0,0,0.076923,0,0,0,0,0,0,0.076923,0.15385,0,0.076923,0
0.035714,0.035714,0,0,0.035714,0.035714,0.071429,0.035714,0.035714,0,0,0.035714,0.071429,0,0,0.035714,0,0,0,0.035714,0,0,0,0,0,0.035714,0.035714,0,0.035714,0,0,0,0,0,0,0,0,0,0,0.035714,0.035714,0,0,0,0,0,0,0.14286,0.035714,0,0,0.035714,0.035714,0,0,0.071429,0,0,0,0,0,0,0,0.035714
0,0,0.090909,0,0,0,0.090909,0,0,0,0,0.090909,0.090909,0,0,0.090909,0,0,0,0,0,0,0,0,0,0,0,0,0,0,0,0,0,0,0,0,0,0.090909,0,0,0,0,0.090909,0.090909,0,0,0,0,0,0,0,0,0,0,0,0,0.090909,0,0,0,0,0,0,0.18182
0.25,0,0.083333,0,0,0,0,0,0.083333,0,0,0,0.083333,0,0,0.083333,0,0,0,0,0,0,0,0,0,0,0,0,0.083333,0,0.083333,0,0,0,0,0,0,0,0,0,0,0,0,0,0,0,0,0.083333,0,0,0,0,0,0,0,0,0.083333,0,0,0.083333,0,0,0,0
0.041667,0.083333,0.041667,0,0.083333,0.041667,0,0,0,0,0,0,0.041667,0,0,0.041667,0.083333,0.041667,0,0.041667,0,0,0,0,0,0,0,0,0,0,0,0,0.041667,0,0,0,0.125,0.083333,0,0,0,0,0,0,0,0,0,0,0.041667,0,0,0,0.041667,0.041667,0.041667,0,0,0,0,0,0,0,0,0.041667
0,0.041667,0.041667,0,0,0,0,0,0,0.041667,0,0,0,0.041667,0,0,0.083333,0,0,0.083333,0.041667,0.041667,0,0.041667,0,0,0,0.041667,0,0,0,0,0,0,0,0,0,0.041667,0,0,0,0,0.041667,0,0,0,0,0,0.041667,0,0.041667,0.041667,0,0,0,0.083333,0,0,0.125,0,0,0,0.083333,0
0,0.030303,0.030303,0,0,0.030303,0,0.030303,0,0.030303,0,0.030303,0.030303,0,0.12121,0.030303,0,0,0.030303,0,0,0,0.030303,0.030303,0.030303,0,0,0,0,0,0.12121,0,0,0,0,0,0.030303,0,0,0,0.030303,0.030303,0,0,0,0,0,0,0,0,0,0,0.060606,0,0,0,0.030303,0,0.030303,0.030303,0,0.030303,0.060606,0.060606
0.027778,0,0,0,0.027778,0,0,0.083333,0,0,0,0.055556,0.083333,0,0,0,0.027778,0,0.027778,0.027778,0,0,0,0,0,0,0,0.027778,0.027778,0,0.055556,0.027778,0,0,0,0,0.083333,0,0.027778,0.027778,0,0.027778,0,0,0,0,0,0,0,0.027778,0.055556,0.027778,0,0.027778,0.027778,0,0,0,0,0.027778,0.027778,0.055556,0.027778,0.027778
0.055556,0,0,0.11111,0,0,0,0,0,0.055556,0,0,0,0.055556,0,0.055556,0.055556,0,0,0.055556,0,0,0,0,0,0,0,0,0,0,0,0.055556,0,0,0,0,0.055556,0,0,0,0,0,0,0,0.055556,0,0,0.055556,0.11111,0,0,0,0.11111,0,0,0,0,0.055556,0,0,0,0,0,0.055556
0.14286,0,0,0,0.035714,0,0,0.035714,0,0,0,0.035714,0,0,0,0.035714,0.035714,0,0,0.035714,0,0,0,0,0,0.071429,0,0,0,0,0.035714,0,0.035714,0,0,0,0,0,0.035714,0,0,0,0,0,0.035714,0.035714,0.035714,0.071429,0.035714,0,0,0,0.035714,0,0.035714,0.035714,0,0,0.035714,0,0,0,0.035714,0.071429
0.076923,0.076923,0.038462,0,0.038462,0,0.038462,0,0.11538,0.038462,0,0,0,0,0,0,0.11538,0,0,0.038462,0,0,0,0,0,0,0,0,0,0,0.038462,0,0.038462,0,0,0,0.038462,0,0,0,0,0,0,0,0,0,0.038462,0,0.11538,0,0,0,0,0,0,0,0.038462,0.038462,0,0.038462,0.038462,0,0,0
0.125,0.0625,0,0,0,0,0,0.0625,0,0,0,0,0.0625,0,0,0.0625,0,0,0,0,0,0,0,0,0,0,0.0625,0,0,0,0,0.0625,0,0,0,0,0,0,0,0,0,0,0,0,0,0,0.0625,0,0,0,0,0.0625,0,0,0,0.0625,0.125,0,0,0.0625,0.0625,0,0.0625,0
0.033333,0,0,0.033333,0.033333,0.033333,0,0,0,0,0,0,0,0.033333,0,0.033333,0.066667,0.033333,0.033333,0,0.033333,0,0,0,0,0,0.033333,0,0,0.033333,0,0.066667,0,0,0,0.033333,0,0.033333,0,0.033333,0,0,0,0.033333,0.033333,0,0.033333,0.033333,0.1,0,0,0.066667,0,0,0,0,0,0,0,0,0.033333,0,0,0.066667
0.071429,0.035714,0,0,0,0.035714,0,0.035714,0.035714,0,0.071429,0,0,0,0,0.035714,0,0,0,0,0.035714,0,0,0,0,0,0,0,0,0,0,0,0,0,0,0,0,0,0,0.035714,0.035714,0,0,0,0,0,0,0.14286,0.035714,0.035714,0.071429,0,0.035714,0,0.035714,0,0.035714,0,0,0.071429,0.035714,0,0,0.071429
0,0,0,0.11111,0,0,0,0,0,0,0,0.037037,0.074074,0,0,0.074074,0.074074,0,0,0,0.037037,0,0,0,0.037037,0,0.037037,0.074074,0,0,0,0,0,0,0,0,0,0.037037,0,0,0,0,0,0,0,0,0.037037,0.074074,0.037037,0.037037,0,0.11111,0.074074,0,0,0,0,0,0,0.037037,0,0,0,0
0,0,0,0,0.11765,0,0,0,0,0,0,0.058824,0,0.058824,0,0,0,0,0,0.058824,0,0,0,0,0,0,0,0,0,0.058824,0,0,0,0,0,0,0,0,0,0,0,0,0,0,0.058824,0.058824,0,0,0.11765,0,0.058824,0,0,0,0.058824,0,0.058824,0.058824,0,0,0.058824,0,0.058824,0.058824
0.045455,0,0.045455,0.045455,0,0,0,0,0.045455,0,0,0,0.045455,0,0,0,0.045455,0,0,0,0.045455,0,0,0,0.045455,0.045455,0,0,0,0,0,0,0,0,0,0,0,0,0,0,0,0,0,0,0,0,0,0,0.045455,0.045455,0,0,0.045455,0.045455,0,0,0,0,0.045455,0.18182,0,0,0.045455,0.13636
0.058824,0,0,0.058824,0,0,0,0,0,0,0,0,0,0,0,0.058824,0,0.058824,0,0.058824,0.058824,0,0,0,0.058824,0,0,0,0.058824,0,0,0,0,0,0,0,0.058824,0,0,0,0.058824,0.11765,0,0,0,0,0,0.058824,0,0,0.058824,0.058824,0,0,0,0,0,0,0,0,0,0.058824,0,0.058824
0,0.052632,0,0,0,0,0,0,0,0,0,0.052632,0.052632,0.052632,0,0,0,0.052632,0,0.052632,0,0,0.052632,0,0,0,0,0,0,0,0,0,0,0,0,0,0,0,0,0,0.052632,0,0,0,0,0.052632,0,0.052632,0.15789,0,0,0,0.052632,0,0,0,0.10526,0.052632,0,0,0.052632,0,0.052632,0
0.045455,0.045455,0,0,0,0.045455,0.045455,0,0,0,0.045455,0,0.045455,0,0.045455,0,0.045455,0,0.045455,0.045455,0,0,0,0.045455,0,0,0,0,0,0,0,0,0.045455,0,0,0,0,0.045455,0,0,0.045455,0,0,0.045455,0,0,0.045455,0.045455,0,0,0,0,0.045455,0.045455,0,0,0,0,0.045455,0.045455,0,0,0,0.045455
0,0,0,0,0,0,0,0.052632,0,0.052632,0,0.052632,0.15789,0.10526,0.052632,0,0,0.10526,0,0,0.052632,0,0,0.052632,0,0,0,0.052632,0,0,0,0,0,0,0,0,0,0,0,0,0,0.052632,0,0,0.052632,0,0,0,0.052632,0,0,0,0,0,0,0,0,0.052632,0,0,0,0.052632,0,0
0.08,0.04,0.08,0.04,0.08,0,0,0.04,0.04,0.04,0,0,0,0,0,0.04,0.04,0,0,0,0,0,0,0,0.04,0,0,0,0,0,0,0,0,0,0,0,0,0,0.04,0,0,0,0,0,0,0.04,0.08,0,0.08,0.04,0,0,0.04,0,0.04,0,0,0,0,0,0.04,0,0,0.04
0.071429,0,0.035714,0.035714,0.071429,0,0,0,0,0,0,0,0,0,0.035714,0,0.035714,0,0,0.071429,0,0,0,0,0.035714,0,0,0,0.071429,0.035714,0,0,0,0,0,0,0,0,0,0,0.035714,0,0.035714,0,0,0,0,0,0.035714,0,0,0.10714,0,0,0,0,0,0,0,0.035714,0.035714,0,0,0.21429
0,0,0,0.041667,0.041667,0,0,0.041667,0,0,0,0,0,0,0,0.083333,0,0,0,0.041667,0,0,0,0,0,0,0,0,0.041667,0,0.041667,0,0.125,0,0,0,0.083333,0,0,0,0,0.041667,0,0.041667,0,0.041667,0,0,0.041667,0.083333,0,0.041667,0.041667,0,0,0,0.041667,0,0,0.041667,0.041667,0,0,0
0,0,0,0.083333,0,0,0,0,0,0,0,0.083333,0.25,0,0,0,0,0,0,0,0,0,0,0,0,0,0,0,0.16667,0.083333,0,0,0,0,0,0,0,0,0,0,0.16667,0,0,0,0,0,0,0,0,0,0,0,0,0,0.083333,0.083333,0,0,0,0,0,0,0,0
0.066667,0.066667,0,0,0,0,0,0.066667,0,0,0,0,0,0.066667,0,0,0,0,0,0.066667,0,0,0,0,0,0,0.066667,0,0,0,0,0,0.066667,0,0.066667,0,0.066667,0,0,0.066667,0,0,0,0,0.066667,0,0.066667,0,0,0,0,0,0,0,0,0,0,0,0,0,0.066667,0,0,0.13333
0.074074,0,0,0,0,0,0,0.037037,0,0,0,0,0,0.037037,0,0.037037,0,0,0,0.037037,0,0,0,0,0.037037,0,0,0.037037,0,0,0,0.037037,0,0,0.037037,0,0,0.037037,0,0,0,0,0,0,0.037037,0,0,0,0,0,0,0,0,0,0.074074,0.037037,0,0,0.074074,0,0.14815,0.037037,0.11111,0.074074
0.068966,0,0,0,0.068966,0,0,0,0,0,0,0,0.068966,0,0.034483,0.034483,0,0.034483,0,0,0.034483,0.034483,0,0,0.034483,0.034483,0,0.034483,0,0,0,0,0,0,0,0,0,0,0,0,0,0,0,0,0,0,0,0.034483,0.034483,0.034483,0.034483,0.034483,0.034483,0,0.068966,0,0,0.10345,0,0.034483,0.034483,0.034483,0,0.034483
0.055556,0.055556,0,0,0.055556,0,0,0.055556,0,0,0,0,0,0,0,0,0,0.055556,0,0.11111,0,0,0,0,0,0.055556,0.055556,0,0,0,0,0.055556,0,0,0,0,0,0,0,0,0,0,0,0,0,0,0,0.055556,0,0.055556,0,0,0,0,0,0.055556,0.055556,0,0,0,0.11111,0,0.055556,0.055556
0,0,0,0.083333,0,0,0,0,0.083333,0,0,0,0,0.083333,0,0,0.083333,0,0.083333,0,0,0,0,0,0.083333,0,0.083333,0,0,0,0,0.083333,0,0,0,0,0,0,0.083333,0,0,0,0,0,0,0,0,0,0,0,0.083333,0,0,0,0,0,0,0.083333,0,0,0.083333,0,0,0
0,0,0,0.052632,0,0,0.052632,0,0,0,0,0,0,0,0,0,0.052632,0,0,0,0,0,0,0,0,0,0,0,0,0,0,0,0,0,0,0,0,0,0,0,0,0.052632,0.052632,0.052632,0,0,0.15789,0.052632,0,0,0,0,0,0,0,0,0.052632,0.052632,0.052632,0,0.10526,0.052632,0,0.15789
0.044776,0.044776,0,0.044776,0,0.044776,0.029851,0.014925,0.014925,0,0,0,0.014925,0.044776,0,0.014925,0.029851,0.014925,0.014925,0,0,0,0.029851,0,0.059701,0.029851,0.044776,0,0.014925,0,0,0.014925,0,0.044776,0,0.014925,0.014925,0,0,0,0,0.029851,0,0.014925,0,0,0.044776,0.014925,0,0.029851,0,0.029851,0.014925,0,0,0,0.014925,0.014925,0.014925,0,0.059701,0,0.059701,0.014925
0.11765,0.058824,0,0.058824,0.11765,0,0,0,0,0,0,0,0,0,0,0,0,0,0.058824,0.058824,0.058824,0,0,0.058824,0.058824,0,0,0,0,0.058824,0.058824,0,0,0,0,0,0,0,0,0,0,0,0,0,0,0,0,0,0,0,0,0,0.058824,0.058824,0,0,0,0,0,0,0,0,0,0.11765
0.05,0,0,0,0,0,0,0,0,0,0,0,0,0,0,0.05,0.05,0,0,0,0,0,0,0.05,0.1,0,0,0,0.05,0,0.05,0,0,0,0,0,0,0.05,0,0.05,0,0.05,0,0,0.05,0,0.05,0.05,0.05,0.05,0.05,0,0,0,0.1,0,0,0,0,0,0,0,0,0.05
0.1875,0,0,0,0.0625,0,0,0,0,0,0,0,0.125,0,0,0,0,0,0,0,0,0,0,0,0.0625,0,0,0,0,0.0625,0,0,0,0,0,0,0.0625,0,0,0,0,0,0,0,0,0,0,0,0.0625,0,0.0625,0,0,0,0,0,0.0625,0,0,0.0625,0.0625,0.0625,0,0.0625
0.058824,0,0,0.058824,0,0,0,0,0,0,0,0.058824,0.058824,0,0,0.058824,0,0,0,0,0.058824,0,0,0,0.058824,0,0,0,0,0,0,0,0,0,0,0,0.058824,0,0,0,0,0,0,0,0.11765,0,0,0,0.058824,0.11765,0,0,0,0,0,0,0.058824,0,0,0,0.11765,0,0,0.058824
0.058824,0,0,0,0,0,0,0,0,0,0,0,0.11765,0,0,0.11765,0,0,0,0,0,0,0,0,0,0,0,0,0,0,0,0.058824,0,0,0,0,0,0,0,0.11765,0,0,0,0,0,0,0,0,0.058824,0,0.058824,0.11765,0.058824,0,0,0,0,0,0,0.11765,0,0,0.058824,0.058824
0,0,0.076923,0,0.076923,0,0,0,0.076923,0,0,0,0,0,0.076923,0.23077,0,0,0,0,0,0,0,0,0.076923,0.076923,0,0,0,0.076923,0,0,0,0,0,0,0,0,0,0,0,0,0,0,0,0,0,0,0,0,0.076923,0,0,0,0,0,0,0.076923,0,0,0,0,0.076923,0
0.13636,0.045455,0.045455,0,0,0,0,0,0,0,0,0,0.13636,0,0,0.090909,0.045455,0,0.045455,0,0.045455,0,0,0,0,0,0.045455,0,0,0,0,0,0,0,0,0,0,0,0,0,0.090909,0,0,0,0,0,0,0,0,0.045455,0.045455,0.045455,0,0,0,0,0,0,0,0,0.090909,0,0,0.045455
0.13333,0.066667,0.066667,0,0.066667,0,0,0.066667,0,0,0,0,0,0,0,0,0,0,0,0,0,0,0,0,0,0,0,0,0,0.066667,0,0,0,0,0,0,0.066667,0.066667,0,0.066667,0,0,0,0,0,0,0,0,0.13333,0,0,0,0.066667,0,0,0,0,0,0,0.066667,0.066667,0,0,0
0.076923,0.076923,0.076923,0,0,0,0,0,0,0,0,0,0,0,0.076923,0,0.15385,0.076923,0,0.076923,0,0,0,0,0,0,0,0,0,0,0,0.076923,0,0,0,0.076923,0,0,0,0,0,0,0,0,0,0.076923,0,0,0.076923,0,0,0,0,0,0,0.076923,0,0,0,0,0,0,0,0
0.083333,0,0,0,0.083333,0,0,0,0,0,0,0.083333,0,0,0.083333,0.083333,0.083333,0,0,0,0,0,0,0,0,0.083333,0,0,0,0,0,0,0,0,0,0,0,0,0,0,0.083333,0,0,0,0,0,0,0,0.083333,0,0,0,0,0,0,0,0,0,0.083333,0,0,0,0,0.16667
0.076923,0.15385,0,0,0.076923,0,0,0.15385,0,0,0,0,0,0,0,0,0.076923,0,0,0,0,0,0,0,0,0,0,0.076923,0,0,0,0,0,0,0,0,0,0,0,0,0,0.076923,0,0,0.076923,0,0.076923,0,0,0,0,0,0,0,0.076923,0,0,0,0.076923,0,0,0,0,0
0.066667,0,0.033333,0.033333,0,0,0,0,0.1,0,0,0,0,0.033333,0.066667,0.033333,0.033333,0,0,0,0,0,0.066667,0,0.033333,0,0,0,0,0.033333,0,0,0.033333,0.066667,0,0,0,0.033333,0,0,0,0,0,0,0,0,0,0,0.033333,0,0,0,0,0,0.033333,0,0.033333,0.1,0,0,0,0,0.1,0.033333
0.018519,0.037037,0.018519,0,0,0.018519,0.037037,0,0,0.074074,0.018519,0.018519,0,0,0,0.055556,0.074074,0,0,0,0.018519,0.018519,0.018519,0.018519,0.055556,0.037037,0.018519,0,0,0,0.018519,0,0.037037,0.037037,0.018519,0,0.037037,0,0.055556,0.055556,0,0.018519,0.018519,0.018519,0,0.018519,0,0.018519,0.018519,0,0,0,0,0,0.037037,0,0,0,0,0,0,0.037037,0,0
0.11111,0.055556,0,0,0,0,0.055556,0,0,0.055556,0,0,0,0,0,0,0,0.055556,0,0,0,0.055556,0,0,0.055556,0,0,0,0,0,0,0,0.11111,0.055556,0.11111,0,0.055556,0,0,0,0.055556,0,0,0,0,0,0.055556,0,0,0,0,0,0,0,0,0,0.055556,0,0,0.055556,0,0,0,0
0.041667,0.041667,0,0.041667,0,0,0,0,0,0,0,0,0.041667,0.041667,0,0.083333,0,0.083333,0.041667,0,0,0,0.041667,0,0.041667,0.041667,0,0,0,0,0,0,0,0,0,0.041667,0,0,0.041667,0.041667,0,0,0,0.041667,0,0,0,0,0.083333,0.041667,0.041667,0,0.041667,0,0.041667,0,0,0,0,0,0.041667,0,0,0
0.090909,0,0,0,0,0,0,0,0,0,0,0,0,0.090909,0,0.090909,0,0,0,0,0,0,0,0,0.090909,0,0,0,0,0,0,0,0,0,0,0,0,0,0,0.090909,0,0,0,0,0,0,0.090909,0,0,0.090909,0,0,0.090909,0,0.18182,0,0,0,0,0,0,0,0.090909,0
0,0,0,0.083333,0,0,0,0,0.083333,0,0,0,0.083333,0,0,0,0,0,0.083333,0,0,0,0,0,0.083333,0,0,0,0,0,0.083333,0,0,0,0.083333,0,0,0,0,0,0,0,0,0,0,0,0,0,0,0,0,0,0,0,0,0,0,0,0,0.083333,0.083333,0,0.25,0
0,0.1,0,0,0,0,0,0,0,0,0,0,0,0,0,0.1,0,0.1,0,0,0,0.1,0,0,0,0,0,0,0,0,0,0.1,0,0,0,0,0.1,0,0.1,0,0,0,0,0.1,0,0,0,0,0,0,0,0.1,0,0,0,0,0,0,0,0,0,0.1,0,0
0,0.058824,0,0,0.058824,0.058824,0,0,0,0,0,0,0,0,0,0,0,0,0.058824,0,0,0.058824,0,0,0,0.058824,0.058824,0.058824,0,0,0,0,0,0,0,0,0,0,0.058824,0,0,0,0,0,0,0,0.11765,0,0,0,0,0,0,0,0,0,0.17647,0.058824,0,0.058824,0,0,0.058824,0
0,0,0,0.038462,0,0,0,0,0,0.076923,0.038462,0.038462,0,0,0,0,0.038462,0,0.038462,0,0.076923,0,0,0,0.038462,0,0,0,0.038462,0,0,0,0.038462,0.038462,0.076923,0.076923,0,0,0,0.038462,0,0.038462,0,0,0,0,0.038462,0,0,0,0,0,0.038462,0.076923,0,0,0,0.038462,0.038462,0.038462,0,0,0,0
0.037736,0.018868,0,0,0.037736,0,0,0.037736,0,0,0,0.018868,0.037736,0,0.018868,0,0.018868,0.037736,0,0,0.11321,0.037736,0,0,0,0,0,0,0.018868,0,0.018868,0,0.037736,0.018868,0.018868,0.037736,0,0,0,0.018868,0.018868,0.037736,0,0.037736,0,0.018868,0.018868,0.018868,0.018868,0,0.018868,0,0,0.018868,0,0.037736,0.018868,0,0.056604,0,0.037736,0.056604,0,0
0.027778,0.027778,0.027778,0,0,0.027778,0,0,0.027778,0,0,0,0,0.027778,0.055556,0,0.027778,0,0.055556,0.027778,0,0,0,0,0,0.027778,0.027778,0,0,0.055556,0.055556,0,0,0,0,0.027778,0.027778,0,0,0.027778,0.055556,0,0,0,0,0,0.027778,0,0,0,0,0,0.027778,0.055556,0,0,0.027778,0,0.055556,0.027778,0.027778,0.027778,0.055556,0.027778
0,0,0,0,0,0,0.066667,0,0,0,0,0,0,0,0,0.066667,0.066667,0,0.066667,0.066667,0,0,0,0.066667,0,0,0,0,0,0,0,0,0,0,0,0,0,0.13333,0,0,0.066667,0,0,0,0,0,0,0,0.13333,0,0,0,0,0,0,0.066667,0,0,0,0,0.066667,0.066667,0,0.066667
0.02381,0,0.071429,0,0.02381,0,0.02381,0,0,0,0,0,0,0.02381,0,0,0,0,0.02381,0,0,0.02381,0.047619,0,0.071429,0.02381,0,0.02381,0,0.047619,0.047619,0,0.02381,0,0.047619,0,0.02381,0.047619,0.02381,0,0,0.047619,0,0,0,0,0,0,0.047619,0,0.047619,0.047619,0,0,0,0,0.02381,0.02381,0.047619,0,0.047619,0,0,0.02381
0.0625,0,0,0,0.0625,0.0625,0.0625,0,0.0625,0,0,0,0,0,0,0,0.0625,0.0625,0,0,0.125,0,0,0,0,0,0,0,0,0,0,0,0,0.125,0.0625,0,0,0,0.0625,0,0,0,0,0,0,0,0.0625,0,0,0,0.125,0,0,0,0,0,0,0,0,0,0,0,0,0
0,0,0,0,0,0.0625,0,0,0,0,0,0.125,0,0,0,0,0.0625,0,0.0625,0,0.125,0,0,0,0,0,0,0,0,0,0,0,0,0,0.0625,0,0.0625,0,0.0625,0,0,0,0,0,0.0625,0,0.0625,0,0,0,0.0625,0,0,0,0,0,0.0625,0.125,0,0,0,0,0,0
0,0,0.1,0,0,0.1,0,0,0.1,0,0,0,0,0.1,0,0,0,0.1,0,0,0,0,0,0,0,0,0,0,0,0,0,0,0.1,0,0,0,0.1,0.1,0,0,0,0.1,0,0,0,0,0,0,0,0,0,0,0,0,0.1,0,0,0,0,0,0,0,0,0
0,0,0,0,0,0,0,0.028571,0,0,0,0,0,0,0,0.028571,0,0.057143,0,0,0.057143,0,0,0.028571,0,0,0,0,0,0.17143,0.085714,0.028571,0,0,0.028571,0,0.028571,0.028571,0.028571,0.057143,0,0,0.028571,0,0.028571,0.028571,0.057143,0,0,0,0,0.057143,0,0,0.028571,0.028571,0,0,0.028571,0,0,0,0.057143,0
0,0,0.05,0.05,0,0.05,0,0,0.05,0,0,0,0,0.05,0,0.05,0,0,0,0,0,0,0.05,0,0,0,0,0,0,0,0.05,0,0,0,0,0,0,0.05,0,0.05,0,0,0,0,0.05,0,0,0,0.05,0,0,0.05,0.05,0,0,0,0,0,0,0,0.15,0.05,0.05,0.05
0.11111,0,0,0,0,0,0.11111,0,0,0.11111,0,0.11111,0,0,0,0,0,0,0,0,0,0,0,0,0,0,0,0,0.11111,0,0,0,0,0,0,0,0,0,0.11111,0,0,0,0,0,0,0,0,0,0,0,0.11111,0,0,0,0.11111,0,0,0,0,0,0,0,0.11111,0
0,0.055556,0,0.11111,0,0,0,0,0,0.055556,0,0,0,0,0,0.055556,0.055556,0,0,0,0.11111,0,0,0,0,0,0.055556,0,0,0,0,0,0.055556,0,0,0,0,0,0,0.055556,0,0,0,0,0,0.055556,0,0,0,0,0,0,0.055556,0,0,0,0,0.055556,0,0,0.11111,0.055556,0,0.055556
0,0,0,0,0,0,0,0,0,0,0,0,0,0.1,0,0,0,0.1,0.1,0,0.1,0,0,0,0,0.1,0.1,0,0,0,0,0,0.1,0,0,0,0,0,0,0,0,0,0,0.1,0,0,0,0,0,0,0,0,0,0,0,0,0,0.1,0,0,0,0,0,0.1
0.090909,0,0,0,0,0,0,0,0,0,0,0,0,0,0,0.18182,0,0,0,0,0,0,0,0,0,0,0,0,0,0,0.090909,0,0,0,0,0,0.18182,0,0,0,0,0,0,0,0,0.090909,0.090909,0,0,0.090909,0,0,0,0,0,0.090909,0,0,0,0,0.090909,0,0,0
0,0,0,0,0.1,0,0,0,0.1,0,0,0.1,0,0,0,0,0.1,0,0.1,0,0,0,0,0,0,0,0,0,0,0,0,0.1,0,0,0,0,0,0,0,0,0,0,0,0,0,0.1,0,0,0,0,0,0,0,0.1,0,0,0.1,0,0,0,0,0,0.1,0
0,0,0,0,0,0.066667,0,0,0,0,0,0.066667,0,0,0,0,0,0,0,0,0.066667,0,0,0.066667,0,0.066667,0.13333,0,0,0,0.066667,0,0,0.066667,0.066667,0,0,0.066667,0.066667,0,0,0,0,0,0,0,0,0.066667,0,0,0,0,0,0,0,0,0,0,0,0,0.066667,0.066667,0,0
0,0.033333,0.033333,0.033333,0.066667,0.066667,0,0,0,0,0,0.033333,0,0,0.033333,0.033333,0,0,0,0.033333,0,0.033333,0,0,0,0,0,0,0,0,0,0,0,0,0.033333,0,0.033333,0,0,0,0.033333,0,0,0,0.066667,0,0.033333,0,0,0.033333,0.033333,0.1,0,0,0,0,0.033333,0,0,0.033333,0.033333,0.066667,0,0.066667
0,0,0,0,0.041667,0,0,0.041667,0,0,0,0,0.041667,0,0.041667,0.041667,0,0,0,0.041667,0,0,0,0,0,0.041667,0,0,0.041667,0,0,0.041667,0,0,0,0.041667,0.041667,0,0,0,0,0,0,0,0.041667,0,0.041667,0,0.125,0.041667,0.041667,0.041667,0.041667,0,0,0.041667,0,0,0,0,0,0.083333,0.041667,0
0,0,0.090909,0,0,0,0,0,0,0,0,0,0,0,0,0.18182,0.090909,0,0,0,0,0,0,0,0,0,0,0,0,0,0,0,0,0,0,0,0.18182,0,0,0,0,0,0,0,0,0,0,0,0,0,0,0,0.090909,0,0,0,0,0,0,0,0.090909,0.18182,0,0.090909
0.030303,0.030303,0,0,0.030303,0.060606,0,0.030303,0,0,0,0,0.030303,0.030303,0.060606,0.030303,0,0,0,0,0.090909,0,0,0,0.030303,0.030303,0,0.030303,0,0,0,0,0.030303,0,0,0.030303,0.030303,0,0,0,0,0,0,0,0.030303,0.030303,0.030303,0,0.030303,0,0,0,0.030303,0,0,0,0,0,0,0,0.060606,0.030303,0.090909,0.060606
0,0.018182,0.036364,0.018182,0.018182,0.018182,0.018182,0,0,0,0.018182,0,0,0.036364,0.036364,0,0.018182,0.072727,0,0,0.036364,0,0,0.018182,0.036364,0,0.018182,0.018182,0.018182,0.018182,0,0,0,0.036364,0,0.018182,0.018182,0.018182,0,0.036364,0.036364,0.036364,0,0,0,0,0.018182,0,0,0,0.018182,0.018182,0,0.036364,0.018182,0.018182,0,0.036364,0.036364,0.018182,0.018182,0.036364,0.036364,0.018182
0.068182,0.022727,0,0,0.022727,0,0,0,0,0,0.022727,0,0,0,0.022727,0.068182,0,0.068182,0.022727,0.022727,0.022727,0,0.022727,0.022727,0.022727,0,0.022727,0,0,0,0,0.045455,0,0.022727,0,0,0.022727,0,0,0,0,0,0,0.022727,0,0,0.022727,0.068182,0.068182,0,0,0.022727,0.022727,0.022727,0,0,0,0.068182,0,0,0.068182,0,0.045455,0.022727
0.052632,0.052632,0.026316,0.026316,0.052632,0,0.026316,0,0,0.026316,0,0,0.052632,0,0,0.052632,0.052632,0.052632,0,0,0,0,0,0,0,0.052632,0,0,0.026316,0,0,0.026316,0,0,0,0.026316,0,0,0,0,0,0,0,0.026316,0,0.026316,0,0.026316,0,0.052632,0,0.052632,0.052632,0,0,0,0.026316,0,0,0,0.026316,0.026316,0.026316,0.052632
0.054054,0.027027,0,0,0.027027,0.027027,0,0.054054,0,0,0.027027,0,0,0,0.027027,0,0.081081,0.027027,0,0,0.054054,0,0,0.027027,0,0.027027,0,0,0.027027,0.10811,0,0,0.081081,0,0,0,0.027027,0,0,0,0,0,0,0,0.027027,0,0,0,0.027027,0,0,0.027027,0,0.027027,0,0.10811,0,0,0,0,0,0.027027,0,0.054054
0,0.055556,0,0.055556,0,0,0,0,0,0,0,0,0.055556,0,0,0.055556,0,0,0,0,0,0,0,0,0,0,0.055556,0,0,0.27778,0,0.055556,0,0,0,0,0,0.055556,0,0.055556,0,0,0,0,0,0,0,0,0,0,0,0,0,0,0,0.22222,0,0.055556,0,0,0,0,0,0
0,0,0,0.071429,0,0,0,0,0,0,0,0,0.071429,0.071429,0,0,0,0,0,0.071429,0,0,0,0,0,0,0,0,0,0,0,0.071429,0,0,0,0,0,0,0,0,0,0,0,0.071429,0,0,0,0,0.071429,0,0.071429,0,0.071429,0,0.071429,0,0,0,0,0,0.071429,0.14286,0,0.071429
0.11538,0.038462,0,0.038462,0,0.038462,0,0,0,0,0,0,0.076923,0,0,0.076923,0,0,0,0,0,0,0,0.038462,0,0,0.038462,0,0,0,0,0,0,0,0,0,0.038462,0,0,0,0,0,0,0,0,0,0.076923,0,0,0,0.038462,0.038462,0,0,0,0,0,0.038462,0,0.038462,0.076923,0,0,0.19231
0,0,0,0,0.0625,0,0,0,0,0,0,0,0.0625,0,0,0,0,0,0,0,0,0,0,0,0,0,0,0,0.0625,0,0,0,0.0625,0,0,0.0625,0.0625,0,0,0,0,0.0625,0,0,0,0.0625,0.0625,0,0,0,0,0.0625,0.0625,0,0.0625,0,0.0625,0.0625,0,0,0,0.0625,0,0.0625
0,0.090909,0.18182,0,0,0,0,0,0,0,0,0,0,0,0,0,0,0,0,0,0,0,0,0.090909,0,0,0,0,0,0,0,0,0,0,0,0,0.090909,0,0,0,0,0,0,0,0,0,0.27273,0,0,0,0,0,0,0,0.090909,0,0.090909,0.090909,0,0,0,0,0,0
0,0,0,0,0,0,0,0,0,0,0,0.18182,0,0,0,0,0,0.090909,0,0,0,0.090909,0,0,0,0,0,0,0,0,0,0,0,0,0,0,0,0,0,0,0.090909,0,0,0,0,0,0.090909,0.090909,0,0,0.090909,0,0,0,0,0,0,0,0,0,0,0,0,0.27273
0.090909,0,0,0,0,0,0,0,0,0.090909,0,0,0,0,0,0,0,0,0,0,0.090909,0,0,0,0,0,0,0.090909,0,0,0,0,0,0,0,0,0,0,0,0.090909,0,0,0.090909,0,0,0,0,0,0.090909,0,0,0,0,0.090909,0,0,0,0.090909,0,0,0,0,0.090909,0.090909
0,0,0.066667,0,0,0,0,0,0,0,0,0,0,0,0,0.066667,0,0,0,0,0,0,0.13333,0,0.066667,0,0,0,0,0,0.066667,0,0,0,0,0,0.066667,0.066667,0,0.066667,0,0,0,0,0,0.13333,0,0,0,0,0,0,0.066667,0,0,0,0,0.066667,0,0,0,0,0.13333,0
0,0,0,0.0625,0,0,0,0,0,0,0,0.0625,0,0,0,0,0,0,0,0,0,0.0625,0,0.0625,0,0,0,0,0,0,0,0,0,0,0,0,0,0,0.0625,0.125,0,0,0,0,0,0.0625,0,0.0625,0,0,0,0,0.125,0.0625,0,0,0.0625,0,0,0,0,0.125,0,0.0625
0,0,0,0,0,0,0.125,0,0,0,0,0,0,0,0,0,0,0,0,0.125,0,0,0,0,0,0,0,0.125,0,0,0,0,0,0,0,0,0,0,0,0,0,0,0,0,0,0,0.125,0,0,0,0,0,0,0,0,0,0.125,0.125,0,0,0.125,0,0.125,0
0,0,0,0,0,0,0,0,0,0,0,0.034483,0,0.034483,0.034483,0.034483,0.034483,0,0.034483,0,0,0.034483,0,0.034483,0,0,0.068966,0,0,0,0,0.068966,0,0,0.034483,0,0,0.034483,0,0,0,0.034483,0.034483,0,0,0.034483,0,0,0,0.034483,0.034483,0.034483,0.034483,0,0,0,0.034483,0.034483,0.034483,0,0,0.034483,0.068966,0.068966
0,0,0,0,0,0,0,0,0,0,0,0,0,0.071429,0,0.071429,0.071429,0,0.14286,0.071429,0,0,0,0,0,0,0.14286,0,0,0.071429,0,0.071429,0,0,0,0,0,0,0,0,0,0,0,0,0,0,0,0,0,0,0,0,0.071429,0,0,0,0,0.071429,0.14286,0,0,0,0,0
0,0,0.13333,0,0.066667,0,0,0,0.066667,0,0,0,0,0,0,0.13333,0,0,0,0,0.066667,0,0,0,0,0,0,0,0,0,0.066667,0,0,0,0,0,0.066667,0,0,0,0,0.066667,0,0,0,0,0.066667,0,0,0,0,0,0,0,0.13333,0,0,0,0,0,0,0.066667,0.066667,0
0.058824,0.029412,0.029412,0.029412,0.029412,0,0.029412,0,0,0.088235,0,0.029412,0.029412,0.088235,0,0,0.058824,0,0.029412,0,0.029412,0,0,0,0,0,0.029412,0,0,0,0,0,0,0,0.029412,0,0,0.029412,0.029412,0.029412,0,0.088235,0,0,0,0.058824,0,0,0.029412,0,0,0,0,0,0,0,0.029412,0,0.029412,0,0,0,0.029412,0.029412
0.13333,0.066667,0,0,0,0,0,0,0,0,0,0,0.066667,0,0,0,0.066667,0,0.066667,0,0,0,0,0,0,0,0,0,0,0,0,0.066667,0,0,0.066667,0,0,0.066667,0.066667,0,0,0,0,0,0,0,0.066667,0,0,0,0,0.066667,0,0,0,0,0,0,0,0,0.066667,0,0.066667,0.066667
0.066667,0,0.033333,0.033333,0,0,0,0.033333,0,0,0.033333,0,0.066667,0,0.033333,0.033333,0,0,0.033333,0.033333,0,0,0,0,0,0,0.033333,0,0,0,0.033333,0,0.1,0,0,0,0,0,0.033333,0,0,0,0,0,0,0,0.033333,0,0.033333,0.033333,0,0,0,0,0.033333,0.066667,0.066667,0,0,0,0,0.066667,0.033333,0.033333
0.033333,0,0,0.033333,0,0,0,0,0.066667,0.1,0,0,0.033333,0,0,0.033333,0.033333,0,0.033333,0,0,0,0,0,0,0,0.066667,0,0.033333,0.066667,0,0,0.033333,0,0.033333,0.033333,0,0,0.066667,0,0,0,0.033333,0,0,0,0,0,0.066667,0,0.033333,0,0,0,0,0,0.033333,0,0.033333,0,0,0.033333,0,0.066667
0,0,0.029412,0,0,0.029412,0,0,0.029412,0.058824,0,0,0,0.029412,0.029412,0.058824,0.029412,0,0,0,0.058824,0,0,0,0.029412,0,0,0,0.029412,0,0.029412,0,0.029412,0,0,0.029412,0,0,0,0,0.029412,0,0,0,0.029412,0,0.029412,0.029412,0.058824,0,0,0,0,0.029412,0.029412,0,0.058824,0.029412,0.029412,0.058824,0,0.029412,0.029412,0.029412
0,0,0,0,0,0,0,0,0,0,0,0,0,0,0,0,0,0,0,0,0.090909,0,0,0,0.090909,0,0,0.090909,0,0,0,0,0,0,0,0,0,0.090909,0,0,0,0,0,0,0,0,0,0.090909,0,0,0,0,0.090909,0,0,0,0.090909,0,0,0,0,0,0.27273,0.090909
0,0,0,0.0625,0,0,0,0,0,0,0,0,0,0.0625,0,0,0,0,0.125,0,0.0625,0.0625,0,0.0625,0,0.0625,0,0,0,0,0,0,0.0625,0,0.0625,0,0.0625,0,0,0,0,0,0.0625,0,0.0625,0,0.0625,0,0,0,0,0,0,0,0,0,0.0625,0.0625,0,0,0,0,0,0
0.125,0,0.0625,0,0,0.125,0,0,0,0,0,0,0,0,0,0,0,0,0,0,0,0.0625,0,0.0625,0,0,0,0.0625,0,0,0,0.0625,0,0,0,0,0,0,0,0,0,0,0,0,0,0,0,0,0,0,0,0,0,0.125,0.0625,0,0.0625,0.125,0,0,0.0625,0,0,0
0,0.043478,0.043478,0,0.043478,0,0,0,0,0.043478,0,0,0,0,0,0,0,0,0.043478,0.043478,0.043478,0.043478,0,0,0.043478,0.086957,0.043478,0,0,0,0,0.043478,0,0,0,0,0,0,0,0,0,0.043478,0.043478,0.043478,0,0,0.043478,0,0.086957,0,0,0.043478,0,0,0,0,0.043478,0.043478,0,0,0,0.043478,0,0
0,0,0,0.058824,0,0,0,0,0.058824,0,0,0,0,0,0.058824,0,0,0,0.058824,0,0,0,0,0,0,0,0.058824,0,0,0,0,0,0,0,0,0,0,0,0,0,0.11765,0,0,0,0,0,0.058824,0,0,0,0,0,0,0,0.17647,0,0.058824,0.17647,0,0,0,0,0.11765,0
0.09375,0,0,0,0,0,0,0,0.03125,0,0,0.03125,0,0.0625,0,0.03125,0.09375,0.03125,0,0,0,0,0.09375,0,0,0.03125,0,0,0,0,0,0,0.03125,0.03125,0,0.03125,0.09375,0.03125,0.03125,0,0.03125,0,0,0,0.03125,0,0,0,0,0,0.03125,0,0,0.03125,0,0,0,0.0625,0,0,0,0.03125,0,0.03125
0.064516,0.032258,0.096774,0.032258,0.032258,0,0.032258,0.032258,0,0.032258,0,0,0.032258,0,0,0,0.032258,0.032258,0,0,0.096774,0,0,0,0,0.064516,0,0,0.032258,0,0.032258,0,0.032258,0,0,0,0,0.064516,0.032258,0,0,0,0,0,0,0.032258,0,0,0.032258,0.032258,0,0,0,0,0,0,0.032258,0.032258,0,0,0,0.032258,0,0
0.083333,0.16667,0,0,0,0,0.083333,0,0,0,0,0,0,0,0,0,0.083333,0,0,0,0.083333,0,0,0,0,0,0,0,0,0,0,0,0,0,0,0,0,0,0,0,0,0,0,0,0,0.16667,0,0.083333,0,0.083333,0.083333,0,0,0,0,0,0,0.083333,0,0,0,0,0,0
0,0.04,0,0.08,0,0,0,0,0,0,0,0.04,0,0,0,0,0.04,0,0,0,0,0,0,0,0,0,0.04,0,0,0,0,0,0,0,0,0,0.08,0.12,0,0,0,0,0,0,0,0,0.08,0,0.04,0,0,0.12,0,0,0.08,0,0,0,0,0.08,0.08,0,0.04,0.04
0.0625,0,0.0625,0.03125,0.03125,0,0,0,0.03125,0,0,0,0.0625,0.03125,0.03125,0,0.09375,0,0.03125,0,0,0,0.03125,0.03125,0,0,0,0,0,0,0.09375,0,0.03125,0.03125,0,0,0.03125,0.03125,0.03125,0.03125,0,0,0.03125,0,0,0,0.03125,0,0,0.03125,0,0,0,0,0,0,0.03125,0.03125,0,0,0,0,0.03125,0
0.076923,0,0,0,0.15385,0,0,0.15385,0,0,0,0,0,0.076923,0,0,0,0,0,0,0,0.076923,0,0,0,0,0.076923,0,0,0,0,0,0,0,0,0,0,0,0,0,0,0.076923,0,0,0,0,0,0,0.076923,0,0,0,0,0,0,0.15385,0,0,0.076923,0,0,0,0,0
0.020833,0,0.020833,0,0.020833,0,0,0.020833,0,0.041667,0.041667,0.020833,0,0,0,0,0.020833,0,0,0,0.0625,0,0.041667,0,0,0,0,0.041667,0.041667,0,0.020833,0,0.020833,0.020833,0,0,0.0625,0.020833,0,0.020833,0.0625,0.020833,0,0.020833,0,0.020833,0.020833,0,0,0.020833,0,0,0.020833,0.0625,0,0.020833,0.083333,0.041667,0,0,0,0.020833,0.020833,0
0,0,0,0,0.076923,0,0,0,0,0,0,0,0,0,0,0,0.23077,0,0,0,0.076923,0,0.076923,0,0,0,0,0,0,0,0,0,0,0,0,0,0.076923,0.076923,0.076923,0,0.076923,0,0,0,0,0,0,0,0,0,0,0,0,0,0,0,0.076923,0.076923,0.076923,0,0,0,0,0
0,0,0.045455,0,0.045455,0,0,0,0,0,0,0,0,0,0,0,0.045455,0,0,0,0,0,0.045455,0.045455,0,0.045455,0.090909,0.045455,0,0,0.045455,0.045455,0,0,0,0,0,0,0.045455,0,0.045455,0,0.045455,0,0,0,0.045455,0.090909,0,0,0,0,0.045455,0.045455,0,0,0,0,0,0.045455,0,0,0,0.090909
0,0,0.083333,0,0,0,0,0,0,0.083333,0.083333,0,0,0,0,0,0,0,0.083333,0,0,0,0,0,0.083333,0,0,0,0,0,0,0,0,0,0,0,0.083333,0.083333,0.083333,0,0,0,0.083333,0,0,0,0,0,0.083333,0,0.083333,0,0,0,0,0,0,0,0,0.083333,0,0,0,0
0,0,0,0,0,0,0,0,0,0,0,0.055556,0,0,0,0,0,0,0,0,0,0,0,0.11111,0,0,0,0.055556,0,0,0,0,0,0,0,0,0,0.055556,0,0,0,0,0.055556,0,0,0,0.11111,0,0.055556,0,0,0.055556,0,0,0.055556,0,0,0.16667,0,0.11111,0,0,0.055556,0.055556
0.11111,0.055556,0,0.055556,0.11111,0,0,0,0,0.055556,0,0,0,0.055556,0.055556,0,0,0,0,0,0,0,0,0,0,0,0.055556,0,0,0,0.055556,0,0.055556,0.055556,0,0,0.11111,0,0,0,0,0,0,0,0,0,0,0,0.055556,0,0,0,0.055556,0,0,0,0,0,0,0.055556,0,0,0,0
0,0,0,0,0.11765,0,0,0,0,0,0,0.11765,0.058824,0,0,0.058824,0,0,0,0,0,0,0,0,0,0,0,0,0,0,0,0,0,0,0,0,0.058824,0,0,0,0,0.058824,0,0,0,0.058824,0,0.058824,0,0,0.058824,0,0.058824,0.058824,0.11765,0,0,0,0,0,0,0,0.058824,0.058824
0.10526,0.052632,0,0,0.052632,0,0,0,0.10526,0,0,0.052632,0,0.052632,0,0,0,0.052632,0,0,0,0,0,0,0,0,0,0,0.052632,0,0,0,0.052632,0,0,0.052632,0,0,0,0,0,0,0,0,0,0,0,0,0.052632,0,0.052632,0,0,0.052632,0,0,0.052632,0,0,0.052632,0.052632,0,0.052632,0
0,0,0,0,0,0,0.10526,0,0,0,0,0,0,0,0,0,0,0.052632,0.052632,0,0,0,0,0,0,0.052632,0,0,0,0,0.10526,0,0,0.052632,0,0,0,0,0,0,0,0.052632,0.052632,0,0,0,0.10526,0,0,0,0.052632,0.052632,0,0,0,0,0.052632,0,0.10526,0.052632,0,0.052632,0,0
0.096774,0,0,0.032258,0,0,0.032258,0,0,0,0,0.032258,0,0.032258,0,0,0.032258,0,0.096774,0,0.064516,0.032258,0,0,0.032258,0,0,0.032258,0,0,0,0,0,0,0,0,0,0,0.032258,0.064516,0.032258,0,0,0,0.032258,0.032258,0.032258,0,0,0,0,0,0,0,0.064516,0.032258,0,0.032258,0,0,0.096774,0,0,0.032258
0.125,0,0,0.0625,0,0,0,0,0,0.0625,0,0,0,0,0.125,0,0.125,0,0,0,0,0.0625,0,0,0,0,0,0,0.0625,0,0,0,0,0,0,0,0.0625,0,0,0,0,0,0,0,0,0,0.125,0,0.0625,0,0,0,0,0,0,0,0,0,0.0625,0,0,0,0.0625,0
0.05,0.025,0.05,0.025,0.05,0,0,0,0,0,0,0,0.025,0.025,0.025,0.025,0.05,0,0.025,0,0,0,0,0,0,0.025,0.025,0.025,0.025,0,0,0.025,0,0,0.025,0,0,0,0.025,0,0,0,0,0,0,0,0.1,0,0.05,0,0,0.025,0.025,0,0,0,0.025,0.025,0,0.05,0,0.025,0,0.125
0,0,0,0,0.066667,0,0,0.066667,0,0,0,0,0.066667,0,0.066667,0,0,0,0.066667,0,0.26667,0,0,0.066667,0,0.13333,0,0,0,0,0,0,0,0.066667,0,0,0,0,0,0,0,0,0,0,0,0.066667,0,0,0,0,0,0,0,0,0,0,0,0,0.066667,0,0,0,0,0
0,0.066667,0,0,0.13333,0,0,0,0.066667,0,0,0,0,0,0,0,0.066667,0,0,0,0,0,0.066667,0,0.066667,0,0,0,0,0,0,0.066667,0,0,0,0,0,0,0,0,0,0,0,0,0,0,0,0,0,0.066667,0,0.066667,0,0.066667,0,0.066667,0,0,0,0,0.066667,0,0,0.13333
0,0,0,0,0,0,0,0,0,0,0.125,0,0,0,0,0,0,0,0,0,0,0,0,0,0,0,0,0.125,0,0,0,0,0.125,0,0,0,0,0,0,0,0,0,0,0,0.125,0,0,0,0,0,0,0,0,0,0,0,0.125,0,0,0,0,0.125,0,0.25
0.090909,0,0,0,0,0,0,0.090909,0,0,0,0,0,0,0,0,0.090909,0,0,0,0.090909,0,0,0,0,0,0,0,0,0,0,0,0,0,0,0,0,0,0,0,0,0,0.090909,0,0,0,0.090909,0,0,0,0,0,0,0,0.18182,0,0,0,0,0.090909,0,0,0,0.18182
0.16667,0.041667,0.041667,0,0.041667,0,0,0,0.083333,0.041667,0,0,0.083333,0.041667,0,0,0.041667,0,0,0,0.041667,0,0,0,0.041667,0,0,0,0.041667,0,0,0,0,0,0,0,0,0,0,0,0.041667,0.041667,0,0,0,0,0.041667,0,0.041667,0,0,0,0,0,0,0,0,0,0,0.041667,0,0.041667,0.041667,0
0.11111,0,0,0,0,0,0,0,0,0,0,0,0,0,0,0,0,0,0,0,0.11111,0,0,0,0,0,0,0,0.11111,0,0,0,0,0,0,0,0,0,0.11111,0,0,0.11111,0,0,0.11111,0,0,0,0,0,0,0.11111,0,0,0,0,0,0,0,0,0.11111,0,0,0.11111
0.04,0,0,0.08,0.04,0,0,0,0.04,0.12,0.04,0,0,0.04,0.12,0,0.04,0.08,0,0.04,0,0.04,0,0,0,0,0,0,0,0,0,0,0,0,0,0,0,0.04,0.04,0,0,0,0,0,0,0,0,0,0,0,0,0,0,0,0,0,0.04,0,0.04,0,0.08,0,0.04,0
0,0,0,0,0.041667,0,0,0,0,0,0,0,0,0,0.041667,0,0.041667,0,0,0.041667,0,0.041667,0,0,0,0,0.041667,0.041667,0,0,0,0,0.083333,0,0,0.041667,0.083333,0,0,0.083333,0.125,0,0.041667,0,0.041667,0,0,0.041667,0,0,0.041667,0,0,0,0,0,0.041667,0.041667,0.041667,0,0,0,0,0
0.11111,0.055556,0,0,0,0,0.055556,0.055556,0,0,0,0,0,0,0,0,0,0.055556,0.055556,0,0,0,0.055556,0,0,0,0,0,0.055556,0.055556,0,0,0,0,0,0,0,0,0.055556,0,0.055556,0,0,0,0,0,0,0,0.055556,0,0,0.055556,0.055556,0,0.055556,0,0.055556,0,0,0,0,0,0,0.055556
0,0,0,0,0,0,0,0,0.035714,0,0,0.035714,0,0,0,0,0.035714,0,0,0.035714,0,0,0.035714,0.071429,0,0.10714,0,0.10714,0,0,0,0,0,0,0,0.035714,0,0,0,0,0,0.035714,0,0,0,0,0.035714,0,0,0.035714,0,0.035714,0,0.035714,0.035714,0,0,0.071429,0.035714,0.10714,0,0,0.035714,0.035714
0.17241,0.034483,0.034483,0,0,0,0,0.034483,0.034483,0.034483,0,0,0.10345,0,0,0.034483,0,0,0,0,0,0.034483,0,0,0,0.068966,0,0,0,0,0,0,0.034483,0,0.034483,0,0,0,0,0,0.034483,0,0,0.034483,0.068966,0,0.034483,0.034483,0.034483,0,0,0,0,0,0.034483,0.034483,0,0,0,0,0,0,0,0.034483
0.17647,0,0,0,0.058824,0,0,0,0,0,0,0,0.11765,0.058824,0,0,0,0,0,0,0,0,0,0,0,0,0,0,0,0.058824,0,0,0.058824,0,0,0.058824,0,0,0,0,0,0,0,0,0,0.058824,0.058824,0,0.11765,0.11765,0,0,0,0,0,0,0,0,0,0,0,0,0.058824,0
0.035714,0,0.14286,0,0,0,0,0,0.035714,0,0.035714,0,0,0,0.035714,0.035714,0.10714,0,0.035714,0.035714,0.071429,0,0,0.035714,0,0,0,0,0,0,0,0.035714,0.035714,0,0.035714,0,0.035714,0,0,0,0,0,0,0,0,0,0,0,0.035714,0,0.035714,0,0.035714,0,0,0,0,0,0,0,0.035714,0,0.10714,0
0.083333,0,0,0,0.083333,0,0.083333,0.083333,0,0,0,0,0,0,0,0,0,0,0,0,0.083333,0,0,0,0,0,0,0,0,0,0.083333,0,0,0,0,0.083333,0.16667,0,0,0,0,0,0,0,0,0,0,0,0,0.083333,0,0.083333,0,0,0,0,0,0.083333,0,0,0,0,0,0
0,0,0,0,0,0.055556,0.055556,0,0,0,0,0,0,0,0,0.11111,0.055556,0,0.055556,0,0,0,0,0,0,0,0.055556,0,0,0,0.055556,0,0,0,0.055556,0.055556,0.055556,0.055556,0,0,0,0,0.11111,0.055556,0,0,0,0.055556,0.055556,0,0,0,0,0,0,0,0,0,0,0,0,0,0.055556,0
0.10345,0.068966,0.068966,0.034483,0.034483,0,0,0,0.034483,0,0,0,0.068966,0,0.034483,0,0.10345,0,0,0.034483,0,0,0.034483,0,0,0,0,0,0,0,0,0,0,0,0,0,0,0,0,0,0.034483,0.034483,0,0,0.034483,0,0.034483,0,0,0,0,0.034483,0,0,0.034483,0,0.068966,0.068966,0,0,0,0,0.034483,0
0,0,0,0.047619,0.047619,0,0.047619,0.047619,0,0.047619,0,0,0.047619,0.095238,0,0,0,0,0,0.047619,0,0,0,0,0,0.047619,0,0.095238,0,0,0,0,0.047619,0,0,0,0.047619,0.047619,0,0,0.095238,0,0.047619,0,0,0.047619,0,0,0,0.047619,0,0,0,0,0,0,0,0,0,0,0,0.047619,0,0
0,0,0,0,0,0,0.066667,0.066667,0,0.066667,0,0,0,0,0,0,0,0,0,0.066667,0,0,0,0,0,0,0,0,0,0,0,0,0,0,0,0,0.066667,0.066667,0.066667,0,0.066667,0,0,0,0,0,0,0.13333,0.066667,0,0,0,0.066667,0,0.066667,0,0.066667,0,0,0.066667,0,0,0,0
0.071429,0,0,0.071429,0,0,0.071429,0,0,0.071429,0,0,0.071429,0,0.071429,0,0.14286,0,0,0,0,0,0,0,0,0,0,0,0,0,0,0,0.071429,0,0,0,0,0.071429,0,0,0,0,0,0,0,0,0.071429,0,0.071429,0,0.071429,0,0,0,0,0,0,0,0,0,0,0,0.071429,0
0.05,0.05,0,0.15,0.05,0,0.05,0,0,0,0,0,0.05,0,0,0.1,0.05,0,0.05,0,0,0,0,0,0.1,0,0.05,0,0,0,0,0,0,0,0,0,0.1,0.05,0.05,0,0,0,0,0,0,0,0,0,0,0,0,0,0.05,0,0,0,0,0,0,0,0,0,0,0
0,0,0,0.05,0,0,0,0,0,0,0,0,0.05,0,0,0.05,0,0,0,0.05,0.05,0.05,0.05,0,0.05,0,0,0,0,0,0,0,0.05,0,0.05,0.05,0,0,0,0,0,0,0,0,0,0,0,0,0.05,0,0,0,0,0,0.05,0,0,0.05,0,0.1,0.05,0,0,0.15
0.09375,0.03125,0,0,0,0.03125,0,0.03125,0,0,0,0,0,0.03125,0.03125,0,0.0625,0,0.03125,0.03125,0.09375,0,0,0,0,0,0,0,0.0625,0.03125,0,0,0.03125,0.03125,0,0,0,0,0,0.03125,0,0,0,0.03125,0,0,0,0,0.09375,0,0.03125,0,0,0.03125,0.0625,0,0,0,0,0.0625,0,0,0,0.03125
0,0.055556,0,0,0,0.055556,0,0.11111,0,0.055556,0,0,0,0,0,0,0.11111,0,0,0.055556,0.055556,0.11111,0,0,0,0,0.055556,0,0,0,0.055556,0,0,0.055556,0,0,0,0,0,0,0,0,0,0,0,0,0,0,0,0,0,0,0,0.055556,0,0,0,0.055556,0,0,0,0,0,0.11111
0.033333,0,0,0,0,0,0.033333,0,0.033333,0.033333,0.033333,0,0,0,0,0,0,0,0.033333,0.033333,0.033333,0.033333,0,0,0.066667,0.033333,0.033333,0,0.033333,0,0.066667,0,0.033333,0,0,0,0,0.066667,0,0.033333,0,0,0.033333,0,0.033333,0,0.066667,0,0,0.033333,0,0,0.033333,0,0,0,0,0,0.033333,0,0,0.066667,0,0.033333
0,0.047619,0,0,0,0,0,0.047619,0.047619,0,0,0,0.047619,0,0,0,0,0,0,0,0,0,0,0,0,0,0.047619,0.047619,0,0,0,0.14286,0,0,0,0.047619,0,0,0,0,0,0,0,0.047619,0,0,0.19048,0,0.047619,0,0,0,0,0,0,0,0,0.047619,0,0.095238,0.047619,0,0.047619,0
0.060606,0.060606,0,0.060606,0,0.090909,0,0,0,0,0,0,0,0.030303,0,0,0.090909,0,0,0.030303,0.030303,0.090909,0,0,0,0,0,0,0,0,0,0,0.030303,0.030303,0,0,0,0,0,0,0,0,0,0,0,0,0.030303,0.030303,0,0,0.030303,0.030303,0.030303,0.030303,0,0,0,0,0,0.060606,0,0.060606,0,0.090909
0.15789,0,0.052632,0,0.052632,0.052632,0,0,0,0,0,0.052632,0.052632,0.052632,0,0,0,0,0,0.052632,0,0,0,0,0,0,0,0,0,0,0,0.052632,0,0,0,0,0,0,0,0.10526,0.052632,0,0,0,0,0,0,0,0,0.052632,0,0,0,0,0,0.052632,0,0,0.052632,0,0,0.052632,0.052632,0
0.033333,0.1,0,0,0,0.033333,0,0,0.033333,0,0,0,0,0,0,0.033333,0.033333,0.033333,0,0,0,0,0,0,0,0,0.033333,0,0,0,0,0,0.1,0,0,0,0,0.066667,0.033333,0,0,0.033333,0.033333,0,0,0.033333,0,0,0.066667,0.033333,0,0,0,0,0.033333,0.066667,0.033333,0.033333,0,0.033333,0.033333,0.033333,0,0
0.043478,0.043478,0.043478,0.043478,0.043478,0,0,0,0.043478,0,0,0,0.086957,0,0.043478,0.043478,0.043478,0.086957,0.043478,0,0,0,0.043478,0,0,0,0,0,0,0,0,0,0,0,0,0,0,0,0,0,0.043478,0.043478,0,0,0,0,0,0,0.043478,0,0,0,0,0.043478,0,0.043478,0.043478,0,0,0.043478,0,0,0,0.043478
0.043478,0.043478,0.086957,0,0,0,0,0,0,0,0,0,0,0,0,0,0,0.043478,0,0.043478,0.086957,0,0,0.043478,0.043478,0.043478,0,0,0.043478,0,0.043478,0,0,0,0,0,0,0,0,0.043478,0,0.043478,0,0,0,0,0.043478,0,0,0,0.043478,0.043478,0,0,0,0.043478,0,0.043478,0,0,0,0,0,0.13043
0.065217,0.043478,0.021739,0,0.043478,0,0.021739,0,0.021739,0.021739,0.021739,0,0.021739,0.043478,0,0.021739,0.065217,0,0.021739,0.021739,0.043478,0,0,0,0.043478,0,0,0,0.021739,0,0.021739,0,0,0,0,0,0.021739,0.021739,0,0,0.021739,0,0.043478,0,0,0,0.043478,0,0.021739,0.021739,0,0.043478,0,0,0.021739,0,0.021739,0.021739,0,0.043478,0.043478,0,0.021739,0
0.022222,0,0,0,0.066667,0,0.044444,0,0,0,0,0.022222,0,0,0.022222,0,0.13333,0,0.11111,0.066667,0.044444,0,0,0,0.022222,0,0.044444,0.022222,0.044444,0,0,0,0,0,0,0,0.15556,0,0,0,0,0,0,0.022222,0,0.022222,0,0.022222,0,0,0,0,0.022222,0,0,0.022222,0,0.022222,0.022222,0.022222,0,0,0,0
0.047619,0,0.095238,0.047619,0.095238,0,0,0,0,0.047619,0,0,0.047619,0,0,0,0.28571,0,0,0,0,0,0,0,0,0.047619,0,0,0.14286,0,0,0,0,0,0,0,0.047619,0.047619,0,0,0,0,0,0,0,0,0,0,0,0,0,0,0,0,0,0,0,0,0,0,0,0.047619,0,0
0.035714,0.071429,0.017857,0.017857,0.089286,0.035714,0,0,0,0.053571,0,0,0.017857,0.035714,0,0.053571,0.035714,0,0,0.017857,0,0,0,0,0.035714,0,0.035714,0,0,0.017857,0.017857,0.035714,0,0.017857,0,0,0.089286,0.017857,0,0,0.035714,0,0.017857,0,0.017857,0,0,0.017857,0.017857,0.053571,0,0,0.017857,0,0,0,0,0,0.017857,0,0.017857,0,0.017857,0.017857
0,0,0,0,0.076923,0,0,0,0,0,0,0,0,0,0,0,0,0,0,0,0,0,0,0,0,0,0.076923,0.076923,0.076923,0,0,0,0,0,0,0,0,0.076923,0.15385,0,0,0,0,0,0,0,0,0,0,0,0,0.076923,0,0,0.076923,0,0,0.076923,0,0.076923,0,0.076923,0,0.076923
0.11111,0.055556,0.055556,0,0.11111,0,0.055556,0,0.055556,0.11111,0.055556,0,0.055556,0,0,0,0,0,0,0,0,0,0,0,0,0,0,0,0,0,0.055556,0.055556,0,0,0,0,0,0,0,0,0,0,0,0,0,0,0,0,0,0,0,0,0,0,0,0,0,0,0,0,0.055556,0.055556,0.055556,0.055556
0.14286,0,0.21429,0,0,0,0.071429,0,0,0,0,0,0,0,0,0.071429,0.071429,0,0,0,0,0,0,0,0,0.071429,0,0,0,0,0,0.071429,0,0,0,0,0,0,0,0,0,0,0,0,0,0,0,0,0,0.071429,0,0.071429,0,0,0,0,0,0,0.14286,0,0,0,0,0
0.25,0,0,0,0,0,0,0,0.125,0,0,0.125,0,0,0,0.125,0,0,0,0,0,0,0.125,0,0,0,0,0,0.125,0,0,0,0,0,0,0,0,0,0,0,0,0,0,0,0,0.125,0,0,0,0,0,0,0,0,0,0,0,0,0,0,0,0,0,0
0.1,0,0.1,0,0,0,0,0,0.05,0,0,0.05,0,0,0,0,0,0,0,0,0,0,0,0.05,0,0,0,0,0,0,0,0,0,0,0,0,0.05,0.05,0.1,0,0,0,0.1,0,0.05,0,0.05,0,0,0,0,0,0,0,0.05,0,0,0,0,0.15,0,0,0.05,0
0.15385,0.038462,0,0,0,0,0,0,0.038462,0,0,0,0.15385,0,0,0,0.038462,0.076923,0,0,0.038462,0,0,0,0.038462,0,0,0,0,0,0.038462,0,0,0,0,0,0,0,0.038462,0.038462,0,0.038462,0,0,0,0,0,0,0.076923,0,0,0.076923,0,0,0,0,0,0,0,0,0.038462,0.076923,0,0
0,0,0,0,0.047619,0,0,0,0,0,0,0,0,0,0,0.047619,0,0.095238,0,0,0,0,0,0,0,0,0,0,0,0,0,0,0,0.047619,0,0,0.047619,0,0,0,0,0,0,0,0,0,0.14286,0,0,0.047619,0,0,0,0.095238,0.047619,0,0,0,0,0.047619,0,0.14286,0,0.19048
0.038462,0,0,0,0,0,0,0,0,0,0.038462,0.076923,0,0,0,0,0,0,0.038462,0,0,0,0.038462,0,0.038462,0,0,0.038462,0.038462,0,0,0,0,0,0,0,0,0,0.076923,0.038462,0,0,0,0,0,0,0.15385,0.038462,0.038462,0.038462,0,0,0.038462,0,0,0,0.11538,0,0,0.038462,0,0,0,0.076923
0.071429,0.071429,0,0,0,0,0,0,0,0,0,0,0,0,0,0,0.28571,0.071429,0.071429,0,0,0,0,0,0.071429,0,0,0,0,0,0.071429,0,0,0,0,0,0,0,0,0,0.071429,0,0,0,0,0,0,0,0,0,0,0,0,0,0,0,0,0.071429,0.071429,0,0.071429,0,0,0
0.083333,0,0.083333,0,0.083333,0,0.083333,0.083333,0,0,0,0,0,0,0,0,0.083333,0,0,0,0,0.083333,0,0,0,0,0,0,0,0,0.083333,0,0,0,0,0,0.083333,0,0,0,0,0,0,0,0,0,0,0,0.083333,0,0,0,0.083333,0,0,0,0,0,0.083333,0,0,0,0,0
0,0.076923,0,0.076923,0.076923,0.076923,0.076923,0,0,0,0,0,0.076923,0,0,0.15385,0,0,0.076923,0,0,0,0,0,0,0,0,0.076923,0,0,0,0,0.076923,0,0,0,0,0,0,0,0,0,0,0,0,0,0,0,0.076923,0,0,0,0,0,0,0,0,0,0,0,0,0,0.076923,0
0,0,0.076923,0,0,0,0,0,0.076923,0,0,0.076923,0,0,0,0,0.076923,0,0,0,0,0,0,0,0,0,0,0,0.076923,0,0,0,0.076923,0,0,0,0.076923,0,0.076923,0,0,0,0,0,0,0,0,0,0,0,0.15385,0,0.15385,0,0,0,0.076923,0,0,0,0,0,0,0
0.15385,0,0,0.076923,0,0,0,0,0,0,0,0,0.076923,0,0,0.15385,0.30769,0,0,0,0,0,0,0,0,0,0,0,0,0,0,0,0,0,0,0,0.076923,0,0,0,0,0,0,0,0,0,0,0,0.076923,0.076923,0,0,0,0,0,0,0,0,0,0,0,0,0,0
0.14286,0.047619,0,0,0,0.047619,0,0.047619,0,0,0,0,0.047619,0,0,0.047619,0.047619,0,0,0,0,0,0,0,0,0.047619,0,0.047619,0,0,0,0,0,0,0,0,0,0,0,0,0,0,0,0,0,0,0,0.047619,0.14286,0,0,0.047619,0.047619,0.047619,0,0,0.047619,0,0,0.047619,0,0,0.047619,0
0.13636,0,0,0,0.045455,0,0,0,0,0,0,0,0,0,0,0.045455,0.045455,0.090909,0,0.045455,0,0,0,0,0,0,0,0.045455,0.045455,0.045455,0,0,0,0,0,0,0,0,0,0.045455,0,0.045455,0,0.045455,0,0,0.045455,0.045455,0.045455,0,0,0,0,0,0.045455,0,0,0,0,0,0,0.090909,0,0.045455
0,0,0.043478,0,0.043478,0,0,0,0.13043,0,0,0.086957,0.043478,0,0.043478,0,0,0,0.043478,0,0.043478,0.043478,0,0,0.086957,0.043478,0,0,0,0,0,0,0,0.043478,0,0,0.043478,0,0,0,0,0,0,0,0,0,0.043478,0,0,0,0,0,0,0,0,0,0.043478,0,0,0.043478,0,0.043478,0.043478,0.043478
0.0625,0.0625,0,0,0,0,0,0,0.0625,0,0,0,0,0,0,0,0,0,0,0,0.0625,0,0,0.125,0,0,0.0625,0,0,0,0,0,0,0,0.0625,0,0,0,0,0,0,0,0,0,0,0,0,0,0.0625,0,0,0,0.0625,0,0.0625,0,0,0.0625,0,0,0,0,0.125,0.125
0,0,0,0.090909,0,0,0.090909,0,0,0,0,0,0.090909,0,0,0.18182,0,0,0,0,0,0.090909,0,0,0,0,0,0,0,0,0,0,0,0,0,0,0,0,0,0,0.090909,0,0,0,0,0,0.090909,0,0,0,0,0,0.090909,0,0,0,0.090909,0,0,0,0,0,0,0.090909
0,0,0,0,0.083333,0.083333,0,0,0,0,0,0,0,0.083333,0,0,0.16667,0,0,0,0.083333,0,0,0,0,0,0,0,0,0,0,0,0,0,0,0.083333,0,0,0,0,0,0.083333,0,0,0,0,0.083333,0,0,0,0.083333,0,0,0.083333,0,0,0,0,0,0.083333,0,0,0,0
0,0.041667,0.083333,0.041667,0,0,0.041667,0,0,0.125,0.041667,0,0.041667,0.041667,0,0,0,0,0,0,0,0,0,0,0.083333,0,0.041667,0,0,0,0.041667,0,0,0.041667,0,0,0.041667,0,0.041667,0,0,0,0,0,0,0,0,0,0,0,0.041667,0,0,0,0,0,0.041667,0.083333,0.083333,0,0,0,0,0
0.035088,0.017544,0.017544,0.017544,0.035088,0.017544,0.035088,0,0.035088,0,0.017544,0.035088,0.017544,0.017544,0,0,0.017544,0.017544,0,0.035088,0,0,0,0,0,0.017544,0.087719,0.017544,0,0.017544,0.035088,0,0.035088,0.017544,0.017544,0.017544,0.035088,0,0.017544,0,0.052632,0.017544,0.017544,0,0,0,0.017544,0.017544,0.035088,0.017544,0,0,0.017544,0,0,0,0,0.017544,0.035088,0.035088,0,0.017544,0,0.017544
0.047619,0.047619,0,0,0.047619,0,0.047619,0,0.047619,0,0,0.047619,0.047619,0,0,0,0,0.047619,0,0,0,0,0,0,0,0,0,0,0,0.047619,0,0.047619,0.047619,0,0.047619,0,0,0,0,0,0,0,0,0,0,0,0,0,0.047619,0,0,0.047619,0,0,0.047619,0.047619,0.095238,0,0,0,0,0.095238,0.047619,0
0,0.090909,0,0,0,0,0.090909,0.090909,0,0,0,0,0,0,0,0,0,0,0,0,0,0,0,0,0,0,0,0,0,0,0,0,0.090909,0,0,0,0.090909,0,0,0,0,0.090909,0,0,0,0,0,0,0,0,0.090909,0,0.18182,0,0,0,0,0,0.090909,0,0.090909,0,0,0
0,0.043478,0,0,0,0.043478,0,0,0.086957,0,0,0.043478,0,0.043478,0,0.043478,0,0,0,0.043478,0,0.043478,0.086957,0,0.043478,0,0,0,0,0,0,0.043478,0.043478,0,0,0.043478,0,0,0,0,0,0,0,0,0.043478,0,0,0,0.043478,0,0,0.043478,0,0,0.043478,0,0,0.043478,0,0.043478,0.086957,0,0,0
0,0,0,0.058824,0,0,0,0,0,0,0,0,0,0,0,0.058824,0,0,0,0,0.058824,0,0,0,0.058824,0,0,0,0,0,0.058824,0,0,0,0,0,0,0.058824,0,0.058824,0,0.058824,0,0,0,0.058824,0,0,0,0,0,0,0.058824,0,0,0.058824,0,0,0.058824,0.058824,0,0.058824,0.17647,0
0.055556,0,0,0.055556,0.055556,0,0,0,0,0,0,0,0,0.055556,0,0.055556,0.055556,0.055556,0,0,0,0,0,0,0,0,0,0,0,0,0,0,0,0.055556,0,0,0,0.11111,0,0.055556,0,0,0,0,0,0,0,0,0,0,0,0.055556,0.11111,0.055556,0,0,0,0,0,0,0,0.055556,0,0.11111
0.19231,0.038462,0,0.038462,0,0,0,0,0,0,0,0,0.076923,0.038462,0,0.038462,0.038462,0,0.038462,0,0,0,0,0,0.038462,0,0,0,0.038462,0.038462,0.038462,0,0.038462,0,0,0,0,0,0,0,0,0,0,0.038462,0.076923,0.038462,0,0,0,0.038462,0,0.038462,0,0,0,0,0.038462,0,0,0,0,0.038462,0,0
0.076923,0,0,0.076923,0,0.076923,0,0,0.076923,0,0,0.076923,0,0,0,0.076923,0,0,0,0,0,0,0,0,0,0,0,0,0,0,0.076923,0,0,0,0,0,0.076923,0,0,0,0,0,0,0,0,0.076923,0,0,0.076923,0,0.076923,0,0,0,0,0,0,0.076923,0,0,0.076923,0,0,0
0.058824,0,0.058824,0,0,0,0,0,0.058824,0.11765,0,0,0,0,0,0.11765,0,0,0,0,0.058824,0,0.058824,0.058824,0,0,0,0.058824,0,0,0,0,0.11765,0,0,0,0,0,0,0,0,0,0,0,0,0,0,0,0.058824,0,0,0,0,0,0,0,0,0.058824,0.058824,0.058824,0,0,0,0
0.066667,0,0,0,0,0,0,0,0,0,0,0,0.066667,0,0,0.2,0,0,0,0,0,0,0,0.066667,0,0.066667,0,0.066667,0.066667,0,0,0,0.066667,0,0,0,0,0.066667,0,0,0.066667,0,0,0,0,0.066667,0,0,0,0,0,0,0,0,0,0.066667,0,0,0,0,0,0,0,0.066667
0,0,0,0.047619,0,0,0,0.047619,0,0,0,0,0,0,0,0,0.047619,0.047619,0,0,0,0.047619,0.095238,0,0.047619,0,0.047619,0,0,0.047619,0,0.047619,0,0,0,0,0,0,0,0,0,0,0,0,0.047619,0.047619,0.047619,0,0,0,0,0,0,0,0,0.095238,0,0.047619,0,0,0.047619,0.095238,0,0.047619
0,0.057143,0,0.085714,0,0,0.028571,0.028571,0.028571,0,0,0,0,0,0,0,0.057143,0,0.028571,0.028571,0,0,0,0,0,0.028571,0,0,0.028571,0,0,0.085714,0.028571,0,0,0,0,0.028571,0,0,0.057143,0,0.028571,0,0,0,0,0,0.028571,0,0,0.11429,0.028571,0,0,0,0.085714,0,0.028571,0,0,0.028571,0.057143,0
0.034483,0.068966,0.034483,0,0.034483,0,0.034483,0.068966,0.034483,0.068966,0,0,0,0,0.034483,0,0.068966,0.034483,0.034483,0,0.034483,0.034483,0,0,0.034483,0,0.034483,0,0,0.034483,0.034483,0,0,0.068966,0,0,0,0,0,0,0,0,0,0,0,0,0,0,0.034483,0.034483,0,0,0,0,0,0,0.034483,0,0.068966,0,0,0,0,0
0.1,0,0,0,0.1,0,0,0,0,0,0,0,0,0,0,0,0,0.1,0,0,0,0,0,0,0,0,0,0,0,0,0,0,0,0,0,0,0,0,0,0,0,0.1,0,0,0,0,0,0.2,0,0,0.1,0,0,0.1,0,0.1,0,0,0,0,0,0,0,0.1
0,0,0,0,0,0,0,0,0,0.076923,0,0,0,0.076923,0,0,0,0.15385,0,0,0,0,0,0,0.076923,0,0,0,0,0,0,0.076923,0,0.076923,0,0,0,0,0.076923,0,0.076923,0,0,0,0,0,0,0,0,0,0,0.076923,0.076923,0,0.076923,0,0,0,0,0,0,0,0.076923,0
0.055556,0.055556,0,0,0,0,0,0,0,0,0,0,0,0.055556,0,0.055556,0,0,0,0,0,0,0,0,0.055556,0.055556,0,0,0,0.055556,0,0,0,0,0,0,0,0,0.055556,0,0,0,0,0,0,0,0.11111,0.055556,0,0,0,0,0.055556,0,0.055556,0,0.055556,0.11111,0,0.055556,0,0,0,0.055556
0.2,0,0.066667,0,0,0,0.066667,0,0,0,0,0,0,0,0,0,0,0,0.066667,0,0.066667,0,0,0,0.066667,0,0,0,0,0.066667,0,0.066667,0.066667,0,0,0,0,0,0,0,0.066667,0,0.066667,0,0,0,0,0,0,0,0,0,0,0,0,0,0,0.066667,0,0,0,0,0.066667,0
0,0,0,0,0,0,0,0,0,0,0,0,0,0,0,0.038462,0.11538,0,0,0,0,0,0,0,0,0.076923,0,0.038462,0,0,0,0.038462,0,0,0.076923,0,0,0.038462,0.038462,0,0,0,0,0,0,0,0,0,0.038462,0,0,0,0.076923,0,0,0.038462,0,0,0.076923,0,0,0,0.11538,0.19231
0.16667,0,0,0,0,0,0,0,0,0,0,0,0,0,0,0,0,0,0.083333,0,0,0,0,0,0.083333,0,0,0,0,0,0,0,0,0,0,0,0.083333,0,0.083333,0,0,0,0,0,0,0,0.16667,0,0.083333,0,0,0,0,0,0,0,0,0.083333,0.083333,0.083333,0,0,0,0
0,0,0.058824,0.058824,0,0,0,0,0.058824,0,0,0,0.11765,0.058824,0,0,0.058824,0,0,0,0,0,0,0,0,0,0,0,0,0,0,0,0.11765,0,0,0,0,0,0,0,0,0,0,0,0,0,0.17647,0,0.058824,0,0,0.11765,0,0,0,0,0.058824,0,0,0.058824,0,0,0,0
0.095238,0.047619,0,0.047619,0.047619,0,0,0,0,0,0,0,0,0,0,0,0,0,0.047619,0,0,0.095238,0,0.047619,0.047619,0,0,0,0,0,0.047619,0,0.047619,0.047619,0,0.047619,0,0,0,0,0.047619,0,0,0,0,0,0,0,0.14286,0.047619,0,0,0,0,0,0,0,0,0,0,0,0,0.047619,0.047619
0.08,0,0,0,0,0,0,0,0.04,0.08,0,0.04,0,0,0.04,0.04,0.04,0,0.04,0,0.04,0,0.04,0,0.04,0.04,0,0,0,0,0,0,0,0.04,0,0,0,0,0,0,0,0,0.04,0,0,0,0.04,0.04,0,0,0,0.04,0.04,0,0.04,0,0.04,0.04,0,0,0,0,0.04,0.04
0.10526,0,0,0,0,0,0,0,0,0,0,0.052632,0,0,0,0.052632,0,0,0,0.10526,0,0.052632,0.052632,0,0,0,0,0,0.052632,0.052632,0,0,0.052632,0,0,0,0.052632,0.052632,0,0,0,0.052632,0,0,0,0,0,0,0,0,0.052632,0,0.052632,0,0,0,0.10526,0,0,0,0.052632,0,0,0
0,0,0.076923,0,0,0,0,0,0.076923,0,0,0.076923,0,0,0,0,0,0,0,0,0.076923,0,0,0,0.15385,0,0,0.076923,0,0,0,0,0,0.076923,0,0,0.076923,0,0,0,0,0,0,0,0,0,0,0,0,0,0,0,0,0,0,0,0.076923,0,0,0.076923,0,0.076923,0.076923,0
0,0,0,0,0.076923,0,0,0,0.15385,0,0,0,0.076923,0,0,0,0,0.076923,0,0.076923,0,0,0,0,0,0,0,0.076923,0.076923,0,0,0,0,0,0,0,0,0,0,0.076923,0,0,0,0,0,0,0,0,0.076923,0,0,0,0.076923,0,0,0,0,0,0,0,0.15385,0,0,0
0.055556,0,0,0,0,0,0,0,0,0,0,0,0,0.055556,0.055556,0,0,0,0.055556,0,0,0,0,0,0,0.055556,0,0,0,0,0,0,0.055556,0,0,0,0.055556,0.055556,0.055556,0,0.11111,0.055556,0,0.055556,0,0,0,0.055556,0,0,0,0,0,0,0.055556,0,0,0,0,0,0,0.11111,0.055556,0
0.095238,0,0.095238,0,0,0,0,0.047619,0,0.047619,0.047619,0,0.14286,0.047619,0,0,0.095238,0,0,0,0.047619,0,0,0,0,0.047619,0,0,0.047619,0,0,0,0,0,0,0,0,0,0.047619,0,0,0,0,0,0,0,0.047619,0,0.095238,0,0,0,0,0,0.047619,0,0,0,0,0,0,0,0,0
0,0,0,0,0,0,0,0.041667,0,0,0,0,0,0.041667,0,0.041667,0,0,0,0,0,0,0,0,0,0,0,0.041667,0.041667,0,0,0.083333,0,0,0,0,0.041667,0,0,0,0.041667,0,0,0,0.041667,0.083333,0.041667,0.125,0,0.041667,0,0,0.041667,0,0,0,0,0.041667,0,0.041667,0.041667,0,0.083333,0.041667
0,0.052632,0,0,0,0,0,0.052632,0,0.10526,0,0,0,0,0,0.052632,0.052632,0,0.10526,0,0,0,0,0,0,0.052632,0,0,0,0,0,0.052632,0,0,0,0.052632,0,0,0.052632,0,0,0,0,0,0.052632,0,0.052632,0,0.052632,0,0,0,0,0,0,0,0.10526,0.052632,0,0,0.052632,0,0,0
0,0,0,0,0,0,0,0,0,0,0,0,0.1,0.1,0,0,0.1,0,0,0.1,0,0,0,0.1,0,0,0,0,0,0,0,0,0,0,0,0,0,0,0,0,0,0,0.1,0,0,0,0.1,0,0.1,0,0,0,0,0,0,0,0,0,0.1,0,0.1,0,0,0
0.032258,0.064516,0.032258,0.032258,0.064516,0,0,0,0,0.032258,0.064516,0,0,0.032258,0.032258,0.032258,0.032258,0.032258,0.032258,0,0.032258,0,0,0,0,0,0,0,0,0,0,0,0.064516,0,0,0.032258,0,0,0,0,0,0,0,0.032258,0,0,0,0.032258,0,0,0,0.032258,0.032258,0,0,0,0,0.064516,0,0,0,0,0.064516,0.096774
0.08,0,0,0,0.08,0.04,0,0,0.04,0,0,0,0,0.04,0,0,0,0,0,0.04,0,0,0.04,0,0,0.04,0,0.04,0,0.04,0,0,0,0,0,0,0.04,0,0,0,0.04,0,0,0,0,0,0,0.04,0.04,0.04,0.04,0,0.08,0,0.04,0.08,0,0,0,0,0.04,0,0.04,0
0.1,0.033333,0,0,0.066667,0,0.1,0,0,0,0,0,0,0,0,0.033333,0.1,0,0.033333,0.033333,0,0,0,0,0,0,0.033333,0,0.033333,0.033333,0,0.033333,0,0,0,0,0,0.033333,0.033333,0,0.033333,0,0.033333,0,0,0,0,0,0.033333,0,0.033333,0.033333,0,0,0,0,0.033333,0,0,0.066667,0,0,0,0.033333
0.052632,0,0.052632,0,0,0,0,0,0,0.052632,0,0,0,0.052632,0,0.052632,0.052632,0,0,0,0.052632,0,0,0.052632,0,0,0,0,0,0,0,0,0.052632,0,0,0,0,0.052632,0,0,0,0,0,0.052632,0,0,0,0,0,0.10526,0,0,0,0,0,0,0,0,0,0.052632,0.10526,0,0,0.15789
0,0.047619,0,0,0.047619,0,0,0,0,0,0,0,0.047619,0,0,0,0,0,0,0,0,0,0,0,0,0.047619,0.047619,0,0,0,0.047619,0.095238,0,0.047619,0,0.047619,0,0,0.047619,0.047619,0,0.047619,0,0,0,0,0,0.095238,0,0,0,0.047619,0,0,0.047619,0,0,0,0.095238,0,0,0.047619,0.047619,0
0,0,0,0,0,0,0,0.058824,0,0,0,0.058824,0,0,0,0.058824,0,0,0,0.058824,0,0,0,0,0,0,0,0.058824,0,0,0,0.058824,0,0,0,0,0,0,0,0,0,0,0,0,0,0,0,0.17647,0,0,0,0.058824,0,0,0.11765,0,0,0,0,0.11765,0,0,0,0.17647
0.076923,0.076923,0.15385,0.15385,0,0,0,0,0,0,0,0,0.076923,0,0,0,0.076923,0,0,0,0,0,0,0,0,0.076923,0,0,0,0,0,0,0,0,0.076923,0,0,0,0,0,0,0,0,0,0,0,0,0,0,0,0.076923,0,0,0,0,0,0,0,0.076923,0,0,0,0,0.076923
0.044444,0.022222,0,0.022222,0.044444,0,0.022222,0,0.022222,0,0,0.022222,0.022222,0.066667,0,0.022222,0.022222,0,0.022222,0,0.022222,0.066667,0.022222,0.022222,0.022222,0.066667,0.022222,0.022222,0,0.044444,0.022222,0,0,0,0.022222,0,0,0,0.022222,0.022222,0,0,0,0.022222,0,0,0.022222,0,0.044444,0,0.022222,0,0.022222,0.022222,0,0,0.022222,0,0,0.022222,0.022222,0,0.022222,0
0,0,0.1,0,0,0,0,0,0,0,0,0,0,0,0,0,0,0,0,0,0,0,0,0,0,0,0.1,0,0,0,0,0,0.1,0.1,0,0,0,0,0,0,0,0.2,0,0,0,0.1,0.1,0,0,0,0,0,0.1,0,0,0,0,0,0,0,0,0,0.1,0
0,0,0,0.086957,0.043478,0,0,0,0.043478,0,0,0.043478,0.043478,0,0.086957,0,0,0,0,0,0,0,0,0.043478,0,0.043478,0,0.043478,0,0,0.043478,0.043478,0,0,0,0,0.043478,0,0,0,0,0,0,0,0,0,0.043478,0,0.043478,0.043478,0,0,0,0,0.043478,0,0.086957,0.043478,0,0,0.043478,0,0.043478,0
0.076923,0,0,0,0.076923,0.076923,0,0,0,0,0.076923,0,0.076923,0.076923,0.076923,0,0.076923,0,0,0,0,0,0,0.076923,0,0,0,0,0,0,0,0,0,0,0,0,0,0,0,0,0,0,0,0,0,0,0,0,0.076923,0.076923,0,0,0.076923,0,0,0,0,0,0,0,0,0,0,0.076923
0.058824,0.058824,0,0,0,0,0,0,0,0,0,0,0,0,0,0.058824,0.11765,0.058824,0,0,0.058824,0,0,0.058824,0,0,0.058824,0,0,0,0,0,0,0,0.058824,0,0,0,0.058824,0,0.058824,0,0,0,0,0,0,0,0,0,0,0,0,0,0,0,0,0.058824,0.058824,0.058824,0.058824,0,0,0.058824
0,0,0,0,0,0,0,0,0,0,0,0.055556,0.055556,0.055556,0.11111,0,0,0,0,0,0,0,0,0,0,0,0,0,0.055556,0,0,0,0,0,0,0,0,0.055556,0,0.11111,0.055556,0,0,0,0,0,0.055556,0,0.16667,0,0,0,0.055556,0,0.055556,0,0.055556,0,0,0,0,0,0,0.055556
0.046512,0,0,0,0,0,0.023256,0,0.023256,0.023256,0,0,0,0,0,0,0,0.046512,0.023256,0,0,0.093023,0.046512,0,0.023256,0.069767,0,0,0.046512,0.023256,0,0.023256,0,0,0,0.023256,0.16279,0.046512,0.023256,0,0.023256,0.023256,0,0.023256,0.023256,0,0.023256,0.046512,0.023256,0,0,0.023256,0,0,0,0,0,0.023256,0,0,0,0,0,0
0,0,0,0,0.055556,0.055556,0.11111,0,0.055556,0.11111,0,0,0,0,0,0,0,0.055556,0,0,0,0.055556,0,0.055556,0,0,0,0,0.055556,0,0,0,0,0,0,0,0.055556,0,0,0,0,0,0,0,0,0,0,0,0,0,0,0,0,0,0,0,0,0.16667,0.055556,0,0,0.055556,0,0.055556
0,0,0,0.076923,0,0,0,0,0,0,0,0,0,0,0.076923,0,0,0,0,0,0.076923,0,0.076923,0,0.076923,0,0,0,0,0.076923,0.076923,0,0,0,0,0.076923,0,0,0,0,0,0,0.076923,0,0,0,0,0,0,0,0,0,0,0,0.15385,0,0,0,0,0.076923,0,0,0.076923,0
0,0,0.090909,0,0,0,0,0,0.090909,0,0,0,0.090909,0,0,0,0,0,0,0,0.090909,0,0,0,0.090909,0,0,0,0,0,0,0,0,0,0.090909,0,0,0,0.090909,0.090909,0,0,0,0,0,0,0,0,0,0,0,0,0,0,0,0.090909,0,0,0,0,0,0,0.18182,0
0.041667,0,0.041667,0.041667,0.083333,0,0.083333,0.083333,0,0.041667,0,0,0,0,0,0,0,0,0,0,0,0,0,0.041667,0,0,0,0,0,0.041667,0.041667,0,0,0,0,0,0,0.041667,0,0,0,0.041667,0,0,0,0,0,0,0,0,0,0.041667,0.041667,0,0,0,0,0.041667,0.041667,0.041667,0.083333,0.041667,0,0.041667
0,0.02439,0.02439,0.073171,0.02439,0,0,0.02439,0,0.02439,0.04878,0,0.02439,0.02439,0,0,0.04878,0,0,0,0.04878,0,0,0,0.02439,0.02439,0,0.02439,0,0,0.04878,0.02439,0.04878,0.02439,0,0,0.02439,0.02439,0.02439,0,0,0,0,0,0,0.02439,0,0.02439,0,0.04878,0,0.02439,0,0.02439,0,0,0.04878,0.02439,0,0,0.02439,0.02439,0.02439,0.02439
0,0,0,0,0,0,0,0.071429,0.071429,0.071429,0,0,0,0,0,0,0,0.071429,0,0,0,0,0,0,0.071429,0,0,0,0,0,0,0,0,0,0,0,0,0,0,0,0,0,0,0,0,0,0,0,0.071429,0,0,0,0.14286,0.071429,0,0,0.071429,0.071429,0,0.071429,0.071429,0,0,0.071429
0,0.025641,0.051282,0.025641,0,0.025641,0,0,0.025641,0,0,0,0.076923,0.025641,0.025641,0.025641,0,0,0,0,0.025641,0.025641,0.025641,0,0,0.025641,0,0,0,0.025641,0.051282,0,0.051282,0,0.051282,0,0,0,0,0.025641,0,0.025641,0,0,0,0,0.025641,0.076923,0.025641,0,0.025641,0.051282,0,0,0,0,0.051282,0.025641,0,0,0,0.025641,0.025641,0.025641
0,0.058824,0,0,0.058824,0,0.11765,0,0,0,0,0,0,0.058824,0,0,0.058824,0,0,0,0,0,0.058824,0,0,0,0,0,0,0,0,0.058824,0,0,0,0,0,0,0,0.058824,0,0,0,0,0.058824,0,0.11765,0,0,0,0.058824,0,0,0,0,0,0,0,0,0.11765,0,0,0.058824,0.058824
0.125,0,0,0,0,0,0,0,0.125,0.125,0,0,0,0,0,0,0,0,0,0,0,0,0,0,0,0,0,0,0,0,0,0,0,0.0625,0,0,0,0.0625,0.0625,0.0625,0.0625,0.125,0.0625,0,0,0,0,0,0.125,0,0,0,0,0,0,0,0,0,0,0,0,0,0,0
0,0,0,0.035714,0,0,0,0.035714,0,0,0,0.035714,0.035714,0,0,0.10714,0,0,0,0,0.035714,0,0,0,0,0.035714,0,0,0,0,0,0,0,0,0,0,0,0,0.035714,0,0.035714,0.035714,0,0,0.035714,0.035714,0.035714,0.035714,0.035714,0.035714,0,0.14286,0.035714,0,0.035714,0,0,0,0,0.035714,0,0,0.035714,0.071429
0.055556,0.055556,0,0.055556,0.083333,0.055556,0,0,0,0.027778,0,0,0,0.055556,0,0,0.027778,0.027778,0.027778,0,0.027778,0.027778,0.027778,0.027778,0,0.027778,0,0.027778,0,0,0.027778,0.055556,0,0,0,0,0,0,0,0,0,0.027778,0,0,0,0.027778,0,0.027778,0.027778,0.027778,0.027778,0,0,0.027778,0,0,0.027778,0,0,0,0.027778,0,0,0.027778
0,0.017241,0.034483,0.017241,0.017241,0,0.017241,0,0,0.034483,0,0,0.017241,0,0,0.017241,0.034483,0.017241,0.017241,0,0.017241,0.068966,0,0,0,0.034483,0.034483,0,0,0.034483,0.017241,0.034483,0.051724,0,0,0.034483,0.017241,0,0.017241,0.017241,0.034483,0.051724,0.017241,0.017241,0,0.034483,0.017241,0.034483,0,0.017241,0,0,0,0,0.034483,0.051724,0,0,0,0,0,0.034483,0,0.034483
0.1,0,0,0,0,0,0,0,0.05,0.05,0,0,0,0,0,0.05,0.15,0.05,0,0,0,0,0,0,0.05,0,0,0.05,0,0,0.05,0,0,0.05,0,0,0,0,0,0,0,0,0,0,0,0.1,0,0,0.05,0.05,0,0,0,0,0,0,0.05,0.05,0.05,0,0,0,0,0
0.071429,0.047619,0,0,0.11905,0,0.047619,0.02381,0.02381,0.047619,0,0,0.02381,0.047619,0,0.02381,0.02381,0.02381,0,0.02381,0,0,0,0,0.02381,0.02381,0.071429,0,0,0.02381,0,0,0,0,0.047619,0,0.047619,0,0,0,0.02381,0,0,0,0,0,0,0,0.02381,0.02381,0,0,0.02381,0,0.02381,0,0.02381,0,0.02381,0,0.02381,0,0.02381,0
0,0,0,0,0.1,0,0,0,0.1,0.1,0,0,0,0,0,0.2,0,0,0,0,0,0,0,0,0,0,0,0,0,0,0,0,0.2,0,0,0,0,0,0,0,0,0,0,0,0,0,0,0.1,0,0.1,0,0,0,0,0,0,0.1,0,0,0,0,0,0,0
0,0,0,0,0,0.090909,0.090909,0,0.090909,0,0,0,0,0,0,0,0,0.090909,0,0,0,0,0.090909,0,0,0,0,0,0,0.090909,0,0.090909,0,0,0.090909,0,0.090909,0,0,0,0,0,0,0,0,0,0.090909,0,0,0,0,0,0.090909,0,0,0,0,0,0,0,0,0,0,0
0.05,0,0,0.05,0,0,0,0,0,0.05,0,0,0,0,0.05,0.05,0.05,0,0.05,0,0,0.05,0,0,0,0,0,0,0,0,0,0,0,0,0,0,0,0,0,0,0.1,0,0.05,0,0.05,0,0.05,0,0,0,0,0,0,0,0,0,0.1,0.1,0,0,0,0.05,0.05,0.05
0.015625,0,0,0.015625,0,0,0,0,0,0.015625,0,0.015625,0.03125,0.015625,0.015625,0,0.03125,0,0,0.015625,0.015625,0.03125,0,0,0,0,0,0.015625,0,0.046875,0.03125,0.0625,0,0.03125,0,0.015625,0.015625,0,0.046875,0.046875,0.03125,0,0,0,0.015625,0.03125,0.015625,0.03125,0.046875,0.015625,0,0,0.046875,0,0,0.015625,0.015625,0.015625,0.03125,0.015625,0,0.0625,0.015625,0.0625
0.11111,0,0,0,0,0,0,0,0,0,0,0,0,0,0,0.055556,0,0,0,0.055556,0,0,0,0,0,0,0,0,0.055556,0,0,0,0,0,0,0,0.055556,0,0,0,0,0,0,0,0,0,0.055556,0.055556,0.11111,0.11111,0,0,0,0,0,0,0.055556,0,0,0,0,0,0.055556,0.22222
0,0.1,0,0,0,0,0,0,0.1,0,0,0,0,0,0,0.1,0,0,0,0,0,0,0,0,0,0.1,0,0,0,0,0,0.1,0,0,0,0,0,0,0,0,0,0.1,0,0,0.1,0,0.1,0,0,0,0,0,0,0,0,0,0,0,0,0.1,0,0,0.1,0
0.083333,0,0.083333,0,0,0,0,0,0,0,0,0,0.083333,0,0,0,0,0,0,0,0,0,0,0,0.083333,0,0,0,0,0,0,0,0,0,0,0.083333,0.083333,0,0.083333,0.083333,0,0,0,0,0,0,0.083333,0,0,0,0.16667,0,0,0,0,0,0,0.083333,0,0,0,0,0,0
0.08,0.08,0.04,0.04,0,0,0,0,0.04,0.08,0,0,0.08,0,0,0,0.04,0,0.12,0,0,0,0,0,0,0,0.2,0,0,0,0,0,0,0,0,0,0.04,0,0.04,0,0,0,0,0,0,0,0,0.04,0,0,0,0,0.04,0,0,0,0,0,0,0,0,0.04,0,0
0,0,0,0,0,0,0,0,0,0,0,0,0.083333,0,0,0.083333,0,0.083333,0,0,0,0.083333,0,0,0,0,0,0,0,0,0,0.083333,0,0,0,0,0.083333,0.083333,0,0,0,0,0,0,0,0.083333,0,0,0,0,0,0,0,0,0.083333,0,0.083333,0.083333,0,0,0,0,0,0.083333
0,0,0,0.055556,0,0,0.055556,0.055556,0,0,0,0,0,0.055556,0,0.055556,0,0.055556,0,0,0.055556,0,0,0,0,0,0,0.055556,0,0,0,0.055556,0,0,0,0,0.11111,0,0,0,0,0,0,0.055556,0.055556,0,0,0,0,0,0,0,0,0,0,0.11111,0,0.11111,0.055556,0,0,0,0,0
0.052632,0,0,0,0,0,0,0,0,0,0,0,0.052632,0,0.052632,0,0,0,0,0,0,0,0,0,0,0.052632,0,0.10526,0,0,0.052632,0.052632,0,0,0,0,0,0.052632,0,0,0,0,0,0.10526,0,0,0.10526,0,0,0,0,0.052632,0,0,0,0.052632,0.052632,0,0,0.10526,0,0,0,0.052632
0.125,0.1875,0.0625,0,0,0,0,0,0.0625,0,0,0,0,0,0,0,0,0,0.0625,0,0,0,0,0,0,0,0,0,0,0,0.0625,0,0.0625,0.0625,0,0,0,0,0,0,0,0,0,0,0,0,0,0,0,0,0,0,0,0,0,0,0.0625,0.0625,0.0625,0,0.0625,0,0.0625,0
0,0,0,0,0,0,0,0.1,0,0,0,0,0,0,0,0,0,0.2,0,0,0,0.1,0,0,0,0,0.1,0,0,0,0,0,0.1,0,0,0,0,0,0.1,0,0,0,0,0,0,0,0,0,0,0,0,0,0.1,0,0.1,0,0,0.1,0,0,0,0,0,0
0.045455,0,0,0,0,0,0,0,0,0,0,0.090909,0.045455,0,0.045455,0.045455,0,0,0.045455,0,0.045455,0.045455,0,0,0,0.045455,0,0,0,0,0.045455,0,0,0,0.090909,0,0.045455,0.13636,0,0,0,0,0,0,0,0,0,0,0,0,0,0,0.045455,0,0,0,0,0,0,0,0.045455,0.090909,0.045455,0
0.076923,0,0.025641,0,0.076923,0,0.025641,0.025641,0,0.025641,0.025641,0,0.076923,0.025641,0.025641,0,0,0.025641,0,0,0.051282,0,0,0,0.051282,0.025641,0,0,0,0,0,0,0.051282,0.025641,0.025641,0,0.025641,0.025641,0,0.025641,0,0.025641,0.025641,0.025641,0,0,0,0.025641,0.076923,0.025641,0,0,0,0,0,0,0.025641,0.025641,0,0,0,0,0,0
0,0,0.045455,0.13636,0.090909,0,0.045455,0,0,0,0,0,0,0,0,0,0.045455,0,0,0,0,0,0,0,0,0,0,0,0,0.045455,0,0,0,0,0,0,0,0,0.090909,0,0,0,0,0,0,0,0.045455,0,0.090909,0,0,0.045455,0.090909,0,0,0,0,0,0,0,0.045455,0.045455,0.090909,0.045455
0,0,0,0,0,0,0,0,0,0,0,0,0,0.045455,0,0.045455,0,0,0,0,0,0,0,0,0,0,0.045455,0.045455,0,0,0.090909,0,0,0,0,0.045455,0,0.045455,0,0.045455,0.045455,0,0,0,0,0,0,0,0,0.045455,0,0,0,0.045455,0,0.13636,0,0.090909,0.045455,0,0,0,0.13636,0.045455
0,0,0,0.1,0,0,0,0,0,0,0,0,0,0,0,0,0,0,0.1,0,0.1,0,0.1,0,0,0,0.1,0,0,0,0,0,0,0,0,0,0,0,0,0,0,0,0,0.1,0,0,0.1,0,0,0,0,0,0,0,0,0,0,0,0.2,0,0,0,0.1,0
0.13889,0.055556,0.027778,0,0,0,0,0,0.055556,0,0,0.027778,0.055556,0.055556,0,0,0.083333,0,0,0,0,0,0,0,0,0,0,0,0.027778,0.027778,0,0.027778,0,0,0,0,0.027778,0.027778,0.027778,0,0,0,0.027778,0,0.027778,0,0.083333,0.027778,0.027778,0,0.027778,0.027778,0,0,0.027778,0,0,0,0,0,0,0,0.055556,0
0.11538,0,0,0.038462,0.038462,0.038462,0.076923,0,0.038462,0,0,0,0,0,0,0.038462,0,0,0,0.038462,0,0,0,0,0.076923,0,0.038462,0.11538,0,0,0.038462,0,0.038462,0,0,0,0.038462,0,0.038462,0,0,0,0,0,0,0,0.038462,0,0,0,0,0.038462,0.038462,0,0,0,0,0,0,0.076923,0,0,0,0
0.04,0,0,0,0.08,0.04,0,0.04,0,0.04,0,0,0,0,0,0.08,0,0,0,0,0,0,0,0,0,0,0,0,0,0,0.04,0.04,0.04,0,0,0,0.08,0,0.04,0,0.04,0.08,0,0,0,0,0,0,0,0,0,0.04,0.04,0,0.04,0,0.04,0.04,0,0.04,0.04,0.04,0,0
0,0.054054,0,0,0.027027,0,0,0.027027,0,0,0,0,0,0,0,0.081081,0.027027,0,0.027027,0,0,0,0.027027,0,0,0.081081,0.081081,0.027027,0,0,0.027027,0,0,0,0.027027,0,0,0.027027,0,0.027027,0.027027,0.054054,0,0.027027,0,0,0,0,0.027027,0.027027,0,0,0,0,0,0,0,0.054054,0.027027,0.027027,0,0.054054,0.054054,0.054054
0,0,0,0,0,0,0,0,0,0,0,0,0.047619,0.047619,0,0,0.095238,0,0,0.047619,0,0.047619,0,0,0,0,0,0,0,0,0,0.047619,0,0,0,0,0,0.047619,0,0.047619,0,0,0,0,0.095238,0,0,0.047619,0,0,0,0,0.047619,0,0,0,0,0.095238,0,0,0.047619,0,0.047619,0.19048
0,0.090909,0,0,0.090909,0,0,0,0,0.090909,0,0,0,0,0.090909,0,0,0,0,0,0,0,0,0,0,0,0.18182,0.090909,0,0,0,0,0,0,0,0,0,0,0.090909,0,0.18182,0,0,0,0,0,0,0,0,0,0,0,0,0,0.090909,0,0,0,0,0,0,0,0,0
0,0.058824,0,0,0,0.11765,0,0.058824,0,0,0,0,0.058824,0,0,0,0.058824,0,0,0,0,0,0,0,0,0.058824,0,0,0,0,0,0,0,0,0,0,0,0,0,0,0,0.058824,0,0.058824,0.11765,0,0,0,0,0.058824,0,0,0,0.058824,0,0,0.058824,0,0,0,0,0.058824,0,0.11765
0,0,0,0,0,0,0,0,0,0,0,0,0.090909,0,0,0,0.090909,0,0,0,0,0,0,0,0,0.090909,0,0,0,0,0,0,0,0,0,0,0,0,0,0,0,0,0.090909,0.090909,0.090909,0,0,0,0,0,0,0.090909,0,0,0,0,0,0.090909,0,0.090909,0,0.090909,0.090909,0
0,0,0,0,0,0,0,0,0.1,0,0,0,0.3,0,0,0,0,0,0.1,0,0,0.1,0,0,0,0,0,0,0,0,0,0,0,0,0,0,0,0,0,0,0,0,0,0,0,0,0,0,0,0,0.2,0,0,0,0,0,0,0,0,0.1,0,0,0.1,0
0.083333,0,0.041667,0,0.041667,0,0,0.16667,0.041667,0.041667,0,0,0.083333,0.041667,0,0,0,0,0,0,0,0,0.041667,0.041667,0,0,0,0,0,0,0,0,0,0,0,0,0.083333,0.125,0.041667,0.083333,0,0,0,0,0,0,0,0,0,0,0,0,0,0,0.041667,0,0,0,0,0,0,0,0,0
0.11111,0,0.055556,0,0.11111,0,0,0,0.055556,0,0,0.055556,0,0,0,0.055556,0,0,0,0,0,0.055556,0,0,0.055556,0,0,0,0,0,0,0,0,0,0,0,0.16667,0,0,0,0.055556,0.11111,0,0,0,0.055556,0,0,0,0,0,0,0,0,0,0,0,0,0.055556,0,0,0,0,0
0,0,0.083333,0,0,0,0,0.083333,0,0,0,0,0.16667,0,0,0,0,0,0,0,0,0,0,0,0.083333,0,0,0,0,0,0.083333,0,0.083333,0,0,0.083333,0,0,0.083333,0.083333,0,0,0,0,0,0,0,0,0,0.083333,0,0,0,0,0.083333,0,0,0,0,0,0,0,0,0
0.09375,0.125,0,0,0.0625,0,0.03125,0,0,0.0625,0,0.03125,0,0,0,0,0.1875,0.03125,0,0,0.03125,0,0.03125,0,0.03125,0.03125,0,0,0.03125,0,0,0,0,0,0,0,0,0,0,0,0,0.03125,0,0,0,0,0,0,0.03125,0,0.03125,0,0.03125,0,0,0,0.03125,0.03125,0,0,0,0,0.03125,0
0.041667,0,0.020833,0.0625,0.020833,0.020833,0.020833,0,0.041667,0.041667,0,0,0.041667,0,0,0.020833,0,0.020833,0,0.020833,0.020833,0,0.020833,0,0.020833,0,0.0625,0.020833,0,0.020833,0.020833,0.020833,0,0,0.020833,0,0,0.020833,0.020833,0.041667,0.020833,0,0,0.020833,0,0.020833,0.020833,0.020833,0,0,0.041667,0.020833,0.020833,0,0,0.020833,0,0.020833,0,0,0.020833,0,0,0.0625
0,0,0,0,0,0,0,0,0,0,0,0.052632,0,0.026316,0,0,0,0.026316,0.052632,0,0,0,0,0,0,0,0.052632,0.026316,0.026316,0,0,0,0,0,0,0.026316,0,0,0,0.026316,0,0.052632,0,0.052632,0,0.052632,0.052632,0.052632,0,0,0,0,0,0,0.13158,0,0,0.026316,0.078947,0.052632,0.026316,0.052632,0.052632,0
0.055556,0,0,0.055556,0.055556,0,0,0,0,0.055556,0,0,0,0,0.055556,0,0,0,0,0,0,0,0,0,0,0,0.055556,0,0,0,0,0,0,0,0,0,0,0.055556,0.055556,0.16667,0,0.055556,0,0,0,0.055556,0,0,0,0,0,0,0.055556,0,0,0,0.11111,0.055556,0,0,0.055556,0,0,0
0.14286,0.071429,0,0.071429,0.071429,0,0,0,0,0.071429,0,0,0,0,0,0,0.071429,0,0,0,0,0,0,0,0,0,0.071429,0.071429,0,0,0,0,0,0,0.071429,0,0,0,0,0,0,0,0,0,0,0,0,0,0.071429,0,0,0,0,0,0,0.071429,0.071429,0.071429,0,0,0,0,0,0
0.068966,0.034483,0.034483,0.034483,0.068966,0,0,0,0,0.034483,0,0,0,0.068966,0,0,0,0.034483,0,0,0,0,0,0,0.034483,0.034483,0.034483,0.034483,0,0,0,0,0.034483,0,0,0,0.034483,0,0,0.034483,0,0,0,0,0,0.068966,0,0,0,0,0.034483,0,0,0,0,0.10345,0,0.068966,0,0.034483,0,0,0.034483,0.034483
0,0,0,0,0,0,0,0.066667,0,0,0,0,0,0,0,0.13333,0,0,0,0,0,0,0,0,0,0,0,0,0,0,0,0.066667,0.066667,0,0,0,0,0,0,0,0,0,0,0.066667,0,0,0,0,0,0,0,0,0,0,0.066667,0,0.066667,0,0.066667,0,0.066667,0.2,0.13333,0
0,0.090909,0,0,0,0,0,0,0,0,0,0,0.090909,0,0,0.090909,0,0,0,0,0,0.090909,0,0,0,0,0,0,0,0,0.090909,0,0.090909,0,0,0,0,0,0,0,0,0.090909,0,0,0.090909,0,0,0,0,0,0,0.090909,0.090909,0.090909,0,0,0,0,0,0,0,0,0,0
0.11111,0.055556,0,0,0.055556,0.055556,0,0,0.11111,0.055556,0,0,0,0,0,0.055556,0,0,0,0,0.055556,0,0,0,0,0,0.055556,0,0,0,0,0,0,0,0,0,0,0,0,0,0.055556,0,0,0,0,0,0,0.055556,0,0,0.055556,0,0,0.055556,0,0,0.055556,0,0,0,0.055556,0,0.055556,0
0,0,0,0,0,0,0,0,0,0,0,0.066667,0.066667,0.066667,0.066667,0,0.066667,0,0,0,0,0,0,0,0,0,0,0,0.066667,0.066667,0,0,0,0,0,0,0.066667,0.066667,0,0,0,0,0,0,0,0,0,0,0.066667,0.066667,0,0,0,0,0,0,0,0,0,0.066667,0.066667,0.066667,0,0.066667
0.095238,0.047619,0,0,0.047619,0,0,0,0,0,0,0,0.047619,0.047619,0,0,0.095238,0.047619,0,0,0.047619,0,0,0,0.047619,0,0,0,0,0,0,0,0.14286,0,0,0,0,0,0,0.047619,0,0,0,0,0,0,0.047619,0,0,0.047619,0,0.095238,0,0,0,0,0,0.047619,0,0,0.047619,0,0,0
0.14286,0.071429,0,0,0,0,0,0,0,0,0,0,0,0,0.14286,0,0,0,0,0,0,0,0,0,0,0.071429,0,0,0.071429,0,0,0,0.14286,0,0,0,0.071429,0,0,0,0,0,0,0,0,0,0,0,0,0,0,0,0,0,0,0.071429,0.071429,0,0,0,0.071429,0.071429,0,0
0,0.10526,0,0.052632,0.21053,0.052632,0,0.052632,0,0,0,0,0,0.052632,0,0,0.10526,0,0,0,0,0,0,0,0,0,0,0,0,0,0,0,0,0.052632,0,0,0,0,0,0,0,0,0,0,0,0,0,0,0,0,0,0,0,0,0,0.052632,0,0.10526,0.052632,0,0,0,0,0.10526
0.026316,0.026316,0.026316,0.026316,0.026316,0,0.026316,0,0.026316,0.052632,0,0.052632,0,0.026316,0,0,0.026316,0,0,0,0.052632,0.026316,0,0,0.026316,0,0,0,0,0,0,0.052632,0,0,0.026316,0,0.052632,0.052632,0,0,0,0,0.026316,0,0.026316,0.026316,0,0,0.052632,0,0,0,0.026316,0,0.026316,0,0,0.052632,0.026316,0,0,0.026316,0.078947,0
0.055556,0.055556,0,0.055556,0,0,0,0,0,0,0.055556,0,0,0,0,0,0,0,0,0.055556,0,0,0,0,0.055556,0,0.055556,0,0,0.055556,0,0,0,0,0,0,0.055556,0,0,0,0,0,0,0,0,0,0,0,0.055556,0,0,0.11111,0.055556,0,0,0,0,0,0,0.055556,0.055556,0.055556,0,0.11111
0.027027,0.027027,0,0.054054,0,0,0,0,0,0,0,0,0.054054,0,0,0.027027,0,0.027027,0.027027,0,0.027027,0,0.027027,0,0,0,0,0.054054,0,0,0,0.054054,0.027027,0,0,0,0,0,0,0,0,0,0,0,0.027027,0,0.054054,0.027027,0.054054,0.10811,0,0,0,0,0,0,0,0,0,0,0.10811,0.027027,0.027027,0.13514
0,0,0,0,0.071429,0,0,0,0,0,0,0,0.071429,0,0,0.071429,0,0,0,0.071429,0,0,0.071429,0,0,0,0,0,0.14286,0,0.071429,0,0,0,0.071429,0,0,0,0,0,0,0,0,0,0,0,0,0,0,0,0,0.14286,0,0,0.071429,0,0,0,0,0.071429,0.071429,0,0,0
0.076923,0,0.076923,0,0,0,0,0,0.076923,0,0,0,0.076923,0,0,0,0.15385,0,0,0,0,0,0,0,0,0,0,0.076923,0,0,0,0,0,0,0,0,0,0,0,0,0,0,0,0.076923,0,0,0,0,0,0.15385,0,0.076923,0.076923,0,0,0,0,0,0,0,0.076923,0,0,0
0,0,0,0,0.076923,0.15385,0,0,0,0,0,0,0,0,0.076923,0,0,0,0,0,0,0,0,0,0,0.076923,0,0,0,0.076923,0.076923,0,0,0,0,0,0,0,0,0.076923,0.076923,0,0.076923,0,0,0,0,0,0,0,0,0,0,0,0,0,0.076923,0,0.076923,0,0,0,0.076923,0
0.036585,0,0.02439,0.012195,0.02439,0,0.012195,0.02439,0.036585,0.012195,0.012195,0,0.060976,0,0.02439,0,0.036585,0.02439,0.02439,0.04878,0,0,0,0,0.012195,0.012195,0,0,0.012195,0,0.036585,0,0.04878,0,0.012195,0.012195,0,0.02439,0.02439,0.012195,0.036585,0.02439,0.012195,0.012195,0.012195,0,0.02439,0.012195,0.012195,0.036585,0.02439,0,0.012195,0.012195,0,0.012195,0.02439,0.04878,0.012195,0.036585,0,0.012195,0,0
0.04,0,0.08,0.04,0,0,0,0,0,0,0.08,0,0.04,0,0,0,0,0,0,0,0.04,0,0,0,0,0,0,0.04,0,0.04,0,0.04,0.04,0,0,0,0,0.04,0,0,0.04,0.04,0.04,0,0.04,0,0,0.04,0,0,0,0,0,0,0.04,0.04,0,0,0.04,0.04,0,0.08,0,0.04
0.066667,0,0.066667,0,0,0.066667,0,0,0,0,0,0,0.066667,0.066667,0.066667,0.066667,0,0,0,0,0,0,0,0,0,0.066667,0,0,0,0,0,0,0.066667,0,0,0,0.13333,0,0,0,0,0,0,0,0,0,0,0,0,0,0,0.066667,0,0,0.066667,0,0,0,0,0,0,0.066667,0.066667,0
0.078947,0.052632,0.052632,0.026316,0.052632,0,0,0,0.026316,0,0,0,0.026316,0.078947,0,0.026316,0.078947,0,0.026316,0,0,0,0.026316,0,0,0.052632,0.026316,0,0,0,0,0.026316,0.026316,0.026316,0,0,0.026316,0.026316,0,0,0,0,0,0.026316,0,0,0.026316,0.052632,0,0,0,0,0.026316,0,0,0,0,0,0,0,0,0,0.052632,0.052632
0,0,0.028571,0,0,0,0,0,0,0,0,0,0,0.028571,0,0.028571,0,0.028571,0.028571,0.057143,0,0,0.085714,0,0.028571,0.028571,0.028571,0.028571,0,0.028571,0,0,0,0,0,0.057143,0,0.085714,0.028571,0,0,0.028571,0,0.028571,0,0.028571,0,0,0,0,0,0.028571,0.028571,0,0,0.028571,0,0.028571,0,0.057143,0,0.057143,0.057143,0.028571
0,0,0,0,0,0,0,0,0,0,0,0,0.33333,0,0.083333,0,0.083333,0,0,0,0,0,0,0,0,0,0,0,0.083333,0,0,0,0,0,0,0,0.083333,0,0.083333,0,0,0,0,0,0.083333,0.083333,0,0,0,0,0,0,0,0,0,0,0,0,0.083333,0,0,0,0,0
0,0.076923,0.076923,0,0,0,0,0.076923,0,0,0,0,0,0,0,0.076923,0,0,0,0.076923,0,0,0,0,0.076923,0,0,0,0,0,0,0,0,0,0.076923,0,0.076923,0,0,0,0,0,0,0,0.076923,0,0.15385,0.076923,0,0,0,0,0,0,0,0,0,0,0,0,0,0.076923,0,0
0,0,0.11111,0,0,0,0,0,0,0,0,0,0,0,0,0,0,0,0.11111,0.11111,0.11111,0,0,0,0.11111,0,0,0,0,0,0,0,0,0,0,0,0,0,0,0,0,0,0.11111,0,0,0.11111,0,0,0,0,0,0,0,0,0,0,0,0,0,0,0.11111,0,0.11111,0
0,0.1,0,0,0,0,0,0,0.1,0,0,0,0.1,0,0,0,0,0,0,0,0,0,0,0,0,0,0,0,0.1,0,0,0,0,0,0,0,0,0,0,0,0,0.1,0,0,0,0,0.1,0,0.1,0,0,0,0,0,0,0,0,0.1,0,0,0.1,0,0,0.1
0.086957,0,0.043478,0,0.043478,0.043478,0,0.043478,0,0,0,0,0.043478,0,0.043478,0.043478,0.043478,0,0,0.043478,0,0,0,0,0,0,0,0,0,0,0,0,0.043478,0,0.043478,0,0,0.086957,0,0,0.043478,0,0.043478,0.043478,0.043478,0,0,0,0,0,0.043478,0,0,0,0,0,0.043478,0,0,0,0.043478,0,0,0.043478
0.13333,0,0,0.066667,0,0.066667,0.066667,0,0,0,0,0,0,0,0,0,0.066667,0,0,0,0,0,0,0,0,0.066667,0,0,0.066667,0,0.066667,0,0,0,0,0,0.066667,0.066667,0,0,0.066667,0,0.066667,0,0,0,0,0.066667,0,0,0,0,0,0,0.066667,0,0,0,0,0,0,0,0,0
0.052632,0.10526,0,0,0,0,0,0,0,0.052632,0,0.052632,0,0,0,0,0,0,0.052632,0.052632,0,0,0,0,0,0,0,0,0,0,0,0,0,0.052632,0,0,0.052632,0.10526,0,0.052632,0.052632,0,0,0,0,0,0.10526,0,0.052632,0,0,0,0,0.10526,0,0,0,0,0,0,0,0,0,0.052632
0.055556,0.055556,0.055556,0,0.055556,0,0,0,0.055556,0,0,0,0,0,0,0,0,0,0,0.055556,0.11111,0,0,0,0,0.055556,0,0,0,0.055556,0,0,0,0,0,0,0,0.055556,0,0,0,0.055556,0,0,0,0,0,0.055556,0,0,0,0,0,0,0,0,0,0,0.055556,0.055556,0,0,0.055556,0.11111
0.17647,0.058824,0.11765,0,0,0,0,0,0,0,0,0.058824,0,0,0,0.058824,0.058824,0,0,0,0,0,0,0,0,0.058824,0,0,0,0,0,0,0,0,0,0,0,0,0,0,0,0,0,0,0,0,0,0.058824,0.058824,0,0,0,0,0.11765,0,0,0,0,0,0,0.058824,0.058824,0,0.058824
0.076923,0.046154,0,0,0,0,0.015385,0.015385,0.030769,0.015385,0.015385,0.015385,0.076923,0,0,0.030769,0.061538,0.015385,0.030769,0,0,0,0.015385,0.015385,0.046154,0,0,0.015385,0,0,0,0,0.015385,0,0.030769,0,0.030769,0,0.030769,0.015385,0.030769,0,0,0,0.030769,0.030769,0.046154,0,0,0.030769,0,0,0,0.015385,0.015385,0,0.015385,0.015385,0,0.015385,0.015385,0,0.061538,0.015385
0.22222,0.055556,0,0,0,0,0,0,0.11111,0,0,0,0.16667,0,0,0,0,0.11111,0.055556,0,0,0,0,0,0,0,0,0,0,0,0.055556,0,0,0,0.055556,0,0,0,0,0,0,0,0,0,0,0,0,0,0,0.16667,0,0,0,0,0,0,0,0,0,0,0,0,0,0
0.071429,0,0.071429,0,0,0,0,0,0,0,0,0,0.071429,0,0,0.071429,0.071429,0.071429,0,0.071429,0,0,0,0,0,0,0.071429,0,0.071429,0,0.071429,0.14286,0,0,0,0,0,0,0,0,0,0,0,0,0,0,0,0,0,0,0,0,0,0,0,0,0.071429,0,0,0,0.071429,0,0,0
0.18182,0,0.090909,0,0,0,0,0,0,0,0,0,0.090909,0.090909,0,0,0.090909,0,0,0,0,0.090909,0,0,0,0,0,0,0,0,0,0,0,0,0,0,0.090909,0,0,0,0,0,0,0,0,0,0.18182,0,0,0,0,0,0,0,0.090909,0,0,0,0,0,0,0,0,0
0.04,0.08,0.04,0,0.12,0.04,0,0,0,0,0,0,0,0,0,0,0.04,0.04,0,0.08,0.04,0,0,0,0,0,0,0,0,0.04,0,0.04,0,0,0,0,0,0,0,0.04,0,0.04,0,0,0.04,0,0,0,0.08,0,0,0,0,0,0,0,0.08,0,0.04,0,0.04,0,0.04,0
0,0,0,0.055556,0,0,0,0,0,0,0,0,0,0,0,0,0.055556,0,0,0.055556,0,0,0.055556,0,0,0,0.11111,0,0,0,0.055556,0,0,0,0,0,0,0,0.16667,0,0,0,0,0,0,0,0.055556,0,0,0,0.055556,0,0.11111,0,0,0,0.055556,0.055556,0,0,0,0,0.11111,0
0,0,0,0,0,0,0,0.058824,0,0,0,0,0,0,0,0.058824,0.058824,0,0.058824,0,0.058824,0.058824,0,0,0,0.058824,0,0,0,0.058824,0,0,0,0,0,0,0.058824,0,0,0,0,0,0,0,0,0,0.058824,0,0.11765,0.058824,0,0,0.058824,0,0.058824,0.058824,0,0,0,0,0,0,0,0.058824
0,0,0,0.027027,0,0.027027,0.027027,0,0,0,0,0,0.027027,0,0,0,0.027027,0.027027,0.027027,0.027027,0,0,0.081081,0,0,0.027027,0,0.027027,0,0.027027,0,0,0,0.027027,0,0.027027,0,0.027027,0,0.027027,0.027027,0,0,0.027027,0,0.027027,0.027027,0.081081,0,0,0.027027,0,0.027027,0.027027,0.054054,0,0,0.027027,0,0,0.027027,0.081081,0,0.054054
0.05,0.025,0,0.05,0.025,0,0.025,0,0,0.025,0,0,0.05,0.025,0,0.05,0.05,0,0.025,0.05,0.025,0,0,0,0.025,0.025,0,0,0,0,0,0,0.025,0.025,0,0,0,0.025,0.025,0,0.025,0.025,0.025,0,0,0,0,0,0.025,0,0.025,0,0,0.025,0,0.05,0,0.025,0.025,0,0.05,0.025,0.025,0.025
0,0,0,0,0,0,0,0,0,0,0,0,0,0,0,0,0.1,0,0.1,0,0,0,0,0,0,0,0.1,0,0,0,0.1,0,0,0.1,0.1,0,0,0,0,0,0.1,0,0,0.1,0,0,0,0,0.1,0,0,0,0,0,0,0,0.1,0,0,0,0,0,0,0
0,0.1,0,0,0,0,0,0,0,0,0,0,0,0,0.1,0,0.1,0,0,0,0,0,0,0,0,0,0,0,0,0,0,0,0.1,0,0,0,0,0,0,0,0,0.1,0,0.1,0.1,0,0.1,0,0.1,0,0,0.1,0,0,0,0,0,0,0,0,0,0,0,0
0.095238,0,0,0.047619,0,0,0,0.047619,0,0,0,0.047619,0.047619,0.047619,0,0,0,0.047619,0.047619,0,0,0,0,0,0,0,0,0,0,0,0,0,0,0,0,0,0,0,0,0,0.047619,0,0,0,0,0.047619,0.047619,0,0,0,0,0,0,0,0.047619,0.047619,0,0.047619,0.047619,0.047619,0.047619,0.095238,0.047619,0
0,0,0.083333,0,0.16667,0,0,0,0,0,0,0,0,0,0,0,0.083333,0,0,0.083333,0,0,0,0,0,0,0,0,0.083333,0,0,0,0,0,0,0.083333,0,0,0,0,0.16667,0,0,0,0,0,0.083333,0,0.083333,0.083333,0,0,0,0,0,0,0,0,0,0,0,0,0,0
0.015385,0,0.015385,0.046154,0.030769,0,0,0.030769,0.015385,0,0,0,0.046154,0.015385,0,0,0.030769,0,0,0.015385,0.015385,0.015385,0.015385,0,0.015385,0.061538,0,0.015385,0,0,0,0.015385,0,0,0,0.015385,0.015385,0.030769,0.030769,0.015385,0,0.015385,0,0,0.015385,0.030769,0.030769,0,0,0.030769,0.015385,0,0.015385,0,0.046154,0.015385,0.046154,0.061538,0.030769,0.030769,0.061538,0,0.015385,0.015385
0.043478,0,0,0,0,0,0,0.043478,0,0,0,0,0.043478,0,0.043478,0,0.043478,0,0,0,0.043478,0,0,0.043478,0.086957,0,0.086957,0,0.043478,0,0,0.086957,0,0,0,0,0,0.043478,0,0.043478,0,0,0,0.043478,0,0.043478,0,0,0,0.043478,0.043478,0,0,0.043478,0,0,0,0,0.043478,0,0.043478,0,0,0
0.035714,0,0,0.10714,0,0,0.035714,0,0,0,0,0,0.071429,0.035714,0.10714,0,0,0.071429,0,0.035714,0,0,0,0,0.035714,0,0,0.035714,0.035714,0,0.035714,0.035714,0,0,0,0,0,0,0,0.035714,0,0.035714,0,0,0,0,0.035714,0,0.035714,0,0,0,0.071429,0.035714,0,0,0,0,0,0.071429,0,0,0,0
0,0,0,0.066667,0,0,0,0,0,0,0,0.066667,0.13333,0,0.066667,0,0.066667,0,0,0,0,0,0,0,0,0,0,0,0,0,0,0,0.066667,0,0,0,0,0.066667,0,0.066667,0,0,0,0,0,0,0.066667,0,0.066667,0.066667,0,0,0,0,0.066667,0,0.066667,0,0,0,0.066667,0,0,0
0.076923,0.15385,0,0,0,0,0,0,0,0,0,0,0.076923,0,0.076923,0,0,0,0,0,0,0,0,0,0,0,0,0,0,0,0,0.076923,0,0,0,0,0,0.076923,0.076923,0,0,0,0.076923,0,0,0,0.076923,0,0,0,0,0,0,0.076923,0,0,0,0.076923,0,0.076923,0,0,0,0
0.038462,0,0.038462,0.038462,0,0.038462,0.038462,0,0.038462,0,0.038462,0,0.038462,0,0,0,0.076923,0.038462,0,0.038462,0,0.038462,0,0,0.038462,0,0,0,0,0,0.038462,0,0,0,0.076923,0,0,0.038462,0,0,0,0,0,0.038462,0,0,0,0,0,0,0.038462,0.038462,0,0.038462,0,0,0.038462,0,0.038462,0,0.038462,0,0.038462,0
0.047059,0.011765,0.023529,0.011765,0.011765,0,0,0.058824,0.035294,0.047059,0,0.035294,0,0.011765,0,0,0.023529,0.023529,0.023529,0,0.023529,0,0.023529,0,0,0,0.023529,0,0,0,0,0,0,0,0.023529,0,0.070588,0.011765,0.035294,0.011765,0.011765,0.035294,0,0.023529,0.011765,0.011765,0.035294,0.035294,0.011765,0.011765,0.011765,0.011765,0,0,0.011765,0.023529,0.011765,0.047059,0.047059,0.035294,0,0.011765,0.011765,0
0,0,0,0,0,0,0,0,0,0.055556,0,0,0,0,0,0,0.055556,0,0,0,0.055556,0,0,0,0,0,0,0,0,0.11111,0.055556,0,0,0,0,0,0,0,0,0,0,0,0.055556,0,0,0,0.16667,0,0,0,0,0,0,0.055556,0,0.055556,0,0.11111,0,0.16667,0,0,0,0.055556
0,0,0,0,0.052632,0,0,0,0.052632,0.052632,0,0,0.052632,0.052632,0,0,0.052632,0,0,0,0,0,0,0,0,0,0,0,0,0,0.052632,0,0.052632,0.10526,0,0,0.052632,0,0.052632,0.052632,0.052632,0,0,0,0,0,0,0,0,0,0.052632,0,0,0,0,0,0.052632,0.052632,0.052632,0.052632,0,0,0,0
0,0.058824,0.058824,0.019608,0.058824,0,0,0.019608,0.019608,0.019608,0,0,0,0,0.058824,0.019608,0.039216,0.019608,0.019608,0,0,0,0.058824,0,0.019608,0.058824,0.019608,0,0,0,0.039216,0.019608,0.058824,0.019608,0,0,0,0.019608,0.019608,0,0.039216,0,0,0,0,0,0.039216,0,0,0.019608,0,0,0,0.019608,0.039216,0.019608,0.039216,0,0,0.019608,0,0,0.019608,0
0.051282,0,0,0.025641,0.051282,0,0.025641,0.025641,0,0,0.025641,0,0,0,0.051282,0,0.025641,0.051282,0.025641,0,0,0,0,0,0.025641,0,0,0.025641,0,0,0.025641,0.076923,0,0,0,0,0.025641,0.025641,0.051282,0,0,0,0,0,0.025641,0,0,0.025641,0.051282,0.051282,0.025641,0.025641,0,0,0.025641,0.025641,0,0,0,0,0,0.025641,0,0.10256
0.032258,0,0.032258,0,0,0,0,0,0,0,0,0.064516,0,0.064516,0,0,0.032258,0,0,0.064516,0,0.032258,0,0.032258,0.096774,0,0.032258,0,0,0.064516,0.032258,0.032258,0,0.032258,0,0.032258,0,0,0,0.032258,0,0,0,0,0,0,0,0,0,0.032258,0,0.032258,0.032258,0,0.064516,0.032258,0.032258,0,0.032258,0,0.032258,0,0,0
0,0,0,0,0,0,0,0,0,0,0,0,0,0,0,0,0,0,0,0.083333,0,0,0,0,0.083333,0.083333,0,0,0,0,0,0,0,0,0,0.083333,0.083333,0.083333,0.083333,0,0,0,0,0.083333,0,0,0,0,0,0.083333,0,0,0,0,0,0.083333,0.083333,0,0,0,0.083333,0,0,0
0,0.037037,0,0.037037,0.037037,0,0,0,0,0.037037,0,0.037037,0,0,0,0,0,0.037037,0.074074,0.037037,0.037037,0,0,0,0,0,0.037037,0,0,0,0,0.037037,0,0,0.037037,0,0.11111,0,0,0,0.037037,0,0,0,0,0.037037,0.037037,0.037037,0,0,0,0,0,0,0.11111,0,0,0.074074,0,0,0,0,0,0.074074
0,0,0,0.013158,0.013158,0,0,0,0,0.013158,0,0,0,0.026316,0,0,0.013158,0,0,0.013158,0.013158,0.013158,0.039474,0,0.013158,0.052632,0.013158,0.065789,0,0.013158,0.013158,0.013158,0.013158,0.013158,0.013158,0,0.039474,0,0,0.026316,0.013158,0.013158,0,0.026316,0.013158,0.065789,0.013158,0.039474,0,0.013158,0.026316,0.013158,0.026316,0.039474,0.039474,0.013158,0.013158,0.026316,0.052632,0.039474,0.026316,0,0.026316,0.013158
0,0,0.076923,0,0.15385,0,0.076923,0,0,0,0,0,0,0,0,0,0,0,0,0,0,0,0,0,0,0,0,0,0,0,0,0,0,0,0,0,0,0,0.076923,0.15385,0,0,0,0,0,0,0,0.076923,0.15385,0,0,0,0,0,0.076923,0,0,0,0,0.076923,0,0,0,0.076923
0,0,0.029412,0,0,0.029412,0,0,0,0,0,0.029412,0.029412,0.029412,0,0.058824,0.029412,0,0,0,0,0,0,0,0,0.029412,0.029412,0.058824,0.029412,0,0,0,0,0,0,0.029412,0.029412,0,0.029412,0,0.029412,0.058824,0,0,0,0.029412,0,0,0,0,0,0.029412,0.058824,0,0.029412,0.029412,0.029412,0.088235,0,0,0.029412,0,0.029412,0.088235
0.058824,0,0,0.11765,0,0,0.058824,0,0,0,0.058824,0,0,0.058824,0.11765,0.058824,0,0,0,0,0,0,0.058824,0,0,0,0,0,0,0,0,0,0,0,0,0,0,0,0,0,0.11765,0,0,0,0,0.058824,0.058824,0,0,0,0,0,0,0,0,0,0,0,0,0.058824,0,0,0,0.11765
0.090909,0,0,0,0,0,0,0,0,0,0,0,0.18182,0,0,0,0.090909,0.18182,0,0,0,0,0,0,0,0,0,0,0,0,0,0,0,0,0,0,0,0,0,0,0,0.090909,0,0,0,0,0,0,0.090909,0,0,0,0,0,0,0,0,0.090909,0,0.090909,0.090909,0,0,0
0,0,0,0.074074,0.037037,0,0,0,0.037037,0,0.074074,0,0,0,0.074074,0,0.11111,0,0,0,0.037037,0,0,0,0.11111,0,0.037037,0,0,0,0,0,0.037037,0,0,0,0.074074,0.037037,0,0.037037,0,0.037037,0,0,0,0,0.11111,0,0,0,0.037037,0,0,0,0,0,0,0.037037,0,0,0,0,0,0
0.10526,0,0,0,0,0,0.052632,0,0,0.052632,0,0,0.052632,0,0,0.052632,0.10526,0,0.15789,0,0,0.052632,0,0,0,0,0,0,0,0.052632,0,0.052632,0,0,0,0,0,0,0,0,0,0,0.052632,0,0,0,0,0,0,0,0,0,0,0.10526,0,0,0,0,0,0,0,0.052632,0,0.052632
0,0.045455,0.045455,0,0,0,0,0,0,0,0.045455,0,0,0,0,0,0.045455,0,0.090909,0,0,0,0,0,0,0,0,0.045455,0.045455,0.045455,0,0.045455,0,0,0.045455,0,0,0,0.045455,0,0,0,0,0,0,0,0,0.045455,0,0,0,0,0.13636,0,0.090909,0.045455,0,0.045455,0,0,0,0,0.090909,0
0.066667,0,0.13333,0,0.066667,0.066667,0,0,0,0,0,0,0.066667,0,0,0,0.066667,0.066667,0,0,0.066667,0,0,0,0,0,0,0,0,0.066667,0,0,0.13333,0,0,0,0,0,0,0,0,0,0,0,0,0,0,0,0,0,0,0.066667,0.066667,0,0,0,0,0,0,0,0,0,0,0.066667
0,0,0,0,0.066667,0,0,0,0,0,0,0,0,0,0.066667,0,0,0.066667,0,0,0,0,0,0,0,0,0,0,0,0,0,0,0.066667,0,0,0,0,0,0,0.13333,0,0,0,0,0,0,0,0,0,0,0,0,0,0,0,0,0.066667,0.066667,0,0.13333,0.13333,0,0.066667,0.13333
0,0,0,0,0,0,0,0,0,0,0,0.13333,0,0,0,0,0,0,0,0,0.066667,0,0,0,0,0.13333,0,0,0,0.066667,0.13333,0,0,0,0,0,0,0,0,0,0,0,0.066667,0,0,0,0,0.066667,0,0,0,0,0,0.13333,0.13333,0,0,0,0,0,0,0,0,0.066667
0,0.021739,0.021739,0.021739,0,0.021739,0,0,0,0,0,0.021739,0,0,0.065217,0,0,0.043478,0.065217,0.043478,0,0,0,0,0.043478,0.021739,0,0.021739,0.021739,0,0.086957,0,0,0.043478,0.021739,0,0.043478,0,0,0.043478,0.065217,0,0,0.021739,0,0,0.021739,0,0.043478,0,0,0,0.021739,0.021739,0,0.021739,0.021739,0,0.021739,0,0,0.021739,0.043478,0
0.05,0,0,0.066667,0,0,0.05,0.016667,0,0.033333,0.016667,0.083333,0.033333,0.016667,0,0,0.033333,0.033333,0,0,0.033333,0.016667,0,0,0.033333,0.033333,0.016667,0,0.033333,0.016667,0,0,0,0,0.016667,0,0,0,0.033333,0.016667,0.016667,0.016667,0.016667,0,0,0.016667,0,0.016667,0,0.016667,0.016667,0,0.033333,0.066667,0,0,0.016667,0.016667,0.016667,0.016667,0.016667,0,0.016667,0
0.14286,0.047619,0,0,0.095238,0,0.047619,0,0.047619,0,0,0,0,0.047619,0,0,0.095238,0,0,0,0,0,0,0.047619,0.047619,0,0,0,0,0,0,0,0.095238,0,0.047619,0,0,0,0,0.14286,0,0,0,0,0,0,0,0,0,0.047619,0,0,0,0,0.047619,0,0,0,0,0,0,0,0,0
0.04,0,0,0,0.04,0,0.04,0.04,0,0,0,0.04,0.04,0,0,0.08,0.04,0.04,0,0,0,0.04,0,0,0.04,0,0,0,0.04,0.04,0.04,0,0,0,0,0,0.04,0,0,0,0.04,0.04,0,0.04,0.04,0,0,0,0.04,0,0,0.08,0,0,0,0,0,0,0,0,0,0,0.04,0.04
0.076923,0,0,0,0,0.076923,0.076923,0,0,0,0,0,0,0,0.076923,0,0,0,0.076923,0,0,0.076923,0,0,0,0,0,0,0.076923,0,0,0,0,0,0,0,0,0,0,0,0,0.076923,0.076923,0,0,0,0,0.076923,0,0,0,0,0,0,0,0,0,0,0,0.076923,0,0,0.076923,0.076923
0,0,0,0,0,0,0,0,0,0,0,0,0,0,0,0,0,0,0,0,0.1,0,0.1,0,0,0,0,0.1,0,0,0,0,0,0,0,0,0.1,0,0,0,0,0.1,0,0,0,0,0.1,0,0,0,0.1,0,0,0,0,0,0.1,0,0,0,0.1,0,0,0.1
0,0,0.090909,0,0,0,0,0,0.090909,0,0,0,0,0,0.090909,0.090909,0.090909,0,0,0,0,0,0,0,0,0,0,0,0,0,0,0,0,0,0,0,0,0,0,0,0,0,0,0,0,0,0,0.090909,0.090909,0.090909,0,0.090909,0,0,0.090909,0,0,0,0.090909,0,0,0,0,0
0,0,0,0.058824,0,0,0,0,0,0.058824,0.058824,0.058824,0.058824,0.11765,0,0,0,0.058824,0.11765,0,0,0,0,0,0,0,0,0,0.058824,0,0,0,0,0,0,0,0,0.058824,0,0,0,0,0,0,0.058824,0,0,0,0.058824,0.058824,0,0,0,0,0,0,0,0.058824,0,0,0,0,0.058824,0
0,0,0,0.071429,0,0.071429,0,0,0,0,0.071429,0,0,0,0,0.071429,0,0,0,0,0.071429,0,0.071429,0,0,0,0,0.071429,0.071429,0,0,0,0.071429,0,0,0,0,0,0,0,0.071429,0,0,0.071429,0.071429,0,0,0,0.071429,0,0,0,0,0,0,0,0,0,0,0,0,0.071429,0,0
0.038462,0,0,0,0,0,0.038462,0,0,0,0,0,0,0,0,0,0.038462,0.038462,0,0.076923,0,0,0,0,0,0.038462,0,0,0,0.038462,0,0,0,0,0,0,0,0,0,0,0.038462,0,0,0,0,0,0.038462,0.076923,0.038462,0,0.038462,0.038462,0,0,0.038462,0.038462,0.038462,0,0,0,0,0.038462,0,0.26923
0.14286,0,0.071429,0,0,0,0,0,0,0,0,0,0.071429,0,0,0.071429,0,0,0,0,0,0,0,0,0,0.071429,0.071429,0,0,0,0,0,0,0,0,0,0,0,0.071429,0,0,0,0,0,0,0,0.071429,0,0,0,0,0,0.071429,0,0.071429,0,0,0.071429,0,0,0.071429,0,0.071429,0
0,0,0,0,0,0,0,0.0625,0,0,0,0,0,0,0,0.0625,0.125,0,0,0.125,0,0,0,0,0,0,0,0,0,0,0,0,0,0,0,0,0.0625,0,0,0,0,0,0,0,0.0625,0,0,0,0.1875,0.0625,0.0625,0,0,0,0,0,0.0625,0,0,0,0,0,0.0625,0.0625
0.11765,0,0,0,0,0.11765,0,0,0,0,0,0.11765,0,0.058824,0,0,0.058824,0,0,0,0,0,0,0,0,0,0,0,0,0.058824,0,0,0,0.058824,0,0,0,0,0,0,0,0,0.058824,0,0,0,0,0.058824,0,0,0,0,0,0.058824,0,0,0,0.058824,0,0,0,0,0.11765,0.058824
0,0,0,0,0,0,0,0,0,0,0,0,0,0,0.076923,0,0.076923,0,0,0,0,0,0,0.076923,0,0,0,0,0,0,0,0,0.076923,0,0,0,0.15385,0.076923,0,0,0,0.076923,0,0,0,0,0,0,0,0,0,0,0,0,0.076923,0.076923,0,0,0,0,0,0.15385,0,0.076923
0.016949,0.033898,0,0.033898,0.033898,0,0,0,0,0.016949,0.016949,0.033898,0.016949,0.016949,0,0,0.033898,0.033898,0.067797,0.033898,0.033898,0.033898,0.016949,0,0.016949,0.016949,0.016949,0.016949,0,0,0.067797,0,0,0,0,0.033898,0,0.016949,0.050847,0,0.016949,0,0.016949,0,0.016949,0.016949,0,0.033898,0.033898,0,0.016949,0,0,0,0.050847,0,0.033898,0,0,0.016949,0,0.016949,0.016949,0
0.023256,0.023256,0,0,0.13953,0.023256,0.023256,0,0,0.069767,0,0,0.046512,0,0.023256,0,0.069767,0,0.023256,0.023256,0.046512,0.023256,0,0.023256,0,0.023256,0,0.023256,0,0,0,0.023256,0,0,0,0,0,0.046512,0,0,0,0,0.023256,0.023256,0,0,0,0.023256,0,0,0,0.023256,0,0.023256,0.023256,0.023256,0.023256,0.046512,0,0,0,0,0.023256,0.046512
0,0,0,0.041667,0.041667,0,0,0,0.083333,0,0,0,0,0,0,0.041667,0.083333,0.041667,0.041667,0,0,0,0,0,0,0,0,0,0,0.041667,0,0,0,0,0,0,0,0.041667,0,0.041667,0,0,0,0,0,0,0.041667,0.041667,0,0,0.041667,0.125,0.041667,0.041667,0,0,0,0.041667,0,0,0,0.083333,0.041667,0
0.038462,0.038462,0,0.076923,0.076923,0,0,0,0,0,0,0,0,0,0,0.038462,0,0.038462,0,0,0.038462,0.038462,0,0,0.038462,0,0,0,0,0.038462,0,0,0,0.038462,0,0,0.076923,0.038462,0,0,0,0,0,0,0,0,0,0.038462,0,0.038462,0,0.076923,0.038462,0.038462,0,0.038462,0,0.038462,0,0,0,0.038462,0,0.038462
0.055556,0,0.055556,0,0.055556,0.055556,0,0,0.055556,0.11111,0,0,0.055556,0,0,0.055556,0.055556,0,0,0,0,0,0,0,0.055556,0,0,0.055556,0,0,0,0,0.11111,0,0,0.055556,0,0,0.055556,0,0,0.055556,0,0,0,0,0,0,0,0,0,0,0,0,0,0,0,0,0.055556,0,0,0,0,0
0,0,0,0,0,0,0,0,0.0625,0.1875,0,0.0625,0.0625,0.0625,0,0.0625,0,0,0.0625,0,0,0,0,0,0,0,0,0,0,0,0,0,0.25,0,0,0,0,0,0,0,0,0,0,0,0,0,0,0.0625,0.0625,0,0,0,0,0,0,0,0,0.0625,0,0,0,0,0,0
0.074074,0.074074,0.018519,0,0,0,0,0.018519,0,0.018519,0,0.018519,0.037037,0.018519,0.018519,0,0.33333,0,0.074074,0,0.018519,0,0.018519,0,0,0.018519,0,0,0.018519,0,0,0,0.018519,0,0,0,0,0,0,0,0,0,0,0,0,0,0,0,0.092593,0.018519,0.037037,0,0,0,0,0,0,0.037037,0,0,0,0,0.018519,0
0.090909,0,0.090909,0,0.090909,0,0,0,0.090909,0,0,0,0.090909,0,0,0,0,0,0,0,0.090909,0,0.090909,0,0,0,0,0,0,0,0,0,0,0,0,0.090909,0,0.090909,0,0,0,0,0,0,0,0,0,0,0.090909,0,0,0.090909,0,0,0,0,0,0,0,0,0,0,0,0
0,0.0625,0.0625,0,0,0.125,0,0,0.0625,0.0625,0.0625,0,0,0.0625,0,0,0,0,0,0,0,0,0,0,0.0625,0,0,0,0.0625,0,0,0,0.0625,0,0,0,0,0.0625,0,0,0,0,0,0,0.125,0,0,0,0,0,0,0,0,0,0,0,0,0,0,0,0.0625,0,0,0.0625
0,0,0,0,0,0.090909,0.090909,0,0,0,0,0,0,0,0,0.090909,0,0,0,0,0,0,0,0,0.090909,0,0,0,0,0,0,0,0,0,0,0,0,0.090909,0,0.090909,0,0,0,0,0,0,0.090909,0,0,0,0,0,0,0,0,0.090909,0,0,0,0.18182,0,0,0.090909,0
0,0,0,0.064516,0,0,0,0,0.032258,0,0,0.032258,0,0,0.032258,0,0,0,0.096774,0.064516,0,0,0,0,0,0.032258,0,0,0,0,0.16129,0,0,0,0,0,0,0.064516,0,0,0,0,0,0,0,0,0,0,0,0,0,0.064516,0,0,0.032258,0,0,0.064516,0.064516,0.12903,0,0,0.064516,0
0,0,0,0,0,0,0,0,0,0,0,0.083333,0,0.083333,0,0,0.083333,0,0,0,0,0,0,0,0,0,0,0,0,0,0.083333,0,0.083333,0,0.083333,0,0,0,0,0,0,0,0,0,0.083333,0,0,0,0.083333,0,0,0,0.25,0.083333,0,0,0,0,0,0,0,0,0,0
0,0.071429,0,0.071429,0,0,0,0,0.071429,0.071429,0,0.071429,0,0,0,0,0,0.071429,0,0,0,0,0.071429,0.071429,0.14286,0,0,0,0,0,0,0,0,0,0,0,0.071429,0,0,0,0,0,0.071429,0,0,0,0,0,0,0,0,0,0,0,0,0.071429,0,0,0.071429,0,0,0,0,0
0.025641,0.025641,0.051282,0.025641,0.025641,0.025641,0.025641,0,0.025641,0,0,0.025641,0,0,0,0.025641,0.076923,0,0,0,0.051282,0,0,0,0,0,0,0,0,0,0,0,0,0,0,0,0,0.025641,0.051282,0.025641,0.025641,0.025641,0,0,0,0.025641,0.076923,0,0,0.025641,0,0.025641,0.051282,0.025641,0,0,0,0.025641,0,0.025641,0.10256,0,0.025641,0.025641
0.15385,0.076923,0,0,0.076923,0,0.076923,0,0,0,0,0,0.076923,0,0,0,0,0,0.15385,0,0,0,0,0,0,0,0,0,0.076923,0,0.076923,0,0.15385,0,0,0,0,0,0,0,0,0,0,0,0,0,0,0,0,0,0,0,0,0,0,0,0,0,0,0,0.076923,0,0,0
0.1,0,0,0,0,0,0,0,0,0.1,0,0,0,0,0,0,0,0,0.1,0,0,0,0,0,0,0,0,0,0,0,0,0,0,0,0,0,0,0,0,0,0,0.1,0,0.1,0,0.1,0,0,0,0,0,0,0.1,0.2,0,0,0,0,0,0,0,0,0.1,0
0,0,0.1,0,0,0,0,0,0.1,0,0,0,0.1,0,0.1,0,0,0,0,0,0,0,0,0,0,0,0.1,0,0.1,0,0,0,0,0,0,0.1,0,0,0,0,0,0,0,0,0,0,0,0,0.1,0,0,0,0,0,0,0,0,0,0,0,0,0.1,0,0.1
0,0,0,0,0.1,0,0,0,0,0,0,0,0,0,0,0,0,0.1,0,0.1,0,0,0,0.1,0,0,0,0,0,0,0,0,0,0,0,0,0,0,0.1,0,0.1,0,0,0,0,0,0,0,0.2,0,0,0,0,0,0,0,0,0,0,0,0,0.1,0.1,0
0.15909,0,0.045455,0.022727,0.045455,0.022727,0.022727,0,0,0.022727,0,0.022727,0.045455,0,0,0,0.022727,0,0,0,0.022727,0,0,0,0.022727,0,0,0,0,0.022727,0,0,0.045455,0.022727,0.022727,0,0,0,0,0,0,0,0,0,0,0,0.022727,0.022727,0.068182,0.022727,0,0,0,0,0.022727,0,0.022727,0.068182,0,0.022727,0.045455,0,0,0.090909
0.058824,0,0.058824,0,0,0,0,0,0,0,0.058824,0,0,0,0,0.17647,0,0,0.058824,0,0,0,0,0,0,0,0,0.058824,0,0,0,0,0,0,0,0,0,0.058824,0,0,0,0,0,0,0,0.058824,0.058824,0.058824,0.11765,0,0,0,0.058824,0,0,0,0,0,0.058824,0,0,0,0.058824,0
0.088235,0,0,0.029412,0,0,0.029412,0,0,0,0,0,0,0,0,0.029412,0,0.029412,0,0,0,0,0,0,0,0,0.029412,0,0.029412,0,0,0,0.058824,0,0.029412,0,0.029412,0.058824,0.029412,0.058824,0,0.029412,0,0,0,0.029412,0.058824,0.11765,0,0,0,0,0,0,0,0.058824,0.029412,0,0.029412,0.058824,0,0.029412,0,0.029412
0.045455,0.045455,0.045455,0.090909,0.045455,0,0,0,0.045455,0,0,0.090909,0.045455,0,0,0,0.13636,0,0,0.045455,0,0.045455,0,0,0,0,0,0,0,0,0,0,0.045455,0,0,0,0,0,0,0,0,0,0,0,0,0,0,0,0.045455,0.090909,0,0,0,0.045455,0,0,0,0,0,0.045455,0,0,0.045455,0
0.1,0.025,0,0.025,0,0,0.025,0,0.025,0,0,0,0.075,0.025,0,0.025,0.075,0,0,0,0,0.025,0,0,0,0,0,0.025,0.025,0,0.05,0.025,0.05,0,0,0,0.025,0,0,0,0.025,0,0,0.025,0,0.025,0,0,0.075,0.05,0,0.025,0.025,0,0,0,0.025,0,0.025,0,0,0,0.05,0.025
0,0,0,0,0,0,0,0,0,0,0,0,0.076923,0,0,0,0,0,0,0,0,0,0,0,0,0,0,0.076923,0,0,0.076923,0,0,0,0,0,0,0,0.076923,0,0,0,0.076923,0,0,0,0,0.076923,0,0,0.076923,0,0,0,0,0,0.076923,0,0.076923,0,0.076923,0,0,0.23077
0.029412,0.058824,0,0,0.029412,0.058824,0,0,0.029412,0.029412,0,0.058824,0.029412,0,0.029412,0.088235,0,0,0,0,0,0,0,0,0,0,0.029412,0,0,0.029412,0,0,0.029412,0,0,0,0,0,0.029412,0,0,0,0,0.029412,0,0,0,0.058824,0.058824,0.029412,0.029412,0.058824,0.029412,0,0,0,0,0.058824,0,0,0.029412,0,0.029412,0.029412
0,0.1,0.1,0.1,0.1,0,0,0,0,0,0,0,0.1,0,0,0,0,0,0,0,0,0,0,0,0,0.1,0,0,0,0,0.1,0,0.1,0,0,0,0,0,0,0,0,0,0,0,0,0,0,0,0,0,0,0,0.1,0,0,0,0,0,0,0,0.1,0,0,0
0.10526,0,0,0,0,0.10526,0.052632,0,0,0,0,0,0,0,0,0.052632,0.052632,0,0,0,0.052632,0,0,0,0,0,0,0,0,0,0,0,0,0,0,0.052632,0.052632,0,0,0,0,0.052632,0,0,0,0.052632,0,0.15789,0.052632,0,0,0,0,0,0,0,0,0.052632,0.052632,0.052632,0,0,0,0
0,0,0,0.14286,0,0,0,0,0,0,0,0,0,0,0.071429,0,0,0.071429,0,0.071429,0,0,0,0,0,0,0,0,0,0,0,0,0,0,0,0,0,0,0,0,0,0.071429,0,0,0,0,0,0,0.071429,0,0,0.071429,0.071429,0,0,0,0.071429,0,0,0,0.071429,0.071429,0.071429,0.071429
0,0.052632,0,0,0,0.052632,0,0.052632,0,0,0,0,0,0.052632,0.052632,0,0,0,0,0.052632,0,0,0,0,0,0,0.052632,0,0,0,0.052632,0,0.052632,0,0,0,0,0.052632,0,0,0,0,0,0,0.052632,0,0,0.052632,0,0,0,0.052632,0,0,0.052632,0,0,0,0.052632,0.10526,0,0,0,0.10526
0,0,0,0,0.0625,0,0,0.0625,0.0625,0.0625,0,0,0,0.125,0,0,0,0,0,0,0,0,0,0,0,0.0625,0,0,0,0,0.0625,0,0,0,0,0.0625,0,0,0,0,0,0,0,0,0,0.0625,0.0625,0.0625,0,0,0,0,0,0,0,0,0,0,0,0.0625,0,0,0.0625,0.125
0.23529,0.058824,0,0,0,0.17647,0,0,0,0.058824,0,0,0,0,0,0,0,0.058824,0,0,0.058824,0,0,0,0,0,0,0,0,0,0,0,0,0,0,0,0,0,0,0,0,0,0,0,0,0,0.058824,0,0,0,0,0.058824,0,0,0,0,0.058824,0.11765,0,0,0,0,0.058824,0
0,0,0,0,0.032258,0,0.032258,0.032258,0,0,0,0,0,0.064516,0,0,0,0.032258,0,0.032258,0,0,0,0,0,0.032258,0,0,0,0,0,0,0,0,0,0.096774,0.032258,0.064516,0.064516,0.064516,0,0,0,0,0.064516,0,0.096774,0.032258,0,0,0,0,0,0,0.064516,0.032258,0.032258,0,0.032258,0,0,0,0.032258,0.032258
0,0,0,0,0,0,0,0,0,0,0,0.043478,0,0.13043,0,0.043478,0,0,0.086957,0.086957,0.043478,0,0,0,0.043478,0,0,0,0,0,0.043478,0,0,0,0,0,0,0.086957,0.086957,0,0,0,0,0,0,0.043478,0,0.043478,0,0,0,0,0,0,0,0,0,0,0.086957,0,0,0,0.13043,0
0.13333,0.066667,0,0.066667,0,0,0,0,0,0,0,0,0,0,0,0,0.13333,0,0.066667,0,0,0,0,0,0.066667,0.066667,0,0,0,0,0,0,0,0.066667,0,0,0,0,0.066667,0.066667,0,0,0,0,0,0,0.066667,0,0,0,0,0,0,0,0.066667,0,0,0,0,0,0,0.066667,0,0
0,0,0,0,0.066667,0,0,0.066667,0,0,0,0,0,0,0,0,0.13333,0,0,0,0,0,0,0,0,0,0,0,0,0,0,0,0.066667,0,0,0,0.066667,0.066667,0,0,0,0,0,0,0,0,0,0,0,0,0,0,0.066667,0,0,0,0.066667,0,0,0.13333,0,0,0,0.26667
0.125,0.0625,0.0625,0,0,0,0,0,0,0.0625,0,0,0.0625,0,0,0,0,0,0.0625,0,0,0,0,0,0,0,0,0,0,0.0625,0.0625,0,0.0625,0.0625,0,0,0.0625,0,0,0,0,0,0,0,0,0,0,0,0,0,0,0,0.125,0,0,0,0,0,0,0,0.0625,0,0.0625,0
0,0,0,0.14286,0.071429,0,0,0,0,0,0,0,0,0,0.071429,0.14286,0,0,0,0,0,0,0,0,0,0,0.071429,0,0,0,0.071429,0,0,0,0.071429,0,0,0,0,0,0,0,0,0,0,0,0,0,0.071429,0.071429,0,0.071429,0,0,0,0,0,0,0.071429,0,0,0.071429,0,0
0,0,0,0,0.076923,0,0,0,0,0,0,0.076923,0,0,0,0,0.076923,0.076923,0,0,0,0.076923,0,0,0,0,0.076923,0,0,0,0,0,0,0,0,0,0.15385,0,0.076923,0,0,0,0,0,0,0,0.076923,0.076923,0,0,0,0,0,0,0.076923,0,0,0,0,0,0,0,0,0.076923
0.10526,0,0.052632,0,0,0,0,0,0,0,0,0,0.15789,0.052632,0,0,0.052632,0,0,0,0,0,0,0,0.052632,0,0.052632,0,0,0,0,0,0.15789,0,0,0,0.052632,0,0,0,0,0,0,0,0,0,0,0,0,0,0.052632,0,0,0,0,0,0.052632,0,0,0.052632,0.052632,0,0,0.052632
0,0.076923,0,0,0,0,0.076923,0.076923,0,0,0,0,0.076923,0,0,0,0,0,0.076923,0.076923,0,0,0,0,0,0.076923,0,0,0,0,0,0,0,0,0,0,0,0,0.076923,0,0,0.076923,0,0,0,0,0,0,0.076923,0,0,0.076923,0,0,0,0.076923,0.076923,0,0,0,0,0,0,0
0.061224,0,0.040816,0.040816,0.020408,0.020408,0.020408,0,0.020408,0,0.020408,0.020408,0,0,0.020408,0.061224,0.020408,0,0,0,0.061224,0,0.020408,0,0.040816,0,0,0,0,0,0,0.020408,0.020408,0,0,0.020408,0.040816,0.040816,0.020408,0.020408,0,0.020408,0,0.020408,0,0,0.020408,0,0.020408,0.020408,0.020408,0.020408,0.020408,0,0.020408,0,0.020408,0.040816,0.020408,0.020408,0,0.040816,0,0
0.15385,0,0,0,0,0.076923,0.076923,0,0,0,0,0,0,0,0,0,0,0.076923,0,0,0,0,0,0,0,0,0,0,0,0,0,0,0.076923,0,0,0.076923,0,0.076923,0,0,0.076923,0,0,0,0,0,0,0,0,0,0,0,0,0,0.23077,0,0,0,0,0,0,0,0.076923,0
0,0,0,0,0.033333,0,0,0,0.033333,0,0.066667,0,0,0,0.033333,0.13333,0.033333,0.033333,0,0.033333,0,0,0,0,0.033333,0,0,0.033333,0,0.033333,0,0,0.066667,0,0,0,0,0,0.066667,0.033333,0,0.033333,0,0,0,0,0,0,0,0,0,0,0.066667,0.033333,0,0,0,0.066667,0,0,0,0.066667,0.033333,0.033333
0.38462,0,0,0,0.076923,0.076923,0.076923,0,0,0,0,0,0,0,0,0,0,0,0,0,0,0.076923,0,0,0.15385,0,0,0,0,0,0,0,0,0,0,0,0.076923,0,0,0,0,0,0,0,0.076923,0,0,0,0,0,0,0,0,0,0,0,0,0,0,0,0,0,0,0
0,0,0,0,0.090909,0,0,0,0,0,0,0.090909,0.18182,0,0,0.090909,0,0,0,0.090909,0,0,0,0,0,0,0,0,0,0,0,0,0.090909,0,0,0,0,0,0,0,0,0,0,0,0.090909,0,0,0,0,0.090909,0,0,0.090909,0,0,0,0,0.090909,0,0,0,0,0,0
0,0.055556,0.11111,0,0,0,0,0,0.055556,0,0,0,0,0.11111,0,0,0.055556,0,0,0,0,0,0.055556,0,0,0,0,0,0,0,0,0,0,0,0,0.055556,0.055556,0,0,0,0,0,0,0,0.055556,0.055556,0,0,0,0,0,0,0,0.055556,0,0.055556,0.055556,0,0,0.055556,0.11111,0,0,0
0,0,0,0,0.096774,0.064516,0.032258,0,0,0,0,0.032258,0.096774,0,0.032258,0,0,0.064516,0.032258,0.064516,0,0.064516,0,0,0.032258,0,0,0,0,0,0,0.032258,0.032258,0,0,0.064516,0.032258,0,0,0.032258,0,0,0,0,0.032258,0,0.032258,0,0.032258,0,0,0,0,0,0,0.032258,0,0.032258,0,0,0.032258,0,0,0
0.055556,0.055556,0,0,0,0,0,0,0.055556,0,0,0.055556,0,0,0.055556,0.055556,0,0,0.055556,0,0,0,0,0,0,0.055556,0,0.055556,0,0,0,0,0,0,0,0,0.055556,0.16667,0,0,0,0,0,0,0.055556,0,0,0.055556,0,0,0.055556,0,0.055556,0,0,0,0.055556,0,0,0,0,0,0,0
0,0.025,0.025,0.05,0.05,0,0,0,0.025,0,0,0,0.025,0,0,0.05,0.025,0,0.025,0.1,0,0,0,0.025,0,0,0.025,0,0,0,0.025,0,0,0.025,0.025,0,0.025,0,0,0.025,0,0.025,0,0,0.025,0,0.025,0,0,0.025,0,0.025,0.075,0,0,0,0.05,0,0,0,0.05,0.025,0.075,0.025
0.11111,0,0,0.055556,0,0,0,0,0,0,0,0,0,0,0,0,0.055556,0,0.055556,0.055556,0,0,0,0,0,0,0,0.055556,0,0,0,0,0.055556,0,0,0,0,0.055556,0,0,0,0,0,0,0,0,0,0.055556,0,0,0,0.055556,0,0,0.055556,0,0,0,0.11111,0.16667,0,0.055556,0,0
0.045455,0,0,0.045455,0,0,0.090909,0,0,0,0,0,0.045455,0,0,0.045455,0.045455,0,0,0,0.045455,0,0,0.045455,0,0,0,0.045455,0,0,0,0,0,0,0,0,0.045455,0,0,0.045455,0,0,0,0,0,0.045455,0,0.045455,0.045455,0,0,0.090909,0,0,0,0,0.045455,0,0.090909,0,0,0.045455,0,0.045455
0,0.052632,0.052632,0.052632,0,0,0,0,0,0.052632,0,0,0,0.10526,0,0,0.052632,0,0,0,0,0,0,0,0.10526,0,0,0,0,0,0,0,0.052632,0,0,0.052632,0,0,0,0,0,0,0,0,0.052632,0.052632,0.052632,0,0,0.052632,0,0,0,0.052632,0,0,0.10526,0,0,0,0,0,0,0.052632
0,0.066667,0,0,0,0,0,0,0,0.26667,0,0,0,0.066667,0,0,0,0,0,0,0,0,0,0,0,0,0,0.066667,0,0,0,0,0,0.13333,0,0,0.066667,0.066667,0,0,0,0,0,0,0,0,0,0,0,0,0,0,0,0,0,0,0,0.26667,0,0,0,0,0,0
0,0,0,0.055556,0,0,0,0.11111,0,0,0,0,0,0,0,0,0.055556,0,0.055556,0,0,0,0,0,0,0.055556,0,0,0,0,0,0,0.055556,0.055556,0.055556,0,0.11111,0,0,0,0.055556,0,0,0,0.055556,0,0,0,0.11111,0,0.055556,0,0.055556,0,0,0,0,0,0,0,0.055556,0,0,0
0,0.052632,0,0,0,0,0,0,0,0,0,0.052632,0,0,0.10526,0,0,0,0,0.052632,0.052632,0,0,0,0,0,0,0.052632,0,0,0,0,0.052632,0,0,0,0.052632,0,0,0,0,0.052632,0.052632,0,0,0,0.21053,0,0,0,0,0,0,0,0,0,0.052632,0,0,0.10526,0,0,0.052632,0
0.13333,0,0.066667,0,0,0,0.066667,0.13333,0,0,0,0,0,0,0,0,0.13333,0,0,0,0,0,0,0,0,0,0,0,0,0,0.066667,0,0,0,0,0,0,0,0,0,0,0,0,0.13333,0,0,0.066667,0,0,0,0,0,0,0,0,0.066667,0,0,0.066667,0,0,0,0.066667,0
0.083333,0,0,0.083333,0,0,0,0,0,0,0,0,0,0.083333,0,0,0,0,0,0,0,0,0,0,0,0,0,0,0,0,0.083333,0.083333,0,0,0.083333,0.083333,0.083333,0,0.083333,0,0,0,0,0,0,0,0.083333,0,0,0,0,0,0.083333,0,0,0,0,0,0.083333,0,0,0,0,0
0,0,0,0.23077,0,0,0.076923,0,0.076923,0,0,0,0,0.15385,0,0,0,0,0,0,0,0,0,0,0,0,0,0,0.076923,0.076923,0,0.076923,0.076923,0,0,0,0,0,0,0,0,0,0,0,0,0,0,0,0.076923,0,0,0,0.076923,0,0,0,0,0,0,0,0,0,0,0
0,0,0,0,0.090909,0,0,0,0,0,0,0,0.090909,0,0.18182,0,0,0,0,0.090909,0,0.090909,0,0,0,0,0,0,0,0,0,0,0,0,0,0,0,0,0,0,0,0,0,0,0,0,0.090909,0.090909,0,0,0.090909,0.090909,0,0,0,0,0,0,0,0,0.090909,0,0,0
0.066667,0,0,0,0,0,0,0,0,0,0,0.066667,0,0,0,0.066667,0,0,0,0,0,0,0,0,0.066667,0.066667,0,0,0,0,0.066667,0,0,0.066667,0,0,0.066667,0.066667,0,0,0,0,0,0.066667,0,0,0.066667,0,0,0,0,0,0,0.066667,0.066667,0.066667,0,0.066667,0,0,0,0,0,0
0.045977,0,0,0,0.022989,0,0.022989,0.022989,0,0,0.011494,0.022989,0.022989,0,0.022989,0.011494,0.011494,0,0,0,0.011494,0.045977,0.022989,0.011494,0.034483,0.022989,0.011494,0.034483,0,0.034483,0,0.011494,0.045977,0.022989,0.011494,0,0.011494,0,0.022989,0.022989,0,0.011494,0,0.011494,0.011494,0,0.045977,0.011494,0.022989,0,0,0.011494,0.011494,0,0.034483,0.022989,0.034483,0.057471,0.011494,0.045977,0.011494,0.022989,0,0.022989
0.15789,0,0,0,0.15789,0.052632,0,0,0.052632,0,0,0,0,0,0,0,0,0.10526,0,0,0,0,0.052632,0,0,0,0,0.052632,0,0,0.052632,0,0,0,0,0,0,0,0,0,0.052632,0,0.052632,0,0,0,0,0,0,0,0,0,0,0,0,0,0,0,0.052632,0,0,0,0.052632,0.10526
0.1,0,0,0,0,0,0,0,0,0,0,0,0,0,0,0,0.1,0,0,0,0,0,0.1,0,0,0,0,0,0.1,0.1,0,0,0,0,0,0,0,0,0,0,0.1,0,0,0,0.1,0,0,0,0,0,0,0,0.1,0,0,0,0.1,0.1,0,0,0,0,0,0
0,0,0,0,0,0,0.076923,0,0,0,0,0,0.15385,0,0,0.076923,0.076923,0,0,0,0,0,0.076923,0,0.076923,0,0,0,0,0,0,0,0,0,0,0,0,0,0,0,0,0,0,0,0.076923,0,0,0.076923,0.076923,0,0,0,0,0,0,0,0.076923,0,0,0.076923,0.076923,0,0,0
0.06,0,0.06,0.02,0,0,0,0.02,0.04,0,0,0.04,0.02,0.02,0,0,0,0.02,0,0.02,0,0.02,0.02,0,0.04,0.02,0.02,0.06,0,0,0,0,0,0,0,0,0,0,0.04,0,0,0,0,0,0.04,0,0.04,0.02,0,0,0,0,0,0,0,0.02,0.04,0.04,0,0.02,0.14,0,0.06,0.04
0.027027,0.027027,0,0.054054,0.081081,0.027027,0,0,0,0.027027,0,0,0.027027,0,0.027027,0,0.21622,0,0,0.027027,0.027027,0,0,0,0.054054,0,0.027027,0,0.027027,0,0.027027,0,0.027027,0,0,0,0,0,0,0,0,0,0,0,0.027027,0,0,0,0.027027,0.081081,0,0,0,0,0,0,0,0.027027,0,0.054054,0.027027,0,0,0.027027
0,0.025,0,0,0.025,0,0.05,0,0.025,0.025,0.05,0.025,0,0,0,0.025,0,0.025,0.075,0.025,0.025,0,0.025,0,0.025,0,0.05,0,0.05,0.025,0.025,0,0.025,0.025,0.075,0.025,0.025,0.025,0.05,0,0.025,0.025,0,0,0,0,0,0,0.025,0,0.025,0,0.025,0,0,0,0,0,0,0,0,0.025,0,0
0,0,0.076923,0,0,0,0.076923,0,0.076923,0,0,0.076923,0,0,0,0,0,0.076923,0.076923,0,0,0,0,0,0,0,0,0,0.076923,0,0,0,0,0,0,0,0.076923,0.076923,0,0,0,0,0,0,0,0,0,0.076923,0,0,0,0,0.076923,0.076923,0,0,0,0,0,0,0,0.076923,0,0
0,0.047619,0,0.095238,0,0,0,0,0,0,0,0.047619,0,0,0.047619,0.095238,0,0,0,0,0.047619,0,0,0,0,0,0,0,0.047619,0,0,0,0.095238,0,0,0,0.047619,0,0,0,0,0,0,0,0,0,0,0,0.047619,0,0,0.095238,0.047619,0.047619,0,0,0,0,0,0,0.047619,0.047619,0.047619,0.047619
0,0,0.058824,0,0,0,0.058824,0.058824,0,0,0,0,0.11765,0.058824,0,0.058824,0,0,0,0,0,0,0.058824,0.058824,0,0,0,0,0,0,0,0,0,0,0.058824,0,0,0,0,0,0.058824,0,0,0,0.058824,0,0,0,0,0,0,0,0,0,0,0,0,0,0,0.11765,0.058824,0.058824,0.058824,0
0.045455,0.045455,0.045455,0,0,0,0,0,0.045455,0.045455,0,0,0.045455,0,0,0,0.045455,0.045455,0,0,0.045455,0.045455,0.045455,0,0.045455,0.045455,0,0,0,0,0,0,0,0,0,0,0,0,0.045455,0,0,0,0,0.045455,0,0,0.045455,0,0,0,0,0,0.090909,0.045455,0.045455,0,0,0,0.045455,0,0,0.045455,0,0
0.071429,0,0,0,0,0,0.14286,0,0,0,0,0,0,0,0.071429,0.071429,0,0,0,0,0,0,0,0,0,0,0,0,0,0,0,0,0,0,0,0,0,0,0,0,0,0.14286,0,0,0.071429,0,0,0,0,0,0,0,0,0,0,0,0,0,0,0.071429,0.071429,0,0.14286,0.14286
0,0,0,0.1,0,0,0,0.1,0,0,0,0,0,0,0,0.1,0.1,0.1,0,0,0,0,0,0,0,0,0,0,0,0,0,0,0.1,0,0,0,0.1,0,0,0,0,0.1,0,0,0,0,0,0,0,0,0,0,0,0,0,0,0,0,0,0,0,0.2,0,0
0.052632,0,0.052632,0,0,0,0,0,0,0,0,0.10526,0.10526,0,0,0,0.052632,0.052632,0,0,0,0,0,0,0,0,0,0,0.052632,0,0,0,0,0,0,0,0,0,0,0,0,0,0,0,0,0,0,0,0.052632,0.052632,0,0,0,0,0,0,0.052632,0,0.052632,0,0,0.10526,0,0.21053
0,0,0,0,0,0,0.05,0.05,0.05,0.05,0,0,0,0,0,0,0,0,0,0,0.05,0,0.05,0,0.05,0,0,0,0,0.05,0,0,0,0.05,0,0,0.15,0.05,0,0.1,0,0.05,0,0,0,0.1,0,0,0,0,0,0,0,0,0,0.05,0,0.05,0,0,0,0,0,0
0.046154,0.046154,0.015385,0.046154,0,0.030769,0.015385,0,0,0.015385,0,0.015385,0.015385,0.030769,0,0.030769,0.061538,0,0,0,0,0,0.015385,0,0.030769,0.015385,0.030769,0,0,0.015385,0.030769,0.030769,0.046154,0.030769,0,0,0.061538,0.015385,0.015385,0.015385,0,0.015385,0.015385,0.015385,0,0.015385,0.015385,0.015385,0,0,0,0,0,0,0.030769,0.015385,0.046154,0,0.046154,0.015385,0,0,0,0.030769
0.020408,0,0,0.040816,0,0,0,0.040816,0,0.020408,0,0.040816,0.020408,0.020408,0.020408,0.081633,0,0.040816,0.040816,0,0.020408,0,0,0,0,0,0.020408,0,0,0,0,0,0,0.020408,0,0,0,0.040816,0,0,0.020408,0.020408,0.020408,0,0,0,0,0.020408,0.040816,0,0.020408,0.040816,0.040816,0.020408,0,0.040816,0,0,0.061224,0,0,0.061224,0.081633,0.020408
0,0,0,0,0,0,0,0.055556,0,0,0,0,0,0,0,0.11111,0,0,0.055556,0,0,0,0,0,0.055556,0,0,0,0,0,0,0,0.055556,0,0,0,0.055556,0,0,0,0.055556,0,0.11111,0,0,0.055556,0,0.055556,0,0,0,0,0,0,0,0,0.11111,0.055556,0,0,0.11111,0,0,0.055556
0,0,0,0,0.076923,0,0,0,0,0,0,0,0,0,0,0.076923,0,0,0.076923,0,0,0,0,0,0,0.076923,0.076923,0,0,0,0.076923,0,0,0.076923,0,0,0,0,0,0,0,0,0,0,0,0,0,0,0,0,0,0,0,0,0,0,0.076923,0,0.076923,0,0,0,0.15385,0.15385
0.035714,0,0,0.035714,0,0,0,0,0.071429,0,0,0,0,0.035714,0.035714,0,0.071429,0.035714,0,0,0.035714,0,0,0,0,0,0.035714,0,0,0,0,0,0,0,0.035714,0,0.035714,0,0,0.035714,0,0.035714,0,0.071429,0.035714,0,0,0.035714,0.035714,0.035714,0,0,0,0,0,0.035714,0,0.035714,0.10714,0,0,0.035714,0.035714,0
0.034483,0,0.068966,0,0,0,0,0,0,0.10345,0,0.034483,0,0,0,0,0.034483,0,0.10345,0,0.034483,0.034483,0,0.034483,0.034483,0,0,0,0.034483,0.034483,0.068966,0,0.034483,0,0,0,0,0.034483,0.034483,0,0.034483,0,0.034483,0.034483,0,0.034483,0,0,0,0,0,0,0.034483,0,0,0,0,0,0.034483,0,0.034483,0,0,0
0,0.038462,0,0.038462,0.076923,0.038462,0,0,0.038462,0.038462,0,0,0,0.038462,0,0,0.076923,0.076923,0,0.038462,0,0,0,0,0.038462,0.038462,0.038462,0,0,0,0,0.038462,0.076923,0.038462,0,0.038462,0.076923,0.038462,0,0.038462,0,0,0,0.038462,0,0,0,0,0,0,0,0,0,0,0,0,0,0,0,0,0,0,0,0
0.045455,0.18182,0,0,0.045455,0,0,0.045455,0.13636,0.045455,0.045455,0,0,0,0,0,0.045455,0.045455,0,0,0,0,0,0,0.090909,0,0,0,0,0,0,0,0,0,0,0,0.045455,0,0,0,0.090909,0,0,0,0,0,0,0,0,0,0,0.045455,0,0,0,0.045455,0,0,0,0,0.045455,0,0,0
0,0,0,0,0.086957,0,0,0,0.043478,0.043478,0,0.043478,0,0,0,0,0,0.086957,0.043478,0,0.043478,0.086957,0.043478,0.043478,0,0.086957,0.043478,0,0,0.043478,0,0,0,0.043478,0,0,0.043478,0.043478,0,0,0,0,0,0,0,0,0,0,0,0,0.043478,0,0,0,0,0,0,0,0,0,0,0.043478,0,0.043478
0,0,0.076923,0,0,0,0,0,0.076923,0,0,0,0,0,0,0,0.076923,0,0,0,0,0,0,0,0,0,0,0,0,0,0.076923,0,0,0,0.076923,0,0,0.076923,0,0,0,0,0.076923,0,0,0,0,0,0,0,0,0,0,0,0,0.076923,0.076923,0,0.15385,0,0,0,0.076923,0.076923
0.0625,0.0625,0.0625,0,0,0,0,0,0,0,0,0,0,0,0,0.0625,0.0625,0.0625,0,0,0.0625,0,0,0,0,0.0625,0,0,0,0,0,0,0.0625,0,0,0,0,0,0.0625,0,0.0625,0,0,0,0,0,0,0,0.0625,0,0,0,0,0,0,0,0,0,0,0,0.0625,0,0.125,0.0625
0.04,0,0,0,0,0,0,0.04,0.12,0,0,0,0.04,0,0,0.04,0.04,0,0,0.04,0.04,0.04,0,0,0.04,0,0.04,0,0,0,0,0.04,0.04,0,0.08,0,0,0,0,0,0,0,0,0,0,0.04,0,0,0,0.04,0,0.04,0,0.04,0,0,0.08,0,0,0,0,0.04,0,0.04
0,0,0.066667,0,0,0.066667,0,0,0,0,0,0,0,0,0,0.066667,0,0,0,0,0.066667,0,0,0,0.066667,0,0.066667,0,0,0,0,0,0.066667,0,0.066667,0,0,0.066667,0,0,0,0,0,0,0,0,0,0,0.13333,0.066667,0.066667,0,0,0,0,0,0.066667,0,0,0,0,0,0.066667,0
0,0,0,0,0.051282,0,0.025641,0.025641,0.025641,0.051282,0.025641,0,0,0.025641,0,0.051282,0,0,0.025641,0.025641,0,0.025641,0,0,0,0.051282,0,0,0.025641,0.025641,0,0,0.025641,0,0.051282,0,0,0.025641,0,0.025641,0.051282,0,0,0,0,0,0,0,0.025641,0,0.025641,0.076923,0.025641,0.076923,0.025641,0,0,0,0,0.051282,0.025641,0,0.025641,0
0.071429,0,0,0,0.071429,0,0,0,0,0,0,0,0,0,0,0.071429,0.071429,0,0,0,0,0,0,0,0.071429,0,0,0,0,0,0,0,0,0,0,0.071429,0,0,0.071429,0,0,0,0,0,0.071429,0,0.071429,0.14286,0,0,0,0.071429,0,0,0,0,0,0,0,0,0,0,0.071429,0.071429
0.042553,0.021277,0.042553,0.042553,0.021277,0.021277,0.021277,0.021277,0.042553,0,0,0,0.021277,0.021277,0,0.021277,0.021277,0.021277,0,0.021277,0,0.021277,0.042553,0.021277,0,0.021277,0,0,0,0,0,0.021277,0.042553,0.042553,0,0,0,0,0,0.021277,0,0,0,0,0,0,0.021277,0.042553,0.06383,0.021277,0.021277,0,0.021277,0.021277,0,0.021277,0.021277,0.042553,0,0.021277,0,0.021277,0.021277,0
0,0.083333,0,0.083333,0,0,0.083333,0,0,0,0,0,0,0,0,0,0,0.083333,0,0,0,0,0,0,0,0,0.083333,0.083333,0,0,0,0,0,0,0,0,0,0,0,0,0,0.083333,0,0.083333,0,0,0,0,0,0,0.083333,0,0,0,0,0,0,0,0,0,0.083333,0,0,0.16667
0.037037,0.037037,0.037037,0.037037,0,0,0,0.037037,0,0.037037,0.074074,0,0,0,0,0,0.037037,0,0,0,0,0,0,0.037037,0,0,0.037037,0,0,0,0.074074,0,0.037037,0.037037,0.037037,0,0,0.037037,0,0,0.037037,0,0,0,0,0,0.11111,0,0,0,0,0,0,0.037037,0,0,0,0.037037,0,0.037037,0,0.037037,0.037037,0.037037
0.043478,0,0,0.043478,0,0,0,0,0,0,0,0.043478,0.043478,0,0,0,0,0.086957,0,0,0,0.043478,0.043478,0.043478,0,0.043478,0.043478,0,0,0,0.043478,0,0.043478,0,0,0,0,0,0,0.043478,0,0,0,0,0.043478,0,0,0,0,0,0,0,0.043478,0,0,0,0,0,0,0.043478,0,0,0.086957,0.17391
0,0,0,0,0,0,0,0,0,0.083333,0.083333,0,0.083333,0,0.083333,0.083333,0,0,0,0,0,0,0,0,0,0,0.083333,0,0,0,0,0.083333,0,0,0.083333,0,0,0,0,0,0,0,0,0,0,0,0,0,0,0,0.083333,0,0,0,0.083333,0,0.083333,0,0.083333,0,0,0,0,0
0,0,0,0,0,0,0,0,0,0,0,0.055556,0,0,0,0.055556,0,0.055556,0,0.055556,0.055556,0,0.055556,0.055556,0.16667,0,0,0.11111,0,0,0,0,0,0,0,0,0,0,0,0,0,0,0,0,0,0,0,0,0,0,0,0,0,0,0,0.055556,0.055556,0,0.055556,0.11111,0,0.055556,0,0
0,0,0,0,0,0,0.1,0,0,0,0,0,0,0,0,0,0.1,0,0,0.1,0,0,0,0,0,0,0,0,0,0.1,0,0,0,0,0,0,0,0.1,0,0,0,0,0,0,0,0,0.1,0,0,0.1,0,0.2,0,0,0,0,0,0,0,0,0.1,0,0,0
0.027778,0,0,0,0,0,0,0.055556,0,0.027778,0,0,0,0,0.027778,0,0.027778,0.027778,0,0.027778,0.055556,0.027778,0,0.055556,0,0.055556,0,0,0.055556,0,0,0,0,0,0,0,0,0,0,0.083333,0.027778,0.055556,0.027778,0,0.027778,0.027778,0,0,0,0.027778,0,0,0.055556,0,0,0.027778,0.027778,0.027778,0.083333,0.027778,0,0,0,0
0.045455,0.045455,0.045455,0.045455,0,0,0,0.045455,0,0,0.045455,0,0,0,0,0,0,0,0.090909,0,0,0,0,0,0.045455,0,0.045455,0,0,0,0.045455,0,0.090909,0,0,0,0,0,0,0,0,0,0,0,0,0.045455,0,0,0.045455,0,0,0,0,0.045455,0,0,0.045455,0.045455,0.045455,0,0.045455,0,0.090909,0
0,0,0,0,0,0,0,0.034483,0.034483,0,0,0,0.10345,0,0.068966,0.034483,0,0.034483,0.034483,0,0,0,0.034483,0,0.034483,0.068966,0,0,0,0,0,0,0,0,0.068966,0.034483,0,0,0.034483,0.034483,0.034483,0,0,0,0,0,0.034483,0,0,0,0.034483,0,0,0,0.068966,0,0.034483,0,0,0,0,0.034483,0.10345,0
0,0,0,0,0.071429,0,0,0,0,0,0,0,0,0,0,0,0,0,0.071429,0.071429,0,0,0,0.14286,0.071429,0,0,0,0,0,0,0.071429,0,0,0,0,0,0,0,0,0,0,0,0,0,0,0.071429,0,0,0,0,0,0.071429,0,0,0,0,0.071429,0.071429,0.071429,0,0.071429,0,0.071429
0,0,0,0,0,0,0,0.055556,0,0.055556,0.055556,0,0,0,0,0,0.16667,0,0,0,0.055556,0,0,0,0.055556,0,0,0,0,0,0,0,0.055556,0,0.11111,0,0,0,0.055556,0,0,0,0,0,0,0,0.055556,0.055556,0,0,0.055556,0.055556,0,0,0,0,0.055556,0,0,0.055556,0,0,0,0
0,0,0,0,0,0,0,0,0,0,0,0,0,0,0.1,0,0.1,0,0,0,0,0,0,0,0,0,0,0.1,0.1,0,0,0,0,0,0,0,0.1,0,0,0,0,0,0,0,0.1,0,0,0,0,0,0,0.1,0,0.1,0,0,0,0,0,0,0.2,0,0,0
0.032787,0,0.016393,0.04918,0.016393,0.04918,0,0,0,0.065574,0,0,0.016393,0,0,0.016393,0,0,0.016393,0.04918,0.04918,0,0.016393,0,0.016393,0.016393,0.016393,0.016393,0,0.032787,0.016393,0.016393,0.016393,0,0.016393,0,0,0.016393,0.016393,0.016393,0,0,0,0,0,0.016393,0.032787,0.016393,0,0.016393,0,0,0.04918,0.016393,0.065574,0.032787,0.016393,0.016393,0.016393,0.016393,0,0.04918,0,0.032787
0.039216,0,0.019608,0.039216,0,0,0.019608,0.019608,0,0,0.019608,0.019608,0.019608,0.039216,0,0.019608,0.058824,0.078431,0,0,0.019608,0,0.039216,0,0,0.039216,0,0.019608,0,0.019608,0.039216,0,0.039216,0,0,0,0.019608,0,0,0,0.019608,0.019608,0,0,0,0.019608,0,0,0.019608,0,0.019608,0.019608,0.039216,0,0,0.019608,0.019608,0.019608,0.019608,0.019608,0.058824,0,0.039216,0.019608
0,0,0,0,0,0,0,0,0,0,0,0,0,0,0,0,0.25,0,0,0,0,0,0,0,0,0,0,0,0,0.125,0,0.125,0.125,0,0,0,0,0,0.125,0,0,0,0,0,0,0,0,0,0,0,0,0,0,0,0,0.125,0,0,0,0,0,0,0,0.125
0.05,0,0,0,0,0,0.05,0,0,0,0,0.05,0.05,0,0,0,0,0,0,0,0,0,0,0,0,0.05,0,0,0,0,0,0,0,0,0,0,0,0.05,0.1,0.05,0.1,0.05,0,0,0,0.1,0,0.05,0,0,0,0,0,0,0,0,0,0.05,0,0.05,0,0,0.1,0.05
0,0,0.047619,0,0.047619,0.047619,0.047619,0,0,0.047619,0,0,0,0,0.047619,0,0,0,0,0.047619,0.047619,0,0,0,0,0,0,0,0,0.047619,0,0,0,0,0,0.047619,0.095238,0.047619,0,0,0,0.047619,0,0,0,0,0,0,0,0,0,0,0.047619,0,0,0.047619,0.047619,0,0.047619,0,0.047619,0.047619,0.047619,0
0,0.10345,0,0,0,0.034483,0,0,0,0,0,0,0.034483,0.068966,0,0.068966,0.034483,0.034483,0.034483,0,0,0,0,0.034483,0,0.034483,0,0,0,0,0,0.034483,0,0.034483,0,0,0,0,0.034483,0,0,0,0,0,0,0.034483,0.034483,0.034483,0,0,0.034483,0.034483,0,0,0,0.034483,0,0.034483,0,0.13793,0.034483,0,0,0
0.047619,0,0,0,0,0,0,0.047619,0,0,0,0,0,0,0,0.14286,0,0,0.047619,0,0.047619,0,0,0,0,0,0,0,0,0,0,0,0,0,0,0,0,0,0,0,0.047619,0,0.047619,0,0,0,0.19048,0.047619,0,0,0,0,0,0,0,0.047619,0.047619,0.047619,0.047619,0.047619,0,0,0,0.095238
0.051282,0.20513,0,0,0.051282,0,0.025641,0,0,0.025641,0,0,0.025641,0.025641,0.025641,0,0.025641,0,0.051282,0.051282,0.051282,0,0,0,0,0,0,0,0.025641,0.025641,0,0,0,0,0.025641,0,0.025641,0.025641,0,0.025641,0,0.025641,0,0,0,0,0,0,0.025641,0,0,0.025641,0,0,0,0.025641,0,0.025641,0.025641,0.025641,0,0.025641,0.025641,0
0,0.1,0,0,0,0.1,0,0,0,0,0.1,0,0,0,0,0,0,0,0,0,0.1,0,0,0.1,0,0,0,0,0,0,0,0,0,0,0,0,0.1,0,0.1,0,0,0,0,0,0,0.1,0,0,0,0,0.1,0,0,0,0,0,0,0.1,0,0,0,0,0,0
0,0,0,0,0,0.05,0,0,0,0,0.05,0,0,0,0,0.05,0.05,0,0,0,0,0,0.05,0,0,0,0,0,0.05,0,0,0,0.05,0.1,0,0,0.05,0,0.05,0,0,0,0.05,0,0,0,0.05,0,0,0.05,0,0,0.05,0.05,0,0,0,0.05,0,0.05,0.05,0.05,0,0
0,0,0.037037,0.074074,0.074074,0.037037,0,0.074074,0,0,0,0,0,0.037037,0.037037,0.037037,0,0,0.037037,0,0.037037,0,0,0,0,0,0,0.037037,0,0.037037,0,0,0,0.037037,0,0,0.037037,0.11111,0.074074,0,0,0.037037,0,0,0,0,0.074074,0,0,0,0,0,0.037037,0,0,0,0,0,0.037037,0,0,0,0,0
0.096774,0.032258,0,0.032258,0,0,0.032258,0,0,0,0,0.032258,0.032258,0.064516,0.032258,0,0.032258,0,0,0,0.032258,0.032258,0,0,0.032258,0,0.032258,0.032258,0,0,0,0,0.032258,0,0,0.064516,0.032258,0,0,0,0,0,0.032258,0,0,0,0.032258,0,0,0.032258,0,0,0,0,0.032258,0.032258,0.064516,0,0.032258,0,0,0.032258,0.032258,0
0.066667,0,0,0,0,0,0,0,0,0,0,0,0,0.066667,0,0.066667,0,0,0,0.066667,0,0,0,0,0,0,0,0.13333,0,0,0,0.066667,0.13333,0,0,0,0,0,0,0,0,0,0,0,0,0,0,0,0,0,0,0,0.066667,0,0.13333,0,0.066667,0,0.066667,0,0,0.066667,0,0
0.076923,0.15385,0,0,0,0.11538,0,0,0.038462,0.076923,0,0,0.038462,0.038462,0,0,0,0.038462,0,0,0.038462,0,0,0,0,0,0,0,0,0,0,0,0,0.076923,0.038462,0.038462,0.076923,0.038462,0,0,0,0,0,0,0,0,0,0,0,0.038462,0,0,0.076923,0,0,0,0,0,0,0,0,0,0,0
0,0.05,0.05,0,0,0.2,0,0,0.05,0,0,0.05,0,0,0.05,0,0.05,0,0.05,0,0,0,0,0,0,0,0,0,0,0,0,0,0.1,0,0,0,0.1,0,0.05,0,0,0,0,0,0,0,0,0,0,0.05,0,0,0,0,0,0,0,0,0.05,0,0,0,0,0.1
0.025641,0,0,0.051282,0,0,0,0,0,0,0,0.025641,0.025641,0,0,0,0,0.025641,0.025641,0,0,0.025641,0,0.051282,0.025641,0.051282,0,0.025641,0,0,0.051282,0.025641,0.025641,0,0,0,0,0.025641,0,0.025641,0,0,0.025641,0,0,0.051282,0.025641,0,0.025641,0,0,0,0,0.025641,0.025641,0,0,0.10256,0.025641,0.025641,0.051282,0,0.025641,0.076923
0,0,0,0,0,0,0,0,0,0,0,0,0,0.083333,0,0.083333,0,0.083333,0.083333,0,0,0,0,0,0,0,0,0,0.083333,0,0,0,0,0,0,0,0,0.083333,0,0,0,0,0,0,0,0,0,0,0,0,0,0,0,0,0,0,0,0.25,0.083333,0.083333,0,0,0,0.083333
0.11765,0.11765,0,0,0,0.058824,0.058824,0,0,0,0,0,0,0.058824,0,0,0,0,0,0,0,0,0.058824,0,0,0,0,0,0,0,0,0,0.058824,0,0,0,0.058824,0,0,0.058824,0,0,0,0,0,0,0,0.058824,0,0,0,0,0,0,0.058824,0,0.058824,0.058824,0.058824,0,0,0,0.058824,0
0,0,0.090909,0,0,0.090909,0,0,0,0.090909,0.18182,0,0,0,0,0,0.18182,0,0,0,0,0.090909,0,0,0,0,0,0,0,0,0,0,0,0,0,0,0,0.18182,0,0,0,0,0,0,0,0,0,0,0,0,0,0,0,0,0,0,0,0,0,0.090909,0,0,0,0
0.23529,0,0,0,0,0,0.058824,0,0,0,0,0,0,0.058824,0,0,0.058824,0,0.058824,0,0,0,0,0,0.11765,0,0,0,0,0,0,0.058824,0,0,0,0.11765,0,0,0,0,0,0,0,0,0.058824,0,0,0,0,0,0,0,0,0,0.058824,0,0,0.058824,0,0,0,0,0.058824,0
0.083333,0,0,0,0.083333,0,0.083333,0,0.083333,0,0,0.083333,0,0,0,0,0,0,0.083333,0,0,0,0,0,0,0,0,0,0.083333,0,0,0.083333,0,0,0,0,0,0.083333,0,0.083333,0,0.083333,0,0,0,0,0,0,0,0,0,0,0,0,0,0,0,0,0,0.083333,0,0,0,0
0.034483,0.034483,0.034483,0.034483,0.034483,0,0,0,0.068966,0,0,0.034483,0.034483,0,0,0.034483,0,0,0.10345,0,0.034483,0,0.034483,0,0,0,0,0,0,0,0.034483,0,0,0,0,0.034483,0,0,0.034483,0,0.068966,0.034483,0,0,0,0.068966,0.034483,0,0,0,0,0,0.034483,0,0.034483,0.034483,0,0,0.034483,0,0,0,0.034483,0
0.057692,0.019231,0,0.038462,0.019231,0.019231,0,0.038462,0,0,0.019231,0,0.057692,0,0.019231,0.019231,0,0,0.019231,0,0,0,0,0,0.038462,0.019231,0.057692,0.019231,0,0.038462,0.038462,0,0,0.038462,0.019231,0,0,0.019231,0.019231,0.019231,0.019231,0.057692,0,0.019231,0,0,0,0.019231,0.038462,0.019231,0,0,0.038462,0.019231,0.019231,0,0,0,0,0,0.057692,0,0.038462,0
0.18182,0,0.090909,0,0.090909,0,0,0,0,0,0,0,0,0,0,0,0,0,0,0,0.27273,0.090909,0,0,0,0,0,0,0,0,0,0,0,0,0,0,0,0,0,0,0,0,0,0,0,0,0,0,0.090909,0,0,0,0.090909,0.090909,0,0,0,0,0,0,0,0,0,0
0,0.1,0,0,0.2,0,0,0,0,0,0,0,0,0,0,0,0,0.1,0,0,0,0,0,0,0,0,0.1,0.1,0,0,0,0,0,0,0,0.1,0.1,0,0.2,0,0,0,0,0,0,0,0,0,0,0,0,0,0,0,0,0,0,0,0,0,0,0,0,0
0.1,0.2,0,0,0,0,0,0,0,0,0,0,0,0,0,0,0.1,0,0,0,0,0,0,0,0,0,0,0,0,0,0.1,0,0,0,0,0,0,0,0,0,0,0,0,0,0,0.1,0,0.2,0,0,0,0,0,0,0,0,0.1,0,0,0,0,0.1,0,0
0.071429,0,0,0,0,0,0,0,0,0,0,0,0.071429,0,0,0.071429,0.071429,0.071429,0.071429,0,0.071429,0,0,0,0,0,0.071429,0,0,0,0,0,0,0,0,0,0,0,0,0,0,0,0,0,0,0,0,0,0,0,0,0,0,0.071429,0,0,0.071429,0.071429,0,0,0,0,0.14286,0.071429
0.11765,0,0,0,0,0,0,0,0,0,0,0,0.029412,0.029412,0.029412,0,0.029412,0,0,0,0,0,0,0,0,0,0,0,0.029412,0,0,0,0,0,0,0.029412,0,0,0.029412,0,0,0,0.029412,0,0,0.029412,0.029412,0.029412,0.058824,0,0.029412,0.058824,0.029412,0,0.029412,0.058824,0.058824,0,0.029412,0.058824,0.088235,0,0.029412,0.029412
0.14286,0,0,0,0,0.071429,0,0,0.071429,0,0,0,0.071429,0,0,0,0.071429,0,0,0,0.071429,0,0,0,0,0.071429,0,0,0,0,0,0,0,0,0,0,0,0,0.071429,0,0,0.071429,0,0,0,0,0,0.071429,0,0,0,0,0,0,0,0,0.071429,0.071429,0,0,0.071429,0,0,0
0.045455,0,0,0.045455,0,0,0,0.045455,0,0.045455,0.090909,0,0.045455,0,0,0.090909,0,0.045455,0.045455,0,0,0,0,0,0,0,0,0,0,0.045455,0,0,0,0.045455,0,0,0,0,0,0,0,0,0,0.045455,0.090909,0,0,0,0,0.045455,0,0.090909,0,0,0,0,0,0,0,0,0,0,0.045455,0.090909
0,0.032258,0,0.064516,0,0,0,0,0,0,0,0,0,0,0.032258,0.032258,0,0.064516,0.032258,0.032258,0.032258,0.032258,0.032258,0.032258,0.032258,0.032258,0,0,0,0.032258,0,0,0.032258,0,0,0,0,0,0,0,0,0,0,0.032258,0,0.032258,0.064516,0.032258,0.096774,0,0,0.032258,0,0,0,0,0.032258,0,0,0.032258,0,0.032258,0.064516,0
0,0,0,0,0,0,0,0,0,0,0,0,0,0,0,0.076923,0,0,0.076923,0.076923,0,0,0,0.076923,0,0,0,0,0.076923,0,0.076923,0,0,0,0,0,0,0,0,0.076923,0.076923,0,0,0,0.076923,0.076923,0.076923,0,0,0,0,0,0,0,0,0,0,0,0,0,0,0,0.076923,0.076923
0,0,0,0,0,0,0,0,0,0.052632,0,0,0,0.052632,0,0.052632,0,0.052632,0.052632,0.052632,0,0.052632,0.052632,0.052632,0,0,0,0,0.052632,0,0.052632,0,0,0,0,0,0,0,0.052632,0,0,0,0,0,0,0,0.10526,0,0,0,0,0.10526,0,0,0,0,0,0,0,0.10526,0,0,0,0.052632
0,0.054054,0.027027,0,0,0,0,0,0.027027,0.10811,0,0.027027,0,0,0.081081,0,0.054054,0,0.027027,0,0,0,0,0,0.027027,0,0.027027,0,0,0.027027,0.027027,0,0,0,0,0,0,0.027027,0.027027,0.027027,0.027027,0,0,0,0.054054,0.027027,0,0,0.081081,0,0,0.027027,0.027027,0.027027,0,0,0.027027,0.054054,0,0,0.027027,0,0,0.027027
0.043011,0.032258,0,0.010753,0,0.010753,0.010753,0,0,0.021505,0.032258,0.010753,0,0.032258,0.010753,0.010753,0.032258,0.010753,0.010753,0.032258,0,0.010753,0.021505,0.043011,0.010753,0,0.010753,0.021505,0,0.021505,0.010753,0.053763,0.010753,0.010753,0.021505,0,0.053763,0.053763,0.053763,0.021505,0.032258,0,0.032258,0.021505,0,0.010753,0,0,0.021505,0,0,0,0,0.032258,0.010753,0.010753,0.010753,0.010753,0.010753,0,0.021505,0.010753,0.010753,0.010753
0.16667,0.083333,0,0,0,0,0,0,0,0,0,0.083333,0,0,0,0,0,0,0,0,0,0.083333,0,0,0,0,0,0,0,0,0,0,0.083333,0,0,0,0.083333,0.083333,0,0,0,0,0,0,0,0,0,0,0,0.083333,0,0.16667,0,0,0,0,0,0,0,0.083333,0,0,0,0
0.022727,0,0.022727,0.068182,0.022727,0,0.022727,0,0,0.022727,0,0.022727,0.022727,0.022727,0,0,0.045455,0,0,0.022727,0.022727,0.068182,0.022727,0.022727,0.022727,0.022727,0,0,0.045455,0,0,0.045455,0,0,0,0,0,0,0.022727,0.022727,0,0.022727,0.022727,0,0,0,0.022727,0.045455,0.022727,0.045455,0,0,0,0.022727,0.022727,0.022727,0,0.022727,0,0.022727,0.045455,0,0,0.022727
0.1,0,0,0,0,0,0,0,0.1,0.2,0,0,0,0,0,0.1,0,0,0,0,0,0,0,0,0,0,0.1,0,0,0,0.1,0,0,0,0,0,0,0,0,0,0,0.1,0,0,0,0,0.1,0,0,0,0,0,0,0,0,0,0,0.1,0,0,0,0,0,0
0.058824,0,0.058824,0,0,0,0,0,0.058824,0,0,0,0.11765,0.058824,0,0.11765,0.058824,0,0,0,0,0,0,0,0,0,0,0.058824,0,0,0,0,0,0,0,0,0,0,0,0,0,0,0,0,0.058824,0.058824,0,0,0.058824,0,0,0.058824,0,0,0,0,0,0,0,0.058824,0.11765,0,0,0
0.0625,0.0625,0,0.0625,0,0,0,0,0,0.0625,0,0,0,0,0,0,0.25,0,0,0,0,0,0.0625,0,0.0625,0,0,0,0.0625,0.0625,0,0,0.0625,0,0,0,0,0,0,0,0,0,0,0,0,0,0,0,0.125,0,0,0,0,0,0,0,0.0625,0,0,0,0,0,0,0
0.055556,0,0,0,0,0,0,0,0,0,0,0.055556,0,0,0,0,0,0,0,0,0.055556,0.055556,0.11111,0,0.055556,0,0,0,0,0,0,0,0,0.055556,0,0,0.055556,0.055556,0.055556,0,0,0,0,0,0,0,0.055556,0.055556,0,0,0,0,0,0,0,0,0,0,0,0.11111,0,0,0.11111,0.055556
0.058824,0,0.058824,0,0,0.058824,0,0,0.058824,0.058824,0,0,0.058824,0,0.058824,0.058824,0,0,0,0.058824,0,0,0,0,0,0,0,0,0,0,0,0,0,0,0,0,0,0.058824,0,0,0,0,0,0,0,0,0,0.058824,0,0,0.058824,0,0.058824,0,0.058824,0,0.058824,0.058824,0,0,0,0.058824,0,0
0,0,0,0,0,0,0,0,0,0,0,0.066667,0.4,0,0,0,0,0.066667,0,0,0,0.066667,0.066667,0,0,0,0,0,0,0,0,0,0,0,0,0,0,0,0,0,0,0,0,0,0,0,0,0,0,0,0,0.13333,0,0.066667,0,0,0,0,0,0,0.066667,0,0.066667,0
0,0.045455,0,0,0,0.13636,0,0,0,0,0.045455,0,0,0,0,0,0,0,0,0,0.13636,0,0,0.045455,0,0,0,0,0.045455,0,0,0,0.090909,0,0,0.045455,0.090909,0.045455,0,0,0,0,0,0,0,0.045455,0,0,0,0,0,0,0,0.045455,0.045455,0.045455,0,0,0,0,0.045455,0,0,0.045455
0.029412,0,0.058824,0,0,0,0,0,0,0.029412,0,0.029412,0.029412,0,0,0,0.029412,0,0,0.029412,0.029412,0,0,0,0.029412,0.029412,0.029412,0,0.029412,0.029412,0,0,0.029412,0,0.058824,0.029412,0.029412,0,0.11765,0,0,0,0,0.029412,0,0.029412,0.029412,0.029412,0.088235,0,0,0,0,0,0.029412,0,0,0.029412,0,0,0,0.029412,0,0.029412
0,0,0.076923,0,0,0,0,0.076923,0,0,0,0,0,0.076923,0,0,0,0,0,0,0.076923,0,0,0,0.076923,0,0,0,0.076923,0,0.076923,0,0,0,0,0.076923,0.15385,0,0,0,0,0.076923,0,0,0,0,0,0.076923,0,0,0,0,0,0,0,0,0,0,0,0,0,0,0,0.076923
0,0,0.090909,0.090909,0.090909,0.090909,0.090909,0,0,0,0,0,0,0,0,0,0,0,0,0,0,0,0,0,0,0,0,0,0,0,0,0,0,0.090909,0,0.090909,0.18182,0.18182,0,0,0,0,0,0,0,0,0,0,0,0,0,0,0,0,0,0,0,0,0,0,0,0,0,0
0,0,0,0,0.037037,0,0,0.074074,0.037037,0,0,0,0,0.074074,0,0,0.074074,0.037037,0,0.037037,0.037037,0.037037,0,0,0,0.037037,0,0,0,0,0.037037,0,0,0,0.037037,0,0,0,0,0.037037,0,0,0,0,0,0,0,0.037037,0.037037,0,0.037037,0.037037,0,0.037037,0.037037,0.037037,0,0,0,0.074074,0.074074,0,0,0
0,0,0,0,0,0,0,0,0,0,0,0,0,0.043478,0,0.043478,0,0,0,0,0,0,0.17391,0,0.086957,0,0.086957,0.043478,0,0.043478,0.043478,0,0,0,0,0,0,0,0,0,0,0.043478,0,0,0,0,0,0,0,0,0.043478,0,0,0,0.043478,0,0.043478,0.043478,0,0,0.043478,0.043478,0.043478,0.086957
0,0.14286,0,0,0.14286,0,0.071429,0,0,0,0,0,0,0,0,0,0,0,0.14286,0,0,0,0,0,0,0,0,0,0,0.071429,0,0.071429,0,0.14286,0,0,0,0,0,0,0,0,0.071429,0,0.071429,0,0,0,0.071429,0,0,0,0,0,0,0,0,0,0,0,0,0,0,0
0,0,0,0.12,0.04,0,0,0,0,0,0,0,0,0,0,0.12,0,0,0,0,0,0,0,0,0,0,0,0.04,0,0,0,0,0,0,0,0,0,0,0.04,0,0,0,0,0,0,0.04,0,0,0.12,0.04,0,0.12,0,0,0,0,0,0,0,0,0.08,0,0.12,0.12
0.09375,0,0.03125,0,0.03125,0,0,0,0.03125,0.0625,0.03125,0.03125,0.03125,0,0.03125,0,0,0,0,0,0.03125,0.03125,0,0,0,0.03125,0,0,0,0,0.03125,0,0.09375,0,0,0.03125,0.03125,0.03125,0,0,0,0.03125,0,0,0.03125,0,0,0.03125,0,0.03125,0,0,0,0,0,0,0.03125,0,0,0,0.03125,0.0625,0,0.0625
0,0,0,0.038462,0.038462,0,0,0,0,0.038462,0,0,0,0,0,0.038462,0.076923,0,0.038462,0,0.038462,0,0,0.038462,0,0.038462,0.076923,0,0,0,0.076923,0.038462,0,0,0.038462,0,0,0.038462,0,0,0,0,0,0,0,0,0.076923,0,0,0,0,0.038462,0,0.038462,0,0,0,0.038462,0.038462,0.038462,0,0.038462,0,0.038462
0,0,0,0,0.13043,0.043478,0,0,0,0,0,0.043478,0,0,0,0,0,0,0.043478,0,0,0,0,0,0,0.043478,0,0.043478,0,0,0.043478,0,0,0.043478,0,0,0.13043,0.086957,0.043478,0.043478,0,0,0,0,0.043478,0,0,0.043478,0,0,0,0,0.043478,0,0,0,0,0,0,0,0,0,0,0.13043
0.090909,0.090909,0.045455,0,0.045455,0.045455,0.045455,0,0,0,0,0,0,0,0,0.045455,0,0,0,0,0,0,0,0,0.090909,0,0.045455,0,0,0,0,0,0,0,0,0,0.045455,0,0.045455,0.045455,0.045455,0,0,0,0,0,0,0.045455,0.045455,0,0.045455,0,0,0,0,0,0,0,0.045455,0.045455,0,0.045455,0,0
0.028571,0.028571,0,0,0,0.028571,0,0,0,0,0,0,0,0,0.028571,0,0,0.028571,0.028571,0,0,0.028571,0.028571,0,0.028571,0.028571,0,0,0,0,0.028571,0,0,0.028571,0,0.028571,0.057143,0.028571,0.057143,0.057143,0,0,0,0.028571,0.028571,0.028571,0.028571,0.028571,0,0,0,0,0,0,0,0,0,0.085714,0,0,0,0.085714,0.085714,0.028571
0.039216,0.019608,0,0,0,0,0,0.058824,0.019608,0,0.019608,0.019608,0.058824,0,0,0.13725,0,0.019608,0,0,0.019608,0.019608,0,0.039216,0,0.019608,0.15686,0.019608,0,0.039216,0,0,0,0,0,0.019608,0,0.039216,0,0,0,0.019608,0,0,0,0.019608,0,0,0,0,0,0.019608,0.019608,0.039216,0,0,0,0.019608,0.078431,0,0.019608,0,0,0
0,0.02381,0.047619,0.02381,0.095238,0.02381,0,0,0,0.02381,0.047619,0,0.02381,0,0,0,0.02381,0.02381,0.071429,0.02381,0,0.02381,0.02381,0.02381,0.02381,0,0.02381,0.02381,0,0,0.02381,0,0,0,0.02381,0,0,0.047619,0,0,0,0.071429,0,0,0,0,0.071429,0,0.02381,0,0,0,0,0,0.02381,0,0,0,0.047619,0.02381,0.02381,0,0.02381,0
0,0,0,0.038462,0,0.076923,0,0,0,0,0,0,0,0,0,0,0,0.038462,0.076923,0,0,0,0.076923,0,0,0.076923,0,0.076923,0,0,0,0,0,0,0,0,0.038462,0,0,0,0,0.038462,0.038462,0,0,0,0,0.038462,0.038462,0,0.038462,0,0.11538,0,0.038462,0,0.038462,0.038462,0,0,0.038462,0.038462,0,0
0,0.055556,0,0,0,0,0.055556,0,0.055556,0,0,0,0,0,0,0,0.055556,0.055556,0,0.055556,0,0,0.055556,0,0,0.055556,0,0,0.055556,0,0.055556,0,0,0.055556,0.055556,0,0,0.055556,0,0.055556,0.055556,0,0,0,0,0,0,0,0,0.055556,0.055556,0,0,0,0,0,0,0.055556,0,0,0,0,0,0
0.034483,0,0,0.034483,0.10345,0,0.034483,0,0,0,0,0,0.034483,0,0.034483,0,0,0,0.034483,0.034483,0,0,0,0,0,0.034483,0,0.034483,0.10345,0,0,0,0,0,0,0,0,0,0.034483,0,0,0.034483,0,0,0,0,0.034483,0,0.034483,0.10345,0.034483,0.034483,0.034483,0,0.034483,0.034483,0,0,0,0.034483,0.034483,0,0,0
0.076923,0,0.076923,0,0.076923,0,0,0,0.076923,0,0,0,0,0,0,0,0,0,0.076923,0,0.076923,0,0,0.076923,0,0,0,0,0.076923,0.076923,0,0,0,0.076923,0,0,0,0.076923,0,0,0,0,0,0,0,0,0,0.076923,0.076923,0,0,0,0,0,0,0,0,0,0,0,0,0,0,0
0,0.043478,0.043478,0,0,0,0,0,0,0,0,0,0,0,0,0.043478,0,0.086957,0,0,0.043478,0,0.043478,0,0,0,0.043478,0,0.043478,0.043478,0,0.086957,0,0.043478,0,0,0,0,0,0,0,0.043478,0,0,0,0,0.086957,0.043478,0,0,0,0,0.043478,0,0.043478,0,0,0,0,0.043478,0,0.043478,0,0.086957
0.05,0,0.025,0,0,0,0,0.025,0.05,0,0.075,0,0,0,0,0,0,0,0.05,0.025,0,0,0,0,0.075,0.025,0,0,0,0,0,0,0,0,0.125,0,0,0,0.075,0,0,0.05,0,0.025,0.025,0,0.05,0,0.05,0,0.025,0,0,0.05,0,0,0,0,0,0.025,0,0,0.025,0.075
0.028571,0.057143,0,0,0.085714,0,0,0,0.028571,0,0,0.028571,0,0,0.028571,0,0.057143,0.028571,0.028571,0.057143,0.028571,0,0,0,0.028571,0,0,0,0,0,0,0.028571,0.028571,0,0,0.028571,0.028571,0,0,0.028571,0.028571,0,0,0,0,0.028571,0,0.028571,0,0,0,0.057143,0.028571,0,0,0,0.028571,0.028571,0,0,0.028571,0,0.028571,0.085714
0.038462,0.076923,0.076923,0.038462,0,0,0,0,0,0,0,0,0.038462,0,0.038462,0.076923,0.038462,0,0,0,0,0,0,0,0,0,0,0,0,0,0.038462,0,0.038462,0,0,0,0,0,0,0,0,0,0,0,0,0.038462,0,0,0.038462,0,0.076923,0,0.038462,0,0.038462,0.038462,0,0,0,0,0.11538,0.076923,0.038462,0
0.058824,0,0,0.058824,0,0.058824,0.058824,0.058824,0,0,0,0,0.11765,0.058824,0,0,0,0,0,0,0,0,0,0,0,0,0,0,0,0,0,0,0,0,0.058824,0,0.058824,0.058824,0,0,0,0,0,0.058824,0.058824,0,0.058824,0.058824,0,0,0,0,0,0,0,0,0,0,0,0.058824,0,0,0,0.058824
0,0.22222,0,0,0,0,0,0,0,0,0.11111,0,0,0,0,0,0.11111,0,0,0,0,0,0,0.11111,0,0,0,0,0,0,0,0,0,0,0,0,0.11111,0,0,0,0,0,0,0.11111,0,0,0,0,0,0,0,0,0,0.11111,0,0,0,0,0,0,0.11111,0,0,0
0.083333,0.027778,0,0,0.027778,0,0.027778,0,0,0.027778,0,0.055556,0.055556,0.027778,0,0,0,0,0.055556,0.027778,0,0,0,0,0.027778,0,0,0,0.027778,0,0,0.055556,0,0,0.027778,0,0.027778,0.027778,0.027778,0.027778,0,0.027778,0,0.027778,0,0,0,0,0.055556,0,0,0,0.055556,0.083333,0,0.027778,0,0,0,0,0,0.055556,0,0
0.12,0,0,0.08,0,0,0,0,0.04,0.04,0,0.08,0,0.08,0,0,0.04,0,0,0,0,0,0,0,0,0,0,0,0,0,0,0,0.04,0,0.04,0,0,0,0.04,0,0,0,0,0,0,0.04,0.08,0,0.04,0.04,0,0,0,0,0,0,0.04,0.04,0,0.04,0,0.04,0,0.04
0,0.027027,0,0,0,0,0.027027,0,0.054054,0.027027,0,0,0.054054,0,0,0.027027,0,0,0.027027,0,0,0,0,0,0.027027,0.054054,0.027027,0.027027,0,0,0.027027,0,0.054054,0,0.10811,0,0.054054,0.027027,0,0,0,0,0.027027,0,0,0,0.081081,0.054054,0,0.054054,0,0,0,0,0.027027,0,0,0.054054,0,0.027027,0,0,0,0.027027
0,0.083333,0.16667,0.083333,0,0,0,0,0,0.083333,0,0,0,0,0,0,0,0,0,0,0,0,0.083333,0,0.083333,0,0,0,0,0,0,0,0.16667,0,0,0,0,0,0,0,0,0,0,0,0,0,0.083333,0,0,0.083333,0,0,0,0,0,0,0,0,0,0,0,0,0.083333,0
0.11538,0.076923,0,0,0,0,0,0.038462,0,0,0,0,0,0,0,0.038462,0.038462,0,0,0,0,0.038462,0,0,0.038462,0,0,0.038462,0.038462,0,0.038462,0,0.15385,0,0,0,0.076923,0,0.038462,0,0.038462,0.038462,0,0,0,0,0,0,0,0,0,0,0.076923,0,0,0,0.038462,0,0,0,0,0,0,0.038462
0.041667,0,0,0.041667,0,0,0,0,0,0,0,0,0,0.041667,0,0,0,0,0.041667,0,0.041667,0.041667,0.041667,0,0,0.041667,0,0.041667,0,0,0.125,0,0.041667,0.041667,0,0,0,0,0.041667,0,0,0,0,0,0,0,0.041667,0,0,0.041667,0,0.041667,0,0,0,0.041667,0,0.041667,0,0.125,0,0.041667,0,0
0.08,0,0.04,0,0.12,0.04,0,0,0,0.04,0,0,0,0.04,0,0,0,0.12,0,0,0,0,0.04,0,0,0,0.04,0.04,0,0,0,0,0,0,0,0,0.08,0.12,0,0.04,0,0,0,0,0,0,0.04,0,0,0.04,0,0,0,0,0.04,0,0,0.04,0,0,0,0,0,0
0.029412,0.11765,0.058824,0,0,0,0.058824,0.029412,0,0,0,0,0.029412,0,0,0.029412,0.029412,0,0,0.058824,0,0,0.029412,0,0.029412,0,0.029412,0,0,0.058824,0,0,0.029412,0,0,0,0,0,0.029412,0,0.029412,0.029412,0,0,0,0,0.029412,0,0,0,0,0,0,0,0.058824,0,0,0,0,0,0.058824,0.058824,0.029412,0.058824
0.045455,0,0,0,0.045455,0.045455,0.045455,0,0,0.045455,0,0,0,0,0,0,0,0,0.045455,0,0,0.045455,0,0.045455,0,0,0.045455,0,0,0.045455,0,0,0,0,0,0,0,0.045455,0.045455,0,0.090909,0,0,0.045455,0,0.045455,0,0.045455,0.045455,0.045455,0,0,0,0.045455,0,0,0,0.045455,0,0,0,0.045455,0,0
0.055556,0,0,0,0,0,0,0,0.055556,0,0,0,0.055556,0,0,0,0,0,0.055556,0,0.11111,0,0,0,0.055556,0,0.055556,0.055556,0,0,0,0.055556,0,0,0,0,0,0,0,0,0.055556,0,0,0.055556,0,0,0.055556,0,0,0,0,0,0.055556,0,0,0,0,0.055556,0.055556,0.11111,0,0,0,0
0.03125,0.0625,0,0,0.03125,0,0.03125,0,0,0.03125,0,0.03125,0.03125,0.03125,0,0,0,0.03125,0.0625,0.0625,0,0,0,0,0,0,0.03125,0,0.03125,0,0,0.09375,0.0625,0,0,0,0.03125,0,0,0,0,0.03125,0,0,0.03125,0,0,0,0,0,0,0.0625,0,0,0.03125,0,0,0.0625,0,0,0.03125,0.03125,0.03125,0
0,0.076923,0,0,0,0,0,0,0,0,0,0,0,0.076923,0,0,0,0,0,0.15385,0,0,0,0,0,0,0.076923,0,0,0,0,0,0.076923,0,0,0,0,0,0.076923,0,0,0,0,0,0,0,0,0.076923,0,0,0,0,0,0,0.076923,0,0.076923,0,0,0,0.23077,0,0,0
0.059524,0,0,0,0.14286,0,0,0.011905,0.047619,0.011905,0.011905,0.035714,0.035714,0.011905,0,0.035714,0,0.011905,0,0,0.035714,0,0.011905,0,0,0,0.02381,0.011905,0.02381,0,0.02381,0,0.011905,0,0,0,0.22619,0.059524,0.011905,0,0.02381,0,0,0.011905,0,0,0.011905,0,0,0,0,0,0.011905,0,0.011905,0,0,0.02381,0,0.011905,0,0,0.02381,0.011905
0,0,0,0.1,0,0,0,0.1,0,0,0.1,0,0,0,0,0.1,0.1,0,0,0,0,0,0,0,0,0,0,0,0,0,0,0,0,0,0,0,0,0,0,0,0.1,0,0,0,0,0,0,0,0,0.1,0,0,0,0,0,0,0.1,0,0,0,0,0,0,0.2
0.071429,0.035714,0.011905,0,0,0,0.035714,0,0.011905,0.02381,0,0,0.011905,0.011905,0.035714,0.035714,0.035714,0.02381,0.011905,0.011905,0,0,0,0.011905,0.02381,0,0,0.011905,0.011905,0,0.035714,0.02381,0.035714,0.011905,0.011905,0,0.02381,0,0,0.011905,0.011905,0,0,0,0.011905,0,0.011905,0.02381,0,0.011905,0,0.059524,0.02381,0,0.02381,0,0.02381,0.083333,0.02381,0.011905,0.035714,0.02381,0.035714,0
0.073529,0,0.014706,0,0,0.044118,0,0.044118,0.029412,0,0.014706,0,0.073529,0.014706,0,0.073529,0.058824,0,0.014706,0,0,0,0,0,0,0.014706,0,0,0.014706,0,0,0.044118,0,0,0.029412,0,0.014706,0.014706,0,0.029412,0,0,0,0,0.014706,0,0,0,0.014706,0,0.014706,0.044118,0.044118,0,0.029412,0.029412,0.014706,0,0,0.029412,0.029412,0.058824,0.029412,0.029412
0,0,0,0.038462,0,0.038462,0,0.076923,0,0,0,0,0,0,0,0,0.038462,0,0,0,0.038462,0,0,0,0.076923,0.076923,0,0,0,0.038462,0.076923,0.076923,0,0,0,0.038462,0.038462,0,0,0.038462,0,0.038462,0,0,0,0.038462,0,0.038462,0,0,0.038462,0,0,0.038462,0,0,0,0,0,0.038462,0,0,0,0.076923
0,0.058824,0,0,0,0,0,0.058824,0,0,0,0,0.058824,0,0,0,0,0,0,0.058824,0,0,0.058824,0,0.058824,0,0,0,0.058824,0,0.058824,0,0,0.058824,0.058824,0,0,0,0,0,0,0,0,0,0,0,0,0,0,0.058824,0,0.058824,0,0,0,0.058824,0,0,0,0.058824,0.058824,0.058824,0,0.058824
0.033333,0.1,0.033333,0,0,0,0.033333,0.033333,0,0.033333,0,0,0.1,0,0.033333,0,0,0.033333,0.033333,0,0,0,0,0,0.033333,0,0,0.033333,0,0,0.033333,0,0.033333,0,0,0,0,0,0.033333,0,0.033333,0,0,0,0,0,0.033333,0.033333,0.033333,0.033333,0.066667,0.033333,0,0,0,0,0.033333,0,0,0,0.033333,0,0,0.033333
0.085714,0.028571,0.014286,0.014286,0.042857,0,0.014286,0.014286,0,0,0,0.028571,0.028571,0,0.014286,0.028571,0.14286,0,0.014286,0,0.028571,0,0,0.028571,0,0.028571,0.014286,0,0,0.042857,0,0,0.014286,0,0,0,0.014286,0.014286,0.028571,0,0,0.028571,0.014286,0.014286,0.014286,0.014286,0,0,0.057143,0.014286,0,0,0.014286,0,0,0.014286,0.042857,0,0.014286,0.014286,0.014286,0,0.014286,0.028571
0,0.037037,0,0.037037,0,0,0,0,0.037037,0,0,0,0.11111,0,0.037037,0,0,0.037037,0,0,0.037037,0,0,0.037037,0,0.14815,0,0,0,0,0,0,0,0,0,0,0.11111,0,0,0,0,0.037037,0,0,0,0,0.037037,0,0,0,0.037037,0,0.037037,0,0,0.074074,0.037037,0.037037,0,0,0.037037,0,0,0.037037
0.064516,0.032258,0,0.032258,0.064516,0,0,0,0,0,0.032258,0,0,0.032258,0,0,0,0.096774,0,0,0,0,0,0,0,0.032258,0,0,0,0,0,0.032258,0,0.032258,0,0,0,0.032258,0,0.064516,0,0,0,0,0.032258,0,0,0.22581,0,0,0,0,0,0,0,0.064516,0,0.064516,0,0.032258,0,0,0.032258,0
0.27273,0,0,0,0,0,0,0,0.090909,0,0,0,0.090909,0.18182,0,0,0.18182,0,0,0,0,0,0,0,0,0,0,0,0,0,0,0,0,0,0,0,0,0,0,0,0,0,0,0,0,0.090909,0,0.090909,0,0,0,0,0,0,0,0,0,0,0,0,0,0,0,0
0.043478,0,0.043478,0.043478,0,0,0,0,0,0,0,0,0,0,0,0.043478,0,0,0,0,0,0.043478,0,0,0.043478,0,0,0,0,0,0,0,0.086957,0,0,0.043478,0,0.043478,0,0,0,0.086957,0,0,0,0,0,0,0.043478,0,0,0,0,0,0.043478,0,0,0,0.043478,0.17391,0.043478,0,0.13043,0
0.14286,0,0,0.071429,0.071429,0,0,0,0,0,0,0,0.071429,0.071429,0,0.071429,0,0,0,0,0,0,0,0,0,0,0,0,0,0,0.071429,0,0,0,0,0,0,0,0.071429,0,0,0,0,0,0,0,0,0,0,0,0,0,0.071429,0,0,0,0,0.071429,0,0,0,0,0.14286,0.071429
0,0,0.13333,0.066667,0.066667,0.066667,0,0,0,0,0,0,0,0,0,0,0,0,0,0,0.066667,0,0,0,0,0.13333,0,0.066667,0,0,0,0,0,0.066667,0,0,0.066667,0,0,0,0,0,0,0,0,0,0,0,0,0,0,0,0,0.066667,0,0,0,0.066667,0.066667,0,0,0,0,0.066667
0.12245,0,0.040816,0,0.040816,0.020408,0.020408,0.020408,0,0,0.020408,0,0.040816,0.040816,0,0,0.020408,0.020408,0.020408,0,0,0,0.020408,0,0.020408,0.020408,0.020408,0.020408,0,0.020408,0.020408,0,0.020408,0,0,0,0.10204,0.020408,0.040816,0.020408,0,0,0,0,0.020408,0,0,0.020408,0,0,0.020408,0.040816,0,0,0,0,0,0.020408,0,0,0.040816,0,0.040816,0.020408
0.076923,0,0,0,0,0,0,0,0,0.076923,0.076923,0,0,0,0.076923,0.15385,0,0,0,0,0,0,0,0,0,0,0,0,0,0,0,0,0,0,0,0.076923,0,0,0,0,0,0,0,0,0,0,0.076923,0,0.15385,0,0.076923,0,0,0,0.076923,0,0,0,0,0,0.076923,0,0,0
0.1,0,0,0,0,0,0.1,0.1,0,0.1,0,0,0,0,0.1,0,0,0.1,0,0,0,0,0,0,0,0,0,0,0,0,0,0,0,0,0,0,0,0,0,0,0,0,0,0,0.1,0,0,0,0,0,0,0,0,0,0,0,0.1,0,0,0,0,0,0.1,0.1
0,0,0,0.026316,0.026316,0,0,0,0,0,0,0.026316,0.052632,0.052632,0,0.052632,0.026316,0,0,0,0,0,0,0,0.026316,0,0,0,0.052632,0.026316,0.026316,0,0.052632,0,0,0,0.026316,0,0,0,0.026316,0,0,0,0,0,0.052632,0,0.026316,0.026316,0.026316,0.026316,0.078947,0,0,0,0.052632,0.026316,0.026316,0,0.052632,0.026316,0.026316,0.052632
0,0,0,0,0,0,0,0,0,0,0,0,0,0,0,0.076923,0,0,0,0,0,0,0,0,0.15385,0.076923,0,0,0,0,0.076923,0,0,0,0,0,0,0.076923,0,0,0,0.076923,0.076923,0,0,0,0,0.076923,0.076923,0,0,0,0,0,0,0,0,0,0,0,0,0,0.15385,0.076923
0,0,0,0.055556,0,0,0,0,0,0,0,0.055556,0,0,0,0,0,0,0,0,0,0,0,0,0,0,0,0,0,0,0,0,0,0,0,0.055556,0.055556,0,0,0.11111,0,0.055556,0,0,0,0,0,0.055556,0,0,0,0.11111,0,0.055556,0.055556,0.055556,0,0.055556,0.11111,0.055556,0,0.055556,0,0
0,0,0,0,0,0,0,0,0,0,0,0.058824,0,0,0,0.058824,0,0,0,0,0.058824,0.058824,0,0,0,0,0,0,0,0,0,0,0,0,0.058824,0,0,0.058824,0,0,0,0,0.058824,0,0,0,0.11765,0,0,0,0.058824,0,0,0,0.11765,0,0.058824,0,0,0.058824,0.058824,0,0.11765,0
0,0.076923,0.076923,0,0,0,0,0.076923,0,0,0,0,0,0,0,0,0,0,0,0,0,0,0.076923,0,0,0.076923,0,0,0,0,0,0.076923,0,0,0,0,0.076923,0,0,0,0.076923,0,0,0,0,0,0,0,0.076923,0,0,0,0,0,0,0,0,0,0.076923,0,0.076923,0.076923,0.076923,0
0.0625,0.0625,0,0,0,0.03125,0.03125,0,0.0625,0.03125,0,0,0.03125,0,0.03125,0,0.0625,0.03125,0,0,0,0,0,0.0625,0,0.03125,0,0,0.03125,0,0,0,0,0,0.03125,0.03125,0.03125,0,0,0,0,0,0,0,0.03125,0,0.03125,0,0.0625,0,0,0,0.0625,0,0.03125,0,0,0.09375,0,0,0.03125,0,0,0
0.04878,0.02439,0,0.02439,0.02439,0,0.02439,0,0,0,0.02439,0,0.04878,0.04878,0,0,0.02439,0.02439,0.04878,0,0.04878,0.04878,0,0,0.02439,0.073171,0,0,0,0.02439,0,0,0.04878,0,0.02439,0,0.04878,0,0.02439,0,0.073171,0,0.02439,0.02439,0.02439,0,0,0,0,0,0,0,0,0.04878,0.02439,0,0,0,0,0,0,0.02439,0,0.02439
0.066667,0,0,0,0,0,0,0,0,0,0,0.066667,0,0.066667,0,0.13333,0,0,0.066667,0,0,0.066667,0,0,0,0,0,0.066667,0,0,0,0,0.066667,0,0,0,0,0,0,0,0.066667,0,0,0,0.066667,0,0.066667,0,0,0,0,0.066667,0,0,0.13333,0,0,0,0,0,0,0,0,0
0.05,0,0,0.05,0,0,0,0,0,0,0.05,0,0,0,0,0,0.05,0,0.1,0.05,0,0,0,0.05,0,0,0.05,0,0,0,0,0,0,0,0,0,0,0,0.05,0,0,0.05,0,0,0.05,0,0,0,0,0,0,0,0.05,0,0.05,0,0.1,0,0,0,0,0.1,0.05,0.05
0.0625,0,0.0625,0,0,0,0,0,0,0,0,0,0,0,0,0.0625,0,0,0,0,0,0,0.0625,0,0,0,0,0,0,0.0625,0,0,0.0625,0.0625,0,0.0625,0.0625,0.0625,0,0,0,0,0,0,0,0,0,0.125,0.0625,0.0625,0,0,0,0,0,0.0625,0,0,0,0,0.0625,0,0,0
0.23529,0.058824,0,0,0,0,0.058824,0,0.058824,0,0,0.058824,0,0.058824,0,0,0,0,0,0,0,0,0,0,0.17647,0,0,0,0,0.058824,0,0.058824,0,0,0,0,0,0,0.058824,0,0,0,0,0,0.058824,0,0,0,0,0,0,0,0,0,0,0,0.058824,0,0,0,0,0,0,0
0.090909,0.18182,0.090909,0.090909,0,0,0,0,0,0.090909,0,0,0,0,0,0,0,0,0.090909,0,0.090909,0,0,0,0.090909,0,0,0,0,0,0,0,0,0,0,0,0,0,0,0,0,0,0,0,0,0.090909,0,0,0,0,0,0,0.090909,0,0,0,0,0,0,0,0,0,0,0
0.09375,0.03125,0.03125,0.03125,0.03125,0,0,0.03125,0,0.0625,0,0,0.03125,0,0,0,0.0625,0.03125,0.03125,0,0,0,0,0.03125,0,0.03125,0,0,0.03125,0,0,0,0.03125,0,0,0,0,0,0,0,0,0.03125,0,0,0,0.03125,0,0,0.125,0,0,0,0,0,0.03125,0,0.03125,0.03125,0,0.03125,0,0,0.0625,0.03125
0.22727,0,0.13636,0,0,0,0.045455,0,0,0.045455,0,0,0.045455,0,0,0,0.045455,0.045455,0,0,0.090909,0,0,0,0.045455,0.045455,0,0,0,0,0.045455,0,0.045455,0,0,0,0,0,0,0,0,0.045455,0,0,0,0,0,0,0,0.045455,0,0,0,0,0,0,0,0,0,0,0,0.045455,0,0
0.3,0.1,0,0,0,0,0,0,0,0,0.1,0,0,0,0.1,0,0.1,0,0,0,0,0,0,0,0,0,0,0,0,0,0,0,0,0,0,0,0.1,0,0,0,0,0,0,0,0,0,0.1,0,0,0,0,0,0,0,0,0,0,0.1,0,0,0,0,0,0
0,0,0,0.023256,0,0.046512,0.046512,0,0,0.023256,0,0,0.023256,0.046512,0,0,0.023256,0.046512,0,0.023256,0.046512,0.093023,0.023256,0.023256,0.023256,0.023256,0.023256,0.069767,0,0,0,0,0,0,0.023256,0,0.023256,0,0.046512,0,0,0,0,0.023256,0,0.023256,0,0,0.046512,0.023256,0,0,0.023256,0.023256,0.023256,0,0,0,0.023256,0,0,0,0.023256,0.046512
0,0,0,0,0,0,0.047619,0.047619,0,0,0,0.047619,0,0.047619,0,0,0.047619,0,0.047619,0,0,0.047619,0.095238,0,0.047619,0,0,0,0,0,0,0,0,0,0,0,0.095238,0.095238,0.047619,0,0,0,0,0,0,0.047619,0,0,0,0,0,0,0.095238,0,0,0,0.047619,0,0,0,0,0,0,0.095238
0.027027,0,0,0,0.13514,0,0,0.081081,0.027027,0.027027,0,0,0.054054,0.027027,0.027027,0.027027,0.027027,0.027027,0,0.027027,0,0,0,0,0,0.027027,0,0,0.027027,0,0.027027,0,0.027027,0,0,0,0.027027,0.027027,0.027027,0.054054,0,0.027027,0,0,0,0.027027,0.027027,0.027027,0.027027,0,0,0,0.027027,0.027027,0.027027,0,0,0,0,0,0,0,0.027027,0
0.0625,0,0.125,0,0,0,0,0,0.0625,0,0,0,0,0,0,0,0,0,0.0625,0,0,0,0,0,0,0,0.0625,0.0625,0,0,0,0,0,0,0,0,0.0625,0,0.0625,0.0625,0.0625,0,0.125,0,0,0,0,0,0,0.0625,0,0,0,0,0,0,0.0625,0,0.0625,0,0,0,0,0
0,0,0,0,0.034483,0,0,0,0,0,0,0,0,0.034483,0,0,0,0.034483,0,0,0.068966,0,0.034483,0.068966,0,0.17241,0,0,0.034483,0.034483,0.068966,0.034483,0,0,0,0,0,0,0,0.034483,0,0.034483,0.068966,0,0,0.034483,0.034483,0,0,0,0,0,0,0.034483,0.034483,0,0,0,0,0,0,0.068966,0,0.034483
0.16667,0,0,0,0,0,0,0,0,0,0,0,0.083333,0,0,0,0.25,0,0,0.083333,0,0,0,0,0,0,0,0,0,0,0.083333,0,0,0,0,0,0,0,0,0,0.16667,0,0,0,0,0,0,0,0,0,0.083333,0,0.083333,0,0,0,0,0,0,0,0,0,0,0
0.038462,0,0.076923,0,0.038462,0.038462,0.076923,0,0,0,0,0,0,0,0,0,0.26923,0,0.076923,0,0.038462,0,0,0,0,0,0,0,0,0,0.076923,0,0.11538,0,0.038462,0,0,0,0,0,0,0,0,0,0,0,0,0,0.076923,0,0.038462,0,0,0,0,0,0,0,0,0,0,0,0,0
0.071429,0,0,0,0.02381,0,0,0,0,0.02381,0.047619,0.02381,0.02381,0.02381,0,0.02381,0.02381,0.02381,0.047619,0.02381,0,0,0,0,0,0,0,0.047619,0,0.02381,0,0.02381,0,0,0,0,0,0.02381,0.02381,0.02381,0,0,0.02381,0.02381,0,0,0.047619,0.047619,0.02381,0,0.02381,0,0,0,0.071429,0.02381,0,0.02381,0,0.047619,0,0,0.02381,0.071429
0.2,0.1,0,0,0,0,0,0,0,0,0,0,0.1,0,0,0,0.1,0,0,0,0,0,0,0,0,0,0,0,0,0,0,0,0,0,0,0.1,0,0,0,0,0,0,0,0,0,0,0.1,0,0,0,0,0,0,0,0,0,0,0.2,0,0.1,0,0,0,0
0.2,0,0.066667,0,0,0,0,0,0,0,0,0,0.066667,0.066667,0,0,0.066667,0,0,0,0.066667,0,0,0,0,0,0,0,0.066667,0,0.066667,0,0,0,0,0,0.066667,0.066667,0,0,0,0,0,0,0,0,0.066667,0,0,0,0,0,0,0,0,0,0.066667,0,0,0,0,0,0.066667,0
0,0,0,0.090909,0.090909,0,0.090909,0,0,0,0,0,0.090909,0,0,0,0.090909,0,0,0,0,0.090909,0,0,0,0,0,0,0,0,0,0,0,0,0,0,0,0,0,0,0,0,0,0,0,0,0,0,0.27273,0,0,0,0,0,0,0,0.090909,0.090909,0,0,0,0,0,0
0.058824,0,0,0,0.058824,0.11765,0,0,0,0,0,0,0,0.11765,0,0,0.058824,0,0,0,0,0,0,0.058824,0.058824,0,0,0,0,0.058824,0,0,0,0,0,0,0,0,0,0,0,0,0,0,0,0,0.058824,0,0.058824,0.11765,0.058824,0.058824,0,0,0,0,0,0,0,0,0.058824,0,0,0
0,0.076923,0,0.076923,0.076923,0,0,0,0,0,0,0,0,0,0.076923,0.076923,0,0,0.076923,0,0,0,0,0,0,0,0,0.076923,0,0,0,0,0,0,0,0,0.076923,0,0,0.076923,0,0,0,0,0,0.076923,0.076923,0,0,0.076923,0,0,0,0,0.076923,0,0,0,0,0,0,0,0,0
0,0,0,0,0,0,0.13333,0,0,0,0,0,0,0,0,0.13333,0,0,0,0,0,0,0,0,0,0,0,0,0,0.066667,0,0.066667,0.066667,0,0,0,0,0,0,0.066667,0,0,0,0,0,0,0.066667,0,0,0,0,0,0,0,0.066667,0,0.066667,0.066667,0,0,0,0,0,0.2
0.10811,0,0.081081,0,0,0,0.027027,0,0.054054,0.081081,0.054054,0,0,0,0,0.027027,0.027027,0,0.10811,0,0.027027,0,0,0,0.027027,0,0,0,0,0.054054,0,0,0.027027,0.027027,0,0,0.027027,0.027027,0.027027,0,0,0.027027,0,0,0,0.027027,0,0,0,0,0.027027,0,0.054054,0,0,0,0.027027,0,0,0.027027,0,0,0,0
0,0,0,0,0,0.055556,0,0.055556,0,0,0,0,0,0.055556,0,0,0,0,0,0,0,0,0.055556,0,0,0.055556,0.055556,0,0,0,0,0,0,0,0,0,0.055556,0.055556,0.055556,0,0.055556,0.055556,0,0,0.055556,0,0,0,0,0,0,0.055556,0,0,0,0,0,0.055556,0,0.11111,0.055556,0.055556,0,0
0.052632,0,0,0.052632,0,0,0,0,0,0.052632,0,0,0,0,0,0.052632,0,0,0,0,0,0,0,0,0,0.10526,0,0.10526,0,0,0.052632,0.052632,0,0,0,0,0,0,0,0,0,0,0,0,0,0.10526,0.15789,0.052632,0,0,0,0,0,0,0,0,0.052632,0,0,0.052632,0,0,0.052632,0
0.076923,0,0,0,0,0,0,0.076923,0.076923,0,0,0,0,0,0,0,0,0,0.076923,0,0.076923,0,0,0.15385,0,0.15385,0,0,0,0,0,0,0.076923,0,0,0.076923,0,0,0,0,0,0,0,0,0,0,0,0,0,0.076923,0,0,0,0.076923,0,0,0,0,0,0,0,0,0,0
0,0,0,0.026316,0,0,0,0.052632,0,0,0,0,0,0,0,0,0,0,0.026316,0.026316,0,0.052632,0.026316,0,0,0.10526,0.026316,0.078947,0,0,0,0,0,0,0,0,0.052632,0,0,0.052632,0,0.026316,0,0,0,0.052632,0,0.078947,0.026316,0,0,0,0.026316,0.026316,0.026316,0,0,0,0.026316,0,0,0.052632,0.026316,0.10526
0.071429,0.035714,0.035714,0.017857,0.017857,0.017857,0.035714,0,0.017857,0.053571,0.017857,0.017857,0.017857,0.053571,0,0,0.017857,0,0,0,0,0.017857,0.017857,0,0,0.017857,0,0.017857,0,0.017857,0.053571,0,0.035714,0,0.017857,0.017857,0.035714,0,0.035714,0,0,0.017857,0,0,0.017857,0,0.017857,0,0.017857,0.017857,0,0,0.017857,0.035714,0,0,0.017857,0,0.017857,0.071429,0.017857,0,0,0.017857
0,0.043478,0.043478,0,0,0,0,0,0,0,0,0,0.086957,0,0,0.086957,0.086957,0,0,0.043478,0,0,0,0,0,0,0,0.043478,0,0,0,0,0,0,0,0,0,0,0.086957,0.043478,0,0,0,0.043478,0.043478,0.043478,0,0,0,0,0,0.086957,0.043478,0,0,0,0,0.086957,0.043478,0,0,0.043478,0,0
0,0,0,0.030303,0,0,0,0.030303,0,0,0,0.030303,0,0.030303,0,0.060606,0.030303,0,0,0,0.030303,0,0.030303,0,0,0.030303,0.030303,0,0,0,0.030303,0.030303,0.030303,0,0,0.030303,0.060606,0.030303,0.030303,0.090909,0,0,0,0,0,0,0,0,0,0,0,0,0,0,0,0.030303,0.090909,0.060606,0,0.030303,0.030303,0,0.060606,0.030303
0,0.071429,0.035714,0,0,0.035714,0,0,0.035714,0,0,0,0,0.071429,0,0.035714,0,0,0.071429,0,0,0,0.035714,0,0,0.035714,0,0,0.035714,0,0,0,0.10714,0,0.035714,0,0.071429,0,0.071429,0,0,0,0,0,0,0.071429,0.035714,0.035714,0,0,0.035714,0,0.071429,0,0,0,0,0,0,0,0,0,0,0
0.028986,0,0,0.014493,0,0,0.014493,0.014493,0.014493,0.028986,0.014493,0.014493,0,0,0.014493,0.028986,0.014493,0,0.028986,0.028986,0.043478,0.043478,0.014493,0,0,0.072464,0.043478,0.043478,0.014493,0,0,0.014493,0,0,0,0.028986,0,0.028986,0.043478,0.014493,0.014493,0,0,0,0,0.028986,0.014493,0,0.014493,0.014493,0,0.086957,0.014493,0.014493,0.043478,0,0,0,0.028986,0.014493,0,0,0.014493,0.028986
0,0.090909,0,0,0,0.090909,0,0,0,0,0,0,0,0,0,0.090909,0,0,0,0,0.090909,0,0,0,0,0.090909,0,0,0,0,0,0,0,0,0,0,0.090909,0,0,0,0,0,0,0.090909,0,0.090909,0,0,0,0,0,0,0.090909,0,0,0,0,0,0.090909,0,0,0,0,0.090909
0.043478,0,0,0,0,0.043478,0,0,0,0,0,0,0,0.043478,0,0,0.086957,0,0,0,0.043478,0,0.086957,0,0.043478,0,0,0,0.043478,0,0,0,0.043478,0,0,0,0,0,0,0,0,0,0,0,0.043478,0,0,0,0.086957,0,0.043478,0,0.086957,0.043478,0.086957,0,0,0,0,0.043478,0,0,0,0.086957
0,0,0.047619,0.047619,0,0,0,0.047619,0.047619,0,0,0.047619,0,0.047619,0,0.047619,0.047619,0.047619,0,0,0.047619,0,0,0,0,0,0,0,0,0,0,0,0.095238,0,0,0,0,0,0,0,0.047619,0.047619,0,0,0,0,0,0,0.095238,0,0,0,0,0,0,0,0,0.047619,0,0,0.047619,0,0.095238,0.047619
0.066667,0,0,0,0,0,0,0.066667,0,0,0,0,0.033333,0,0,0,0,0,0.033333,0.066667,0,0,0.033333,0.033333,0,0.033333,0,0,0,0,0.033333,0,0.033333,0.033333,0.066667,0.033333,0,0.033333,0,0,0.033333,0,0,0,0,0.066667,0,0.033333,0.1,0,0,0,0,0,0.066667,0.033333,0.033333,0,0,0,0.033333,0,0,0
0.1,0,0.1,0,0,0,0,0,0,0,0,0,0.2,0,0,0,0,0,0.2,0,0,0,0,0,0,0,0,0,0,0,0,0,0.1,0,0,0.1,0,0,0,0,0,0,0,0,0,0,0,0,0,0,0,0,0,0.1,0,0,0,0,0,0,0,0,0.1,0
0.076923,0,0.076923,0,0,0,0,0,0,0,0,0,0.076923,0.076923,0,0,0.15385,0,0,0,0.076923,0,0.076923,0,0,0,0,0,0,0,0,0,0,0,0,0,0,0,0.076923,0,0,0,0,0,0,0.076923,0,0,0,0,0,0.076923,0,0,0,0,0,0,0,0,0.076923,0.076923,0,0
0.10526,0.10526,0,0,0,0.052632,0,0,0,0.10526,0,0,0,0,0,0,0.052632,0,0,0.052632,0,0,0,0,0,0.10526,0.052632,0,0,0,0,0,0,0,0,0,0.052632,0,0.052632,0,0,0,0,0,0,0,0,0,0,0,0,0.052632,0,0,0.052632,0.052632,0,0,0,0,0,0.10526,0,0
0,0,0,0,0,0,0.037037,0,0,0,0,0.037037,0,0,0,0,0,0,0,0,0.037037,0,0.037037,0.037037,0,0.11111,0,0,0,0,0,0,0.037037,0,0,0,0.037037,0.074074,0,0,0,0,0,0,0.037037,0.037037,0,0.037037,0.037037,0.037037,0,0,0,0.074074,0.037037,0.037037,0,0,0.037037,0.037037,0,0.037037,0.074074,0.037037
0.058824,0.058824,0,0,0,0,0,0,0,0,0,0,0,0,0,0,0,0,0,0,0,0.058824,0,0,0.11765,0,0.058824,0.058824,0.058824,0,0,0,0,0,0,0,0,0,0,0,0.058824,0,0,0,0,0,0,0.058824,0,0,0,0,0,0,0,0,0.058824,0,0,0,0.17647,0.058824,0,0.11765
0.083333,0.16667,0,0,0.041667,0,0,0.041667,0,0.125,0.041667,0,0,0,0,0.041667,0,0.041667,0,0,0.041667,0.041667,0,0,0,0,0,0,0,0,0,0,0,0.041667,0,0,0.041667,0.041667,0.041667,0,0,0,0,0,0,0,0,0,0.125,0,0,0,0,0,0,0,0,0.041667,0,0,0,0,0,0
0.16667,0,0,0,0,0,0,0.16667,0,0,0,0,0,0,0,0,0,0,0,0,0.16667,0,0,0.083333,0,0.083333,0.083333,0,0,0,0,0,0,0,0,0,0.083333,0,0,0,0,0.083333,0,0,0,0,0,0,0,0,0,0,0,0.083333,0,0,0,0,0,0,0,0,0,0
0,0.058824,0,0.058824,0,0.058824,0,0,0,0,0,0,0.058824,0,0,0.11765,0,0,0.058824,0.11765,0,0,0.058824,0,0,0.058824,0,0,0,0,0.058824,0,0,0,0,0,0.058824,0,0,0.058824,0,0,0,0,0,0,0,0,0,0,0,0,0,0,0,0,0.058824,0,0,0,0.058824,0.058824,0,0
0.052632,0,0,0.052632,0.15789,0.052632,0.052632,0.052632,0,0,0,0,0.052632,0,0,0,0.052632,0.052632,0,0,0,0.052632,0,0,0,0,0,0,0,0,0,0,0,0.052632,0.052632,0,0.052632,0.052632,0,0.052632,0,0,0,0,0,0,0,0,0,0,0,0,0,0,0,0,0,0.052632,0,0.052632,0,0,0,0
0.052632,0,0,0,0,0.052632,0,0.052632,0,0,0,0,0,0,0,0.10526,0.052632,0.10526,0.052632,0.052632,0,0,0,0,0,0,0,0,0,0,0,0.052632,0.052632,0,0,0,0,0,0,0,0,0,0,0,0.052632,0,0,0.052632,0,0,0,0.052632,0,0,0,0.052632,0,0,0,0,0.10526,0,0,0.052632
0.083333,0.125,0,0,0,0,0,0,0,0.041667,0.041667,0,0.041667,0,0,0,0.041667,0.041667,0,0,0.041667,0.041667,0,0,0,0.041667,0,0,0,0,0.041667,0,0,0.041667,0,0,0,0,0.083333,0,0,0,0,0,0.041667,0,0,0,0.041667,0,0,0,0,0,0,0,0.041667,0,0,0.041667,0,0,0,0.125
0.18182,0,0,0,0,0,0,0,0,0,0,0,0,0,0,0,0,0,0,0,0,0,0,0.090909,0,0,0,0,0,0,0,0,0.18182,0,0.090909,0,0,0,0,0,0,0,0,0,0,0,0,0,0.090909,0,0.090909,0,0,0,0.090909,0,0,0,0,0,0.090909,0,0.090909,0
0.055556,0.055556,0,0.055556,0,0,0,0,0.055556,0,0,0,0.055556,0,0,0.055556,0,0,0,0,0.055556,0,0,0,0,0,0.055556,0.055556,0,0,0,0,0,0,0,0.055556,0,0.055556,0,0,0,0,0.055556,0.055556,0,0,0,0,0.055556,0,0,0.055556,0,0,0,0,0,0,0,0.055556,0.055556,0.055556,0,0
0,0,0,0,0.025641,0,0.025641,0,0,0,0,0,0.025641,0,0.051282,0,0.051282,0.025641,0.051282,0,0,0.025641,0,0.025641,0,0,0.025641,0.025641,0,0,0.025641,0,0.025641,0,0.025641,0,0,0,0.025641,0.025641,0.025641,0,0.025641,0,0.076923,0,0.076923,0.025641,0.025641,0,0,0,0.025641,0,0.025641,0,0.025641,0,0.025641,0.10256,0.025641,0,0.025641,0
0.029412,0.058824,0.058824,0,0,0.058824,0.029412,0,0,0.058824,0,0.058824,0.029412,0,0,0.029412,0.058824,0,0.029412,0,0.029412,0,0,0,0,0,0,0.029412,0,0,0.029412,0.029412,0.029412,0,0,0,0,0,0,0.029412,0.029412,0,0,0,0,0.029412,0,0,0,0,0,0.029412,0.088235,0.029412,0,0,0,0,0,0.029412,0.029412,0.029412,0.029412,0
0.052632,0.052632,0,0.10526,0,0,0,0,0,0.052632,0,0,0.052632,0.052632,0,0.052632,0.052632,0,0.10526,0,0.052632,0,0,0,0.052632,0,0,0.052632,0,0,0,0,0.052632,0,0,0,0,0,0,0,0.052632,0,0,0,0,0,0.10526,0,0,0,0,0,0,0,0,0,0,0,0,0.052632,0,0,0,0
0.021277,0.021277,0,0.042553,0.021277,0.021277,0.042553,0.042553,0,0,0,0,0.021277,0,0.021277,0.06383,0.042553,0,0.021277,0.042553,0,0,0,0,0,0,0.021277,0.021277,0.021277,0,0,0,0.021277,0,0,0,0.021277,0.021277,0,0,0.021277,0.021277,0,0,0.042553,0,0,0,0.021277,0,0.021277,0.021277,0.021277,0.021277,0.021277,0.021277,0.042553,0.021277,0,0.021277,0.021277,0.042553,0.042553,0.021277
0,0.076923,0,0,0,0,0,0,0,0,0,0,0,0,0,0.076923,0,0.15385,0,0.076923,0,0,0,0,0.076923,0,0,0,0,0,0,0,0,0,0,0,0,0,0,0.076923,0,0,0,0,0,0,0,0.076923,0,0,0,0,0,0,0.076923,0,0.15385,0,0,0.076923,0.076923,0,0,0
0,0.14286,0,0,0,0,0.071429,0,0,0,0,0,0,0,0,0,0.071429,0.071429,0,0,0.071429,0,0.071429,0,0,0,0,0,0.071429,0,0,0.071429,0,0,0,0,0,0,0,0,0,0,0,0,0.071429,0,0,0,0,0,0,0,0.071429,0,0,0.071429,0,0.071429,0,0,0.071429,0,0,0
0.10526,0,0.10526,0,0,0,0,0.052632,0,0,0,0,0.10526,0,0.052632,0.052632,0.052632,0,0.10526,0,0,0.052632,0,0,0.052632,0,0,0,0,0,0.052632,0,0,0,0,0,0,0,0,0.052632,0.052632,0,0,0,0,0,0,0,0,0,0,0,0,0,0,0,0,0,0,0,0.052632,0,0.052632,0
0.125,0,0,0.0625,0,0,0.0625,0,0,0,0,0,0.125,0,0,0,0.0625,0,0,0,0.0625,0,0,0,0,0,0,0,0,0,0,0,0.125,0,0.0625,0,0,0,0,0,0,0,0,0,0,0,0,0,0.0625,0.0625,0,0.0625,0,0,0,0,0,0.0625,0,0,0,0.0625,0,0
0,0,0,0,0.071429,0,0.071429,0.071429,0,0.071429,0,0,0,0,0,0,0,0,0,0,0,0,0,0,0,0,0,0.071429,0,0,0.071429,0,0,0,0,0,0,0,0,0,0,0,0,0,0,0.071429,0,0,0.071429,0,0.071429,0,0,0.071429,0,0,0.071429,0.071429,0,0,0,0,0.071429,0.071429
0,0,0.1,0,0,0,0,0.1,0,0.1,0.1,0,0,0,0,0,0,0,0.1,0,0,0,0,0,0,0,0.1,0,0,0,0,0,0.1,0,0,0.1,0,0,0.1,0,0,0,0,0,0,0,0,0,0,0,0,0,0,0,0,0,0,0.1,0,0,0,0,0,0
0,0,0,0,0,0,0,0.05,0,0,0,0,0.05,0,0.05,0,0,0.05,0.05,0,0.1,0,0.05,0.05,0,0,0,0.05,0,0,0,0,0,0,0,0.1,0,0,0,0.05,0,0.05,0.1,0,0,0,0,0.05,0,0,0,0,0.05,0,0,0,0,0,0.05,0,0,0,0.05,0
0,0,0,0,0.071429,0,0,0,0,0,0,0,0,0,0.071429,0,0,0,0,0,0,0,0.071429,0,0,0,0,0,0.14286,0.071429,0.14286,0,0,0,0.071429,0.071429,0,0.071429,0,0,0,0.21429,0,0,0,0,0,0,0,0,0,0,0,0,0,0,0,0,0,0,0,0,0,0
0.011905,0.011905,0,0.035714,0,0.011905,0.02381,0.02381,0.02381,0,0,0,0.02381,0.059524,0,0,0.02381,0,0.02381,0,0.047619,0.02381,0.011905,0.011905,0.011905,0.035714,0,0.035714,0,0.011905,0.011905,0.02381,0.035714,0.011905,0,0.02381,0.011905,0.035714,0.011905,0.02381,0,0,0.011905,0,0.035714,0,0.011905,0.011905,0.02381,0,0.047619,0.02381,0.011905,0,0.02381,0.02381,0,0.02381,0.02381,0,0.02381,0,0.035714,0.011905
0,0,0,0,0,0,0,0,0.090909,0,0,0.090909,0,0.090909,0,0,0,0,0,0,0,0,0,0,0,0,0,0,0,0,0,0,0,0,0,0,0.090909,0.090909,0,0,0,0.090909,0,0,0,0.090909,0,0.090909,0,0,0,0,0,0,0,0,0.090909,0,0,0,0,0.090909,0.090909,0
0.083333,0,0,0.083333,0,0,0.083333,0,0,0,0,0,0,0,0,0,0.083333,0,0,0,0.083333,0,0,0,0.083333,0.083333,0,0,0.083333,0,0,0,0,0,0,0,0,0,0,0,0,0,0,0,0,0,0,0,0,0,0,0,0,0.16667,0,0,0,0.083333,0,0,0,0,0,0.083333
0.066667,0,0,0,0,0,0,0,0.066667,0,0,0,0.066667,0,0.066667,0,0,0.13333,0.066667,0,0,0,0,0,0,0.066667,0,0,0,0,0,0.066667,0,0,0.066667,0,0,0.066667,0,0,0,0,0,0,0,0,0,0,0,0,0,0,0,0,0,0,0.066667,0.066667,0,0,0.066667,0,0,0.066667
0.09375,0.03125,0,0,0.0625,0,0.03125,0,0,0,0,0.0625,0,0,0,0,0.03125,0.03125,0.03125,0,0.03125,0,0,0,0,0,0,0,0,0.03125,0,0,0.03125,0,0,0,0,0.03125,0,0,0.03125,0,0,0.03125,0,0,0.09375,0,0.03125,0,0,0,0,0,0,0,0,0.03125,0.0625,0.0625,0.03125,0.0625,0.03125,0.03125
0,0.041667,0,0,0.041667,0,0.083333,0,0,0,0,0.041667,0.041667,0.041667,0,0,0.041667,0,0,0.041667,0.041667,0.041667,0.041667,0.041667,0,0,0,0,0,0.041667,0.041667,0,0,0,0,0,0,0,0,0.041667,0.041667,0,0,0,0,0,0.041667,0,0,0,0.041667,0,0.083333,0.041667,0,0,0,0,0.041667,0,0,0,0.041667,0
0,0,0,0,0.071429,0,0,0,0.14286,0,0,0.071429,0.071429,0,0,0.071429,0,0,0,0,0,0,0,0,0,0,0,0,0,0,0,0,0.071429,0,0.071429,0,0,0,0,0,0,0,0.071429,0,0,0,0,0.071429,0,0,0,0,0,0.071429,0.071429,0,0,0,0,0,0,0,0.071429,0.071429
0.047619,0,0.02381,0,0.02381,0,0,0.02381,0,0,0.02381,0.02381,0,0.047619,0,0.02381,0,0.095238,0.11905,0,0.02381,0,0.02381,0.02381,0.02381,0,0,0,0,0,0.02381,0,0,0.02381,0.02381,0,0,0.02381,0,0,0,0.02381,0.02381,0,0,0,0,0,0,0.02381,0,0,0,0.02381,0.047619,0,0,0.047619,0.02381,0,0,0,0.14286,0
0.0625,0,0,0.0625,0,0,0,0,0.0625,0,0,0.0625,0.0625,0,0,0.0625,0.0625,0,0,0,0,0,0,0,0,0,0,0,0,0,0,0,0,0,0,0,0.0625,0,0.125,0,0,0,0,0,0,0,0,0,0.0625,0,0.0625,0,0.0625,0,0,0,0,0,0,0.0625,0,0.125,0,0
0.066667,0.033333,0,0,0.033333,0,0,0,0,0.033333,0,0.033333,0,0,0,0,0.033333,0,0,0,0.066667,0,0.033333,0,0.033333,0,0.1,0,0,0,0.033333,0,0,0,0,0.033333,0,0.033333,0,0.033333,0,0.033333,0.033333,0.033333,0.033333,0,0.033333,0.13333,0.033333,0,0,0.033333,0,0,0,0,0,0,0,0,0,0,0,0.033333
0.086957,0,0,0,0.043478,0,0,0,0,0,0,0.043478,0,0,0,0.043478,0,0.043478,0,0.043478,0,0,0,0,0.043478,0,0.043478,0,0,0,0.086957,0,0,0,0,0,0.043478,0,0.043478,0,0,0,0.043478,0,0,0,0,0.043478,0,0.043478,0,0,0,0,0,0.043478,0,0,0.043478,0.043478,0.043478,0,0.043478,0.086957
0.055556,0,0,0,0,0,0,0,0,0,0,0,0,0,0,0.11111,0,0,0,0,0,0,0,0,0,0.055556,0,0.055556,0,0.055556,0.11111,0,0.055556,0,0,0,0.055556,0.055556,0,0,0,0,0.055556,0,0,0,0,0.055556,0,0,0,0,0.055556,0,0.055556,0.055556,0,0,0,0,0,0,0.11111,0
0,0,0.026316,0,0.026316,0,0,0.026316,0,0,0,0.026316,0,0,0,0.052632,0.026316,0,0.026316,0,0,0,0.078947,0,0.052632,0,0,0,0,0,0.052632,0.026316,0.052632,0,0,0,0.078947,0,0,0.026316,0,0.052632,0,0,0,0,0.026316,0.026316,0.026316,0,0.026316,0,0,0.052632,0.026316,0.026316,0,0,0,0,0.026316,0,0.026316,0.10526
0.2,0,0,0,0,0,0,0,0,0,0,0,0,0,0,0,0,0,0,0,0.066667,0.066667,0,0,0,0,0,0,0,0.066667,0,0,0.066667,0,0,0,0.066667,0,0,0.066667,0,0,0,0,0,0.066667,0,0,0,0,0,0,0,0.066667,0.13333,0.066667,0,0.066667,0,0,0,0,0,0
0.083333,0,0,0,0,0,0.083333,0,0,0.083333,0.083333,0,0,0,0,0,0,0,0,0,0,0,0,0,0,0,0,0,0,0,0,0,0.083333,0,0.25,0,0,0,0,0,0,0,0.083333,0,0,0,0,0,0,0,0,0,0,0,0,0,0.16667,0.083333,0,0,0,0,0,0
0,0,0,0,0,0,0,0,0,0,0,0,0,0,0,0,0.14286,0,0,0,0,0,0.071429,0,0.071429,0,0,0,0,0.071429,0,0,0,0,0,0,0,0,0,0.071429,0,0,0,0,0.071429,0,0.14286,0,0,0,0,0,0,0,0,0.071429,0.071429,0.071429,0,0.14286,0,0,0,0
0.052632,0,0.052632,0,0,0,0.10526,0,0,0.052632,0,0.052632,0,0.052632,0,0,0.10526,0,0,0,0.052632,0,0,0,0.052632,0,0,0,0,0,0,0,0.15789,0,0,0.052632,0,0,0,0.052632,0,0,0.052632,0,0,0,0,0,0,0.052632,0,0,0,0,0,0,0.052632,0,0,0,0,0,0,0
0.11765,0,0,0,0,0,0,0,0,0,0,0,0.11765,0,0,0,0.058824,0,0,0.058824,0,0,0,0,0.058824,0,0,0,0,0,0,0,0.17647,0,0,0,0,0,0,0,0,0,0.058824,0,0,0,0,0.058824,0,0,0,0,0,0,0,0,0,0.058824,0.058824,0.058824,0.058824,0,0.058824,0
0.045455,0.022727,0.11364,0.022727,0.045455,0,0.045455,0,0.022727,0,0.045455,0,0,0,0,0.045455,0.068182,0,0.090909,0,0,0,0.022727,0,0,0.022727,0.022727,0,0,0.022727,0,0,0,0,0,0.022727,0,0.022727,0.022727,0,0,0,0,0,0,0,0.022727,0,0.022727,0.022727,0.045455,0,0.022727,0,0.068182,0.022727,0,0,0.022727,0,0,0,0,0.022727
0.052632,0.052632,0,0,0,0,0,0,0.052632,0,0,0,0.15789,0.052632,0.052632,0,0.10526,0,0,0,0,0,0.052632,0,0.10526,0,0,0,0.052632,0,0,0,0,0,0.052632,0,0,0.052632,0.052632,0,0,0,0.052632,0,0,0,0,0,0,0,0,0,0,0,0,0,0.052632,0,0,0,0,0,0,0
0,0,0,0.019608,0,0,0,0,0,0,0,0,0,0,0,0,0,0.019608,0.078431,0,0,0,0.039216,0.058824,0.019608,0,0,0,0.019608,0.15686,0.039216,0.019608,0.019608,0,0,0,0,0.019608,0.019608,0,0,0,0,0,0.019608,0,0,0.039216,0.039216,0.019608,0,0,0,0.019608,0.098039,0.058824,0.019608,0,0,0.058824,0,0.039216,0.039216,0.019608
0,0,0.1,0,0,0,0,0,0,0.1,0,0,0,0,0,0,0,0,0,0,0,0,0,0,0,0,0.1,0,0,0,0.1,0,0.1,0,0,0,0,0,0,0,0.1,0.1,0,0,0,0,0,0,0.1,0,0.1,0,0,0,0,0,0,0,0.1,0,0,0,0,0
0.076923,0,0.076923,0.076923,0,0,0,0.076923,0,0,0,0,0,0,0,0.076923,0,0,0,0,0,0,0,0,0,0,0,0,0,0,0.076923,0,0,0,0,0,0.076923,0,0,0,0,0,0,0,0,0.076923,0,0.076923,0,0.076923,0,0,0,0,0,0,0,0.076923,0,0,0,0.076923,0,0.076923
0,0,0.083333,0.083333,0,0,0,0.083333,0.083333,0,0,0,0,0.083333,0,0.083333,0,0,0,0,0.083333,0,0,0,0,0,0,0,0.083333,0,0,0,0,0,0,0,0.083333,0,0,0,0,0,0,0,0,0,0,0,0,0,0.083333,0,0.083333,0,0,0,0,0,0,0,0,0,0.083333,0
0.052632,0,0.052632,0.052632,0,0.10526,0,0.052632,0.10526,0,0,0,0,0,0,0,0.052632,0,0,0.052632,0.052632,0,0,0.052632,0,0,0,0,0,0,0,0,0.052632,0,0,0,0,0,0,0,0,0,0,0,0.15789,0,0,0,0.052632,0,0,0,0,0,0,0,0,0.052632,0,0,0.052632,0,0,0
0.019608,0.078431,0.019608,0,0.019608,0.019608,0,0,0.019608,0.039216,0,0.019608,0.019608,0.019608,0,0.019608,0.019608,0,0,0.019608,0.019608,0.058824,0.039216,0.039216,0.019608,0,0,0,0.019608,0.039216,0,0.039216,0,0,0.019608,0.019608,0.019608,0.019608,0,0.039216,0.039216,0,0,0,0,0,0.019608,0,0.019608,0,0.039216,0,0.078431,0.039216,0,0,0,0,0.019608,0,0,0,0,0.019608
0,0,0,0.0625,0,0,0.125,0,0,0,0,0,0.0625,0,0,0,0,0,0,0,0,0,0,0,0,0,0.1875,0,0,0,0,0,0,0,0,0.0625,0.0625,0,0.125,0,0,0,0,0.0625,0,0,0,0.0625,0,0,0,0,0,0,0,0,0,0.1875,0,0,0,0,0,0
0,0,0,0,0,0,0,0,0,0,0,0.1,0.1,0,0,0,0,0,0,0,0,0,0,0,0,0,0,0,0,0,0,0,0.1,0,0,0,0,0.1,0,0,0,0,0,0.1,0,0,0.1,0,0.1,0,0,0,0,0,0,0,0,0,0,0,0,0,0.1,0.2
0.041667,0.083333,0,0.041667,0.083333,0,0,0.041667,0,0,0,0.041667,0,0,0,0,0.041667,0,0,0,0,0,0.041667,0,0.041667,0.041667,0.041667,0,0,0,0.041667,0,0,0.041667,0,0.041667,0.041667,0.041667,0,0,0,0.041667,0,0,0,0,0.041667,0,0,0,0,0,0,0,0.041667,0,0.041667,0.041667,0,0.041667,0,0,0,0
0,0.05,0,0,0.05,0,0,0,0.1,0,0,0,0,0,0.05,0,0,0,0.05,0,0,0,0,0,0,0,0,0,0,0.05,0,0,0,0,0,0.05,0.1,0,0,0.05,0,0,0,0,0,0.05,0,0,0.05,0.05,0,0,0.05,0.05,0.05,0,0,0.05,0,0,0,0,0.1,0
0.071429,0.14286,0,0,0,0.071429,0,0,0,0,0,0,0.071429,0,0,0.14286,0.14286,0,0,0,0,0,0,0,0,0,0,0,0,0,0,0,0.071429,0,0,0,0,0,0,0,0,0,0,0,0,0,0,0.071429,0.071429,0.14286,0,0,0,0,0,0,0,0,0,0,0,0,0,0
0,0.10526,0.15789,0,0,0,0,0,0,0.15789,0,0,0,0.10526,0,0,0.052632,0,0.052632,0,0,0.052632,0,0,0,0,0,0,0,0,0.052632,0,0,0,0,0,0.052632,0,0,0,0,0.052632,0,0,0,0,0,0,0,0,0,0,0,0,0.052632,0,0,0.052632,0,0,0,0.052632,0,0
0.083333,0,0,0,0,0,0.083333,0,0,0,0,0.083333,0.083333,0,0,0,0,0,0,0,0,0,0,0,0,0,0,0,0,0,0,0.083333,0,0,0,0,0,0.083333,0,0,0,0,0,0,0.083333,0,0.083333,0.083333,0.083333,0,0,0,0,0,0,0,0,0.16667,0,0,0,0,0,0
0,0,0,0,0,0,0,0,0,0,0,0,0,0,0.0625,0,0.0625,0.125,0.0625,0.0625,0,0.0625,0.0625,0,0.0625,0,0,0,0,0,0,0,0,0,0.0625,0,0,0,0.0625,0,0,0.0625,0.0625,0,0,0,0,0,0,0,0,0,0,0,0,0,0,0.0625,0,0,0.0625,0,0,0.0625
0,0.1,0,0.033333,0.13333,0,0,0,0.033333,0,0,0,0,0,0.033333,0,0.2,0.1,0,0,0,0,0,0,0,0,0,0,0.033333,0.066667,0,0,0,0,0,0,0.13333,0,0,0,0.033333,0,0,0,0.033333,0,0,0,0.033333,0,0,0,0.033333,0,0,0,0,0,0,0,0,0,0,0
0,0,0,0,0.076923,0,0,0,0,0,0,0,0,0,0,0.076923,0.076923,0,0,0.076923,0,0,0.076923,0.15385,0,0,0,0.076923,0,0,0,0,0,0,0.076923,0.076923,0,0.076923,0,0,0,0,0,0,0.076923,0,0,0,0,0,0,0,0,0,0,0,0,0.076923,0,0,0,0,0,0
0.037037,0.074074,0,0,0.037037,0.074074,0,0.037037,0.037037,0,0,0,0.11111,0,0,0.037037,0.037037,0,0,0,0.037037,0,0.037037,0,0,0,0,0,0.037037,0,0.074074,0,0.037037,0,0,0,0,0,0,0,0,0,0,0,0,0,0.074074,0.037037,0.037037,0,0.037037,0.074074,0,0.037037,0,0,0,0,0,0,0,0,0,0
0.090909,0,0,0,0.090909,0,0,0,0,0.090909,0,0,0,0,0.090909,0,0.090909,0,0,0,0,0,0,0,0,0,0,0,0,0,0,0,0,0.090909,0,0,0,0,0,0,0.090909,0,0,0,0,0,0.090909,0,0,0.090909,0,0,0,0.090909,0,0,0,0,0,0.090909,0,0,0,0
0,0,0,0,0,0,0,0,0,0,0,0,0.18182,0,0,0,0.090909,0,0.090909,0.090909,0,0.090909,0,0,0,0,0,0,0,0,0,0,0,0,0,0,0.090909,0.27273,0,0,0,0,0,0,0,0,0,0,0,0,0,0,0,0,0,0,0,0,0,0.090909,0,0,0,0
0.11111,0,0.055556,0,0,0,0,0,0,0,0,0,0.055556,0,0,0,0,0,0,0,0,0,0,0,0,0,0.055556,0.055556,0,0.055556,0,0,0.055556,0.055556,0,0,0.055556,0,0.055556,0,0,0,0,0,0,0,0.055556,0.055556,0,0,0,0.055556,0,0,0,0,0,0,0.055556,0,0.055556,0.11111,0,0
0,0,0,0,0,0,0.22222,0,0,0.11111,0,0,0,0,0,0,0.11111,0,0,0,0.11111,0,0,0,0,0,0,0,0,0,0.11111,0,0,0,0,0.11111,0,0,0,0,0.11111,0,0,0,0,0,0,0,0,0,0,0,0,0,0,0,0,0,0,0,0,0,0,0.11111
0,0,0,0,0,0.090909,0.090909,0,0,0,0.090909,0,0,0.090909,0,0,0,0,0,0,0.090909,0,0,0,0,0.090909,0,0.090909,0,0.090909,0,0,0,0,0,0,0.090909,0,0,0,0,0,0,0,0,0.090909,0,0,0,0,0,0,0,0,0,0,0.090909,0,0,0,0,0,0,0
0,0,0.1,0,0,0,0,0,0,0,0,0,0,0.1,0,0,0,0,0,0,0,0,0,0,0,0,0.1,0,0,0,0,0,0,0,0,0,0,0.1,0,0,0,0,0.1,0,0.1,0.1,0,0,0,0,0.1,0,0.1,0,0,0,0,0,0,0,0,0,0.1,0
0,0,0,0.1,0,0,0,0,0,0,0,0,0,0,0,0.1,0,0,0,0.1,0,0,0,0,0.1,0,0,0,0,0,0,0,0,0,0,0,0,0,0,0,0,0,0,0,0,0.1,0,0,0,0,0,0.1,0,0,0.1,0,0.3,0,0,0,0,0,0,0
0,0.13333,0.066667,0,0.066667,0,0.066667,0,0,0,0,0,0.066667,0,0,0,0.066667,0,0,0.066667,0,0,0,0,0,0,0,0,0,0.066667,0.066667,0,0,0,0,0,0,0,0,0,0,0,0,0,0,0,0,0.066667,0,0,0.066667,0.066667,0.066667,0.066667,0,0,0,0,0,0,0,0,0,0
0.13514,0.054054,0.027027,0.027027,0.054054,0.027027,0.054054,0,0.027027,0,0,0.054054,0.027027,0,0.054054,0,0.081081,0.054054,0.054054,0,0,0,0,0,0.081081,0.027027,0,0,0,0,0,0,0,0.027027,0,0,0,0,0,0,0,0,0,0,0,0.027027,0.027027,0,0.027027,0,0,0.027027,0,0,0,0,0.027027,0,0,0,0,0,0,0
0.12,0,0,0,0.08,0,0,0,0.08,0.08,0,0,0,0.04,0,0.08,0,0.04,0.04,0,0,0,0,0.04,0.04,0.04,0,0,0,0,0,0,0,0.04,0.04,0,0,0,0,0,0,0,0,0,0,0,0,0,0.04,0,0,0.08,0,0,0,0,0.04,0,0,0,0.04,0,0,0.04
0,0,0,0,0,0,0.05,0,0,0,0,0.05,0,0.05,0.05,0,0,0,0,0.05,0,0,0,0,0.1,0,0.05,0.05,0,0,0.05,0,0,0,0,0.05,0,0,0.15,0,0,0,0,0,0,0,0.15,0,0,0,0,0,0,0,0,0,0,0,0.05,0.05,0,0,0.05,0
0,0.030303,0,0,0.060606,0,0,0.030303,0.030303,0.060606,0,0,0.15152,0,0.030303,0.060606,0,0.090909,0,0,0.030303,0,0,0,0.030303,0,0.060606,0,0,0,0,0,0,0,0.030303,0,0.060606,0,0,0,0.030303,0.030303,0,0.030303,0,0,0,0.030303,0,0,0,0,0.030303,0,0,0,0,0.030303,0.030303,0,0.030303,0,0,0
0.071429,0,0,0.071429,0,0,0,0,0,0.071429,0,0,0.14286,0,0,0,0,0.071429,0,0,0,0,0,0,0,0,0,0.071429,0,0,0.071429,0,0,0,0,0,0,0,0,0,0,0,0,0,0,0,0.071429,0,0.071429,0,0,0,0.071429,0.14286,0,0,0,0,0,0,0,0.071429,0,0
0.1,0,0,0,0,0,0,0,0,0,0,0,0,0,0,0.1,0,0,0,0,0,0,0.1,0,0.1,0,0.1,0,0,0.1,0,0.1,0,0,0,0,0,0,0,0.1,0,0,0,0,0,0,0,0,0,0,0,0,0,0,0,0,0,0,0,0,0,0,0.1,0.1
0.066667,0.066667,0,0,0,0,0.066667,0,0,0,0,0,0,0,0,0.066667,0.066667,0,0,0,0,0,0.066667,0,0,0,0.13333,0,0.066667,0,0,0,0,0,0,0,0,0,0,0,0.066667,0,0,0,0,0.066667,0,0,0.066667,0,0,0,0.066667,0,0.066667,0,0,0,0,0,0,0,0.066667,0
0.052632,0.026316,0,0,0.026316,0,0.026316,0,0.026316,0,0.052632,0,0.026316,0.026316,0,0.026316,0.026316,0.052632,0,0,0,0.026316,0.052632,0,0.026316,0,0,0,0,0,0,0,0.078947,0.026316,0.026316,0.026316,0,0.026316,0,0,0.026316,0,0,0,0.026316,0,0,0.052632,0.026316,0.026316,0,0.026316,0,0,0.026316,0,0.026316,0.026316,0.026316,0,0.026316,0,0.026316,0
0.016129,0,0,0.016129,0.048387,0.016129,0,0.048387,0,0,0,0.016129,0.032258,0.016129,0.016129,0.032258,0.080645,0.016129,0.016129,0.048387,0,0.032258,0,0.016129,0,0.016129,0,0,0,0,0.016129,0.016129,0,0.032258,0.032258,0,0.096774,0.016129,0,0.016129,0,0.016129,0,0,0.016129,0,0.032258,0.032258,0,0,0,0,0.032258,0.016129,0.016129,0,0.016129,0,0,0,0.064516,0.016129,0,0.032258
0.19355,0,0,0,0.032258,0.032258,0,0,0.032258,0,0,0,0.032258,0.064516,0,0,0.032258,0,0,0,0.064516,0,0.032258,0.032258,0,0,0,0,0.032258,0,0,0.032258,0.12903,0,0,0.064516,0,0,0.032258,0,0,0,0,0,0,0,0.064516,0,0.064516,0,0,0,0,0,0,0,0,0,0,0,0,0,0,0.032258
0,0,0,0,0,0,0,0,0.052632,0,0,0,0,0.052632,0,0,0,0,0,0,0,0.10526,0.052632,0,0,0,0,0,0,0.052632,0.052632,0,0,0,0,0,0.052632,0,0.052632,0.10526,0,0,0,0,0,0,0,0.052632,0,0,0,0,0,0,0,0.052632,0,0.052632,0,0,0.10526,0,0,0.15789
0.071429,0,0,0,0,0,0,0,0,0,0,0.071429,0,0,0,0.071429,0.071429,0,0.071429,0,0,0,0,0.071429,0,0,0,0,0,0,0,0,0.071429,0,0,0.071429,0,0,0,0,0,0,0,0,0,0,0,0.071429,0,0.071429,0,0,0.071429,0,0,0,0.071429,0,0,0,0,0.071429,0,0.071429
0,0.0625,0.0625,0,0.0625,0.0625,0.0625,0,0,0,0,0.0625,0,0.0625,0,0,0.0625,0,0,0.0625,0,0,0,0,0.0625,0,0,0,0,0,0,0.0625,0,0,0,0.0625,0,0,0,0,0,0.0625,0,0,0,0,0,0,0,0,0,0.0625,0.0625,0,0,0,0,0,0,0.0625,0,0,0,0
0,0,0,0.034483,0,0,0,0,0,0,0,0,0.034483,0.034483,0.068966,0.034483,0,0,0,0,0,0,0.10345,0.034483,0,0,0.034483,0.034483,0,0.034483,0.068966,0,0,0,0,0,0,0,0,0,0,0,0.034483,0.034483,0,0,0,0,0,0.034483,0,0,0.034483,0,0.068966,0,0.034483,0.034483,0.034483,0.068966,0.068966,0,0,0.034483
0,0,0.035714,0.035714,0,0.035714,0,0,0,0,0,0,0.071429,0,0,0.035714,0.035714,0,0,0.035714,0,0,0,0,0,0,0,0,0,0.035714,0.035714,0,0,0,0,0.035714,0.035714,0.071429,0.035714,0.035714,0,0,0,0,0,0.035714,0.071429,0.035714,0.035714,0.035714,0,0.035714,0,0,0,0.035714,0,0,0,0,0,0.035714,0.035714,0.071429
0.41176,0,0,0,0,0,0,0,0,0.058824,0,0,0,0,0,0.11765,0,0,0.058824,0,0,0,0,0,0,0,0,0,0,0,0,0,0,0,0,0,0,0,0,0,0,0,0,0,0.058824,0,0,0.058824,0.11765,0.058824,0.058824,0,0,0,0,0,0,0,0,0,0,0,0,0
0,0,0,0,0,0,0,0,0,0,0,0,0,0,0,0,0.071429,0,0,0,0,0,0.071429,0,0,0,0,0,0,0,0,0,0,0,0,0,0,0,0,0,0.071429,0.071429,0,0,0,0.14286,0.071429,0,0,0,0,0,0.14286,0,0.071429,0.071429,0,0,0,0,0,0.14286,0.071429,0
0.090909,0,0,0,0,0,0.045455,0,0,0,0,0,0,0.045455,0,0.045455,0.045455,0,0,0.045455,0.045455,0,0,0,0,0,0,0,0,0,0,0.045455,0,0,0,0,0,0,0,0,0.090909,0,0,0,0,0,0.045455,0.045455,0.090909,0.045455,0,0,0,0,0.090909,0,0,0.045455,0.045455,0,0,0.045455,0,0.045455
0,0,0,0,0,0,0,0,0,0.0625,0,0,0.0625,0.0625,0.0625,0,0,0,0,0,0.0625,0,0,0,0,0,0,0,0,0,0,0,0,0,0,0,0,0,0.0625,0,0,0,0,0,0,0,0.1875,0,0,0,0,0,0.0625,0,0,0,0.0625,0,0.0625,0,0.1875,0,0,0.0625
0.066667,0,0,0,0,0,0,0,0,0,0,0,0,0,0,0,0,0,0,0,0,0,0,0,0,0.066667,0,0,0,0,0.066667,0,0,0.066667,0,0,0,0,0.066667,0.2,0.066667,0,0,0,0,0,0.066667,0,0,0,0,0.066667,0.066667,0,0,0,0,0,0,0,0.066667,0,0.066667,0.066667
0.055556,0,0,0.083333,0,0,0,0,0.055556,0,0.027778,0,0.027778,0,0,0,0.083333,0.027778,0,0,0.027778,0,0,0,0,0.027778,0.055556,0.027778,0,0,0,0,0.027778,0,0.027778,0,0,0,0,0,0.027778,0,0,0.027778,0,0,0.027778,0,0.027778,0,0,0,0,0.027778,0.083333,0.027778,0,0.027778,0,0.027778,0.027778,0,0.027778,0.083333
0,0.11765,0,0,0.058824,0.058824,0,0,0,0,0,0,0.058824,0.058824,0,0,0.058824,0,0,0,0.058824,0,0,0,0.058824,0.058824,0,0.058824,0,0,0,0,0,0.058824,0,0,0.058824,0,0,0,0,0.058824,0.058824,0,0,0,0,0,0,0,0,0,0,0.058824,0,0,0,0,0.058824,0,0,0,0,0
0,0,0,0.090909,0.045455,0,0,0,0,0,0,0,0,0,0,0.045455,0,0,0,0.045455,0,0,0,0,0,0.045455,0,0,0,0,0,0.045455,0,0,0,0,0,0,0,0.045455,0,0,0,0,0,0,0.045455,0,0.045455,0.045455,0,0.090909,0,0,0,0.045455,0,0,0.045455,0.045455,0.18182,0,0,0.090909
0.1,0,0,0,0,0,0,0,0,0,0,0,0.2,0,0,0.1,0.2,0,0,0,0,0,0,0,0,0,0,0,0,0,0,0.1,0.1,0,0.1,0,0,0,0,0,0,0,0,0,0,0,0,0,0,0,0,0,0,0,0,0,0,0,0,0,0.1,0,0,0
0.10526,0,0.10526,0,0,0,0,0,0.10526,0.052632,0.052632,0,0,0,0.052632,0,0,0,0.052632,0,0,0,0.052632,0,0.052632,0,0,0,0,0,0,0.052632,0.10526,0,0.052632,0,0.052632,0,0,0,0,0,0,0,0,0,0.052632,0,0,0,0,0,0,0,0,0,0,0.052632,0,0,0,0,0,0
0,0,0,0.033333,0,0,0,0.033333,0,0.033333,0.033333,0,0.033333,0,0,0.033333,0,0,0,0.033333,0.033333,0.033333,0,0.033333,0.033333,0,0.066667,0.066667,0,0,0.033333,0.066667,0,0,0,0,0.033333,0.033333,0,0.033333,0,0,0.033333,0,0,0,0.033333,0,0,0,0,0,0.033333,0,0.033333,0,0.033333,0.033333,0.1,0,0,0,0,0
0.038462,0,0,0,0.038462,0,0,0.038462,0,0,0,0,0.076923,0,0.076923,0,0,0.038462,0,0,0,0.038462,0,0,0.038462,0.038462,0.038462,0,0,0,0.038462,0.076923,0.076923,0,0,0.038462,0,0.038462,0,0.038462,0,0,0,0,0,0,0.038462,0,0,0,0,0.038462,0,0,0.038462,0,0,0,0,0.038462,0,0.038462,0.038462,0
0,0.083333,0.083333,0,0,0,0,0,0.083333,0.083333,0.083333,0,0,0,0.083333,0,0,0,0,0,0,0,0,0,0,0,0,0,0,0,0,0,0,0,0,0,0,0.083333,0,0,0,0,0,0,0.083333,0,0.083333,0.083333,0,0,0,0,0,0,0,0,0,0.083333,0,0,0,0,0,0.083333
0.0625,0,0.09375,0.03125,0,0,0,0,0.0625,0.03125,0,0.03125,0,0,0,0,0.03125,0,0.03125,0,0.03125,0,0.03125,0,0,0.03125,0.03125,0,0,0,0.03125,0,0,0,0.0625,0,0,0.03125,0.0625,0,0,0,0,0,0,0.03125,0.03125,0,0,0,0,0,0,0.0625,0,0,0,0.09375,0,0.03125,0,0,0.03125,0.03125
0,0,0,0,0,0,0,0.16667,0,0,0,0,0,0,0,0,0,0,0,0,0.083333,0,0,0.083333,0,0,0,0,0.083333,0,0,0.083333,0,0,0,0,0.083333,0,0.083333,0,0.083333,0,0,0,0,0,0,0.16667,0,0,0,0,0,0,0,0,0,0,0.083333,0,0,0,0,0
0.030303,0.015152,0.015152,0.015152,0.060606,0,0.030303,0,0,0.060606,0,0.015152,0.030303,0,0,0.045455,0.030303,0.060606,0.015152,0.015152,0.030303,0.015152,0,0,0,0.030303,0.015152,0,0,0.015152,0.015152,0,0.015152,0.015152,0.015152,0,0.030303,0.015152,0.015152,0,0,0.030303,0,0.030303,0.015152,0.015152,0.015152,0,0.045455,0,0,0,0,0.015152,0.030303,0,0,0.015152,0.015152,0.015152,0.015152,0.015152,0.015152,0.045455
0,0,0,0,0,0,0,0,0,0,0,0,0,0,0,0.1,0,0,0.1,0,0.1,0,0,0,0,0,0,0,0,0,0.1,0,0,0.1,0,0,0,0.1,0,0.1,0,0,0,0,0,0,0.2,0,0.1,0,0,0,0,0,0,0,0,0,0,0,0,0,0,0
0,0,0.035714,0.035714,0,0,0,0,0,0,0.035714,0.071429,0.035714,0,0.035714,0.071429,0,0.035714,0,0,0,0,0.035714,0,0,0,0,0,0,0,0,0,0.035714,0.035714,0,0,0.071429,0.035714,0,0.035714,0,0.035714,0,0,0,0,0,0,0.035714,0,0.071429,0.035714,0.035714,0,0.035714,0,0,0,0,0,0.035714,0,0.10714,0
0.14286,0,0,0.047619,0,0,0.047619,0,0,0,0,0,0.047619,0,0,0,0,0,0,0,0.047619,0,0,0,0,0.14286,0,0.047619,0,0,0,0,0,0,0,0,0,0,0,0,0.047619,0,0,0,0.047619,0.047619,0,0.047619,0.047619,0.047619,0,0,0,0,0,0,0.047619,0,0.047619,0,0,0.047619,0.047619,0
0.045455,0,0.045455,0.045455,0,0,0,0,0,0.045455,0,0,0,0,0,0,0,0.045455,0.045455,0,0,0,0,0,0,0,0.045455,0,0.045455,0,0.045455,0,0.090909,0,0,0,0.045455,0,0.090909,0.045455,0,0,0,0,0,0,0.045455,0,0,0,0,0,0,0,0,0,0,0.045455,0.090909,0,0,0,0.090909,0.045455
0,0,0.058824,0,0,0,0,0,0,0.058824,0,0.058824,0,0,0.058824,0,0,0,0,0,0.058824,0,0,0,0,0,0,0,0,0,0,0,0,0.058824,0.058824,0,0,0,0.058824,0,0,0.058824,0,0,0,0,0.058824,0,0,0,0,0,0,0,0.058824,0,0.058824,0,0,0,0.058824,0.17647,0,0.058824
0,0,0,0,0,0,0,0,0,0,0,0.071429,0,0,0,0,0,0,0,0,0,0,0,0.071429,0.071429,0.071429,0,0.071429,0,0.071429,0,0,0,0,0,0,0,0,0.071429,0,0,0,0,0.071429,0,0,0,0,0,0,0,0,0,0,0,0.14286,0,0.071429,0.071429,0,0,0.071429,0.071429,0
0,0,0.071429,0.071429,0,0,0.071429,0.071429,0,0,0.071429,0,0,0,0,0,0,0,0,0,0,0.071429,0,0,0,0,0,0,0.071429,0,0,0,0,0,0,0,0.071429,0,0,0,0,0.071429,0,0,0,0.071429,0,0,0.071429,0,0,0,0,0,0,0,0,0,0.14286,0,0,0,0.071429,0
0.038462,0.076923,0,0,0,0,0.076923,0,0,0.038462,0,0.038462,0.038462,0.038462,0,0,0.038462,0.076923,0.038462,0.038462,0.038462,0,0.038462,0,0,0,0.038462,0,0,0,0,0,0,0,0,0,0,0.076923,0,0.038462,0,0,0,0,0.038462,0,0,0,0,0,0,0,0,0,0,0,0,0.038462,0,0.038462,0.038462,0,0.038462,0.038462
0,0,0,0,0.041667,0,0,0.083333,0,0,0,0,0.083333,0,0,0.083333,0.041667,0,0.041667,0,0,0.041667,0,0.041667,0,0.041667,0,0.041667,0,0.041667,0,0.041667,0,0,0,0.041667,0,0,0,0,0,0,0,0,0,0,0,0,0.041667,0.083333,0,0,0,0,0.041667,0,0,0.041667,0,0,0.041667,0.041667,0,0.041667
0.094595,0,0.054054,0,0.013514,0.013514,0.027027,0,0.013514,0.013514,0.013514,0,0.040541,0.027027,0,0.027027,0.013514,0,0.054054,0,0.027027,0.027027,0.027027,0,0.013514,0.013514,0.067568,0.013514,0,0.027027,0.040541,0,0.013514,0,0.027027,0,0,0.013514,0.027027,0.027027,0,0.013514,0.027027,0,0,0.013514,0.027027,0.013514,0,0,0,0,0,0,0.013514,0,0,0.027027,0.054054,0,0,0.013514,0.013514,0.013514
0,0,0,0,0,0,0.05,0,0.05,0,0.05,0,0,0.05,0.05,0,0,0.05,0,0.05,0,0,0.15,0,0,0.05,0,0,0,0,0.05,0,0,0,0,0,0,0,0,0,0,0.1,0,0.05,0.05,0.1,0,0,0,0,0.05,0,0,0,0,0,0,0,0,0.05,0,0,0,0
0,0,0,0,0,0,0,0,0.27273,0,0,0,0,0,0,0,0,0,0,0,0.090909,0,0,0,0,0,0,0,0,0,0,0,0,0,0,0,0,0,0,0,0,0,0,0,0,0,0.090909,0,0.090909,0,0,0,0,0,0,0,0.090909,0.18182,0,0.090909,0,0,0.090909,0
0.066667,0.13333,0,0,0.066667,0,0,0,0,0.066667,0,0,0,0,0,0.066667,0,0,0,0,0,0,0,0,0,0.066667,0,0,0,0,0.066667,0,0.13333,0,0.066667,0,0,0,0.066667,0,0,0,0,0,0,0,0,0,0,0,0,0,0,0.066667,0,0,0,0,0,0.066667,0,0,0,0.066667
0,0.090909,0.090909,0,0.090909,0,0,0,0,0,0,0,0,0,0,0,0,0,0,0,0.090909,0.090909,0,0.18182,0,0,0,0,0,0,0,0.18182,0,0.090909,0,0,0,0,0,0,0,0,0,0,0,0,0,0,0,0,0,0,0,0,0,0,0,0.090909,0,0,0,0,0,0
0.052632,0.078947,0,0,0,0,0.078947,0,0,0,0,0,0.026316,0,0,0.026316,0,0,0,0,0,0,0.10526,0,0.052632,0,0,0,0.026316,0.026316,0,0,0,0,0,0,0,0.026316,0.078947,0.052632,0.026316,0.026316,0,0,0,0,0,0,0,0.026316,0.026316,0,0,0,0.026316,0,0,0.078947,0.026316,0,0.026316,0.026316,0,0.078947
0.055556,0,0,0.055556,0,0,0,0,0,0,0,0,0,0,0.11111,0,0.055556,0,0,0,0,0,0,0,0.11111,0,0,0,0,0.055556,0,0.055556,0.055556,0,0,0,0,0.11111,0,0,0,0,0,0.055556,0,0,0,0,0.055556,0,0,0,0,0,0,0,0,0.055556,0,0.055556,0,0,0.055556,0.055556
0.095238,0,0,0,0,0,0,0.095238,0,0,0,0,0.047619,0,0,0,0,0,0,0,0.047619,0,0,0,0,0.095238,0,0,0.047619,0,0,0,0,0,0,0,0.095238,0,0,0,0,0,0.047619,0,0,0,0,0,0.047619,0,0,0.047619,0.047619,0.047619,0,0,0,0.095238,0,0.095238,0,0,0.047619,0
0.016949,0,0.016949,0.016949,0.016949,0.016949,0.016949,0,0.016949,0,0.033898,0,0,0,0,0,0.10169,0.050847,0.050847,0.084746,0.050847,0,0.033898,0.016949,0.033898,0.033898,0.016949,0,0.016949,0,0,0.016949,0.016949,0,0,0.016949,0.016949,0.033898,0.033898,0,0,0.033898,0.016949,0.016949,0,0,0.016949,0,0,0,0.016949,0,0.033898,0.016949,0,0,0,0.016949,0.016949,0.016949,0,0,0,0.016949
0,0,0,0,0,0,0,0,0,0,0,0,0,0,0,0,0,0,0.066667,0,0.066667,0,0,0,0,0.066667,0,0,0,0.066667,0,0.066667,0,0.066667,0.066667,0,0.066667,0.066667,0,0.066667,0,0,0,0.066667,0.066667,0.066667,0,0,0,0,0,0,0,0,0.066667,0,0,0,0,0,0,0.066667,0,0
0.2,0,0,0,0.2,0,0,0.1,0,0,0,0,0,0.1,0,0,0,0,0,0,0,0,0,0,0,0,0,0,0,0,0,0,0,0,0,0,0,0,0,0,0,0,0,0,0,0,0,0,0.1,0,0,0,0,0,0,0,0.1,0,0,0.1,0,0,0.1,0
0,0,0,0.14286,0.14286,0.071429,0.071429,0,0,0,0,0,0,0,0,0.071429,0.071429,0,0,0,0,0,0,0,0,0,0,0,0,0,0.071429,0.071429,0.14286,0,0,0,0.071429,0,0,0,0,0,0,0,0,0,0,0,0,0,0,0,0,0,0,0,0,0,0,0,0,0,0,0.071429
0.125,0,0,0.125,0.041667,0,0,0,0,0.041667,0,0,0.083333,0.041667,0.041667,0,0.125,0,0,0,0,0,0,0,0,0,0,0,0,0,0,0,0,0.041667,0,0,0.041667,0,0,0,0.041667,0,0,0,0,0,0.041667,0,0.041667,0,0,0,0.041667,0,0,0.083333,0,0,0,0,0.041667,0,0,0
0.076923,0,0,0,0,0,0,0.076923,0,0,0,0.076923,0.15385,0,0,0,0.076923,0,0.076923,0,0,0,0,0,0,0,0,0,0,0.076923,0,0,0,0,0,0,0,0,0,0,0,0,0,0,0,0,0.076923,0,0,0,0,0.076923,0,0,0,0.076923,0.15385,0,0,0,0,0,0,0
0.090909,0.036364,0.018182,0.054545,0,0.018182,0.036364,0,0,0,0.018182,0,0.036364,0,0.018182,0,0.036364,0,0,0.018182,0.036364,0,0,0,0.054545,0.036364,0.054545,0,0,0,0,0,0.036364,0,0.018182,0,0,0.018182,0.054545,0.018182,0.018182,0.018182,0,0,0.018182,0.018182,0.018182,0,0.054545,0,0.018182,0.036364,0,0,0,0,0.018182,0.018182,0,0,0.018182,0.018182,0.018182,0
0,0,0,0,0,0,0.076923,0,0,0,0,0,0.15385,0,0,0.076923,0,0,0,0,0,0,0.076923,0,0,0,0.076923,0,0.076923,0,0.076923,0,0.076923,0,0,0,0,0,0,0,0,0,0,0.076923,0,0,0,0,0.076923,0.076923,0,0,0,0,0,0,0,0,0,0,0.076923,0,0,0
0,0,0,0.076923,0.076923,0,0,0,0,0,0,0,0,0.076923,0,0.076923,0.15385,0,0,0,0,0,0,0,0.076923,0,0,0,0,0,0,0,0,0,0,0,0.076923,0,0.076923,0,0.076923,0,0,0,0,0,0,0.076923,0,0,0,0,0,0,0,0,0,0,0,0,0.15385,0,0,0
0,0.047619,0,0.095238,0.047619,0,0,0,0.047619,0.047619,0,0,0,0.047619,0,0,0.047619,0.047619,0,0,0,0,0,0.047619,0,0,0,0,0,0,0.047619,0,0.095238,0,0,0,0.047619,0,0,0,0,0,0,0.047619,0,0.047619,0,0.047619,0.047619,0,0,0.047619,0,0,0,0,0.047619,0,0.047619,0,0,0,0,0
0,0,0.16667,0,0,0,0,0,0,0,0,0,0,0,0,0,0,0,0,0,0.055556,0,0.055556,0,0.11111,0,0,0.055556,0,0,0,0,0,0,0,0,0,0,0.055556,0,0,0,0,0,0,0,0.11111,0.055556,0,0.055556,0,0,0,0,0.055556,0.055556,0,0,0,0.055556,0,0,0.055556,0.055556
0.0625,0,0,0.0625,0,0,0,0,0.0625,0,0,0.0625,0,0,0,0,0.1875,0,0,0,0,0,0,0,0.0625,0,0.0625,0,0,0,0,0,0.125,0,0,0,0.125,0,0,0,0,0,0,0,0,0.0625,0,0,0,0,0,0,0,0,0,0,0,0.0625,0,0.0625,0,0,0,0
0,0,0,0.071429,0,0,0,0,0,0.071429,0,0,0,0.071429,0,0,0,0,0.071429,0,0,0,0.071429,0,0,0,0,0,0.071429,0,0.071429,0,0,0,0,0,0.071429,0,0,0,0.071429,0,0,0,0.071429,0,0.071429,0,0,0,0,0,0,0.071429,0,0,0,0,0,0,0,0.071429,0,0.071429
0.083333,0.041667,0,0,0.041667,0.041667,0,0,0,0,0,0.041667,0.041667,0.041667,0,0,0.041667,0,0.041667,0.041667,0,0,0,0,0,0,0,0,0,0,0.041667,0.041667,0,0.083333,0,0,0.041667,0,0,0.041667,0,0,0,0,0,0,0,0,0,0,0,0.083333,0,0.083333,0,0,0.041667,0,0,0,0.041667,0.041667,0,0
0,0,0,0.071429,0,0,0,0,0.14286,0.071429,0,0,0,0,0,0,0,0,0,0,0.071429,0,0,0,0,0.071429,0,0,0,0,0,0,0,0,0,0,0,0.071429,0,0,0,0,0,0,0,0,0,0,0,0,0,0,0,0.071429,0,0,0,0.14286,0,0.14286,0,0,0.14286,0
0,0,0,0.076923,0,0,0,0,0,0,0,0,0,0,0,0.076923,0.15385,0,0.076923,0,0,0.076923,0,0,0.076923,0,0.076923,0,0,0,0,0,0.15385,0,0,0.15385,0,0,0,0,0,0,0,0,0,0,0,0,0,0,0,0,0,0.076923,0,0,0,0,0,0,0,0,0,0
0.08,0.12,0.04,0,0.04,0,0.04,0,0,0.04,0,0.08,0,0,0.04,0,0,0,0,0,0,0.04,0,0,0,0,0.04,0,0,0,0,0,0.08,0,0.04,0.04,0,0,0.04,0,0.08,0,0,0,0,0,0,0,0,0,0,0,0,0,0,0,0,0,0.04,0,0.04,0.04,0,0.04
0,0,0,0,0,0,0,0,0,0,0,0,0,0,0,0.043478,0,0,0,0,0.043478,0,0.043478,0.043478,0,0,0,0,0.043478,0.043478,0.13043,0,0,0,0,0,0.043478,0,0,0.043478,0,0,0,0,0,0.043478,0,0.043478,0,0,0.043478,0,0,0,0,0,0.043478,0.043478,0,0.086957,0,0,0.17391,0.043478
0.030303,0.030303,0,0,0,0,0.060606,0,0,0,0,0,0.15152,0,0.030303,0,0.090909,0,0,0,0,0,0,0,0,0,0,0.060606,0.030303,0,0,0,0,0,0,0,0.030303,0,0.030303,0,0,0,0,0,0.030303,0,0.030303,0.060606,0.060606,0.030303,0,0.030303,0,0,0,0,0,0.030303,0,0.030303,0.060606,0.030303,0.030303,0.030303
0.055556,0,0.16667,0,0,0,0,0.16667,0,0,0,0,0.055556,0,0,0.055556,0,0,0,0,0,0,0,0,0,0,0,0,0.055556,0,0,0,0,0,0,0,0,0,0,0,0,0,0,0,0.055556,0,0,0,0.055556,0.055556,0,0,0.055556,0,0,0,0.055556,0,0,0,0.11111,0,0,0.055556
0.13333,0,0,0,0.066667,0.066667,0,0,0,0,0,0,0,0.066667,0,0,0,0,0,0,0,0,0,0,0,0,0,0.066667,0.066667,0,0,0,0,0,0,0,0,0,0.066667,0,0,0,0,0,0,0,0,0.066667,0,0,0,0,0.066667,0.066667,0,0,0,0,0,0,0,0,0.13333,0.13333
0,0,0,0.047619,0,0,0.047619,0,0,0,0,0,0,0,0.047619,0,0,0,0,0,0,0,0.047619,0,0,0,0,0,0,0,0.047619,0,0,0,0,0,0,0,0.047619,0,0.047619,0,0,0,0,0,0.14286,0,0.047619,0,0,0.047619,0,0,0,0,0.095238,0.047619,0,0.14286,0.047619,0.047619,0,0.047619
0.13333,0,0,0.066667,0,0,0,0,0,0,0,0,0,0,0,0.066667,0,0,0,0,0,0,0.066667,0.066667,0,0,0,0,0,0,0,0,0,0.066667,0,0,0,0,0,0,0,0,0,0,0,0,0.13333,0.066667,0.066667,0,0,0,0,0.066667,0,0,0,0,0,0,0.066667,0.066667,0,0.066667
0.13636,0,0,0.045455,0,0,0.045455,0,0,0.045455,0,0,0,0.045455,0,0.045455,0,0,0,0,0,0,0,0,0.090909,0.090909,0,0,0,0,0,0,0.045455,0,0.045455,0,0,0,0.045455,0,0,0,0,0,0,0,0.090909,0,0.045455,0.045455,0,0,0,0,0,0,0,0.045455,0.045455,0.045455,0,0,0,0
0.0625,0.0625,0,0.0625,0.0625,0,0,0,0,0.0625,0,0.125,0,0,0.0625,0,0,0,0,0,0.0625,0,0,0,0,0,0,0,0,0,0,0,0,0,0.0625,0,0.0625,0.0625,0,0,0.0625,0,0,0,0,0,0,0,0,0,0,0,0,0,0,0,0,0.0625,0,0.0625,0.0625,0,0,0
0.030303,0,0,0.030303,0,0,0,0,0,0,0,0,0.030303,0,0,0,0.21212,0,0.18182,0.030303,0.060606,0,0,0,0,0,0.030303,0,0,0,0.030303,0,0.030303,0,0,0,0.030303,0,0,0,0,0,0,0,0,0.030303,0.090909,0.030303,0.030303,0,0.060606,0.030303,0,0,0,0,0,0,0,0,0.030303,0,0,0
0.066667,0,0,0,0,0,0,0,0,0.13333,0,0,0,0,0,0,0.066667,0,0,0,0,0,0,0,0,0,0,0,0.066667,0,0,0,0,0.13333,0,0,0,0,0,0,0,0,0,0.066667,0.066667,0,0,0,0,0,0,0.066667,0,0.066667,0,0.066667,0,0,0.066667,0,0.066667,0,0.066667,0
0,0,0,0.051282,0,0.025641,0,0,0.025641,0,0,0.025641,0.025641,0.051282,0,0.025641,0,0,0.051282,0.051282,0.025641,0.025641,0,0,0,0,0.025641,0.025641,0,0.051282,0,0.025641,0.025641,0,0,0,0,0,0,0,0,0,0,0,0,0.025641,0,0.051282,0,0,0.025641,0,0,0.051282,0,0.051282,0.025641,0.051282,0,0.025641,0.10256,0,0.051282,0
0.036364,0,0,0.036364,0.072727,0.036364,0.054545,0.018182,0,0,0.018182,0,0.090909,0.018182,0,0.036364,0,0,0.072727,0,0.018182,0,0,0,0.018182,0,0.036364,0.018182,0.036364,0,0,0,0,0.036364,0.036364,0.072727,0.018182,0.054545,0.018182,0,0,0.018182,0,0.018182,0,0,0.018182,0,0,0,0,0,0,0,0.018182,0.018182,0.018182,0,0.018182,0,0,0,0.018182,0
0,0,0.033333,0,0,0,0.066667,0.033333,0,0,0,0,0,0,0.033333,0,0,0,0,0,0.033333,0,0.066667,0,0.033333,0,0.066667,0.066667,0,0.033333,0.033333,0,0,0.033333,0,0,0,0,0,0.033333,0,0.033333,0,0.033333,0,0,0.033333,0,0,0,0,0,0.066667,0.033333,0,0.033333,0,0.066667,0.033333,0.033333,0.033333,0.033333,0,0
0.066667,0,0.033333,0,0.066667,0,0,0,0,0,0,0.066667,0,0,0.033333,0.066667,0,0,0.033333,0,0,0,0,0,0,0,0,0,0,0,0.033333,0.033333,0,0,0,0,0,0.033333,0.033333,0.033333,0,0.066667,0,0,0,0.066667,0.066667,0.066667,0.033333,0,0,0,0,0,0.033333,0,0,0.033333,0,0,0.1,0,0,0
0,0.041667,0,0,0,0,0,0.041667,0,0,0.041667,0,0.041667,0,0,0,0,0.041667,0,0.083333,0.083333,0.041667,0,0,0.041667,0.041667,0,0,0,0,0,0,0,0,0,0.041667,0.041667,0.083333,0.041667,0,0,0,0.041667,0,0,0,0,0.041667,0,0,0,0,0,0.041667,0,0.041667,0,0.041667,0,0,0,0.083333,0,0
0,0,0,0.1,0,0.1,0.1,0,0,0,0,0.1,0.1,0,0,0,0,0,0,0,0,0.1,0,0,0,0,0.1,0,0,0,0,0,0,0,0,0,0.2,0,0,0,0,0,0,0,0.1,0,0,0,0,0,0,0,0,0,0,0,0,0,0,0,0,0,0,0
0,0,0,0,0,0,0,0,0,0,0,0,0.058824,0,0,0,0,0.058824,0,0,0,0,0,0,0,0.058824,0,0,0,0,0,0,0.058824,0,0,0,0,0,0.058824,0.058824,0,0,0,0.058824,0,0.058824,0,0.11765,0.058824,0.058824,0,0,0.058824,0,0,0,0,0,0,0,0,0,0.058824,0.17647
0.23333,0,0,0,0,0,0.066667,0,0.066667,0.066667,0.033333,0,0,0,0,0,0.033333,0.033333,0,0,0,0,0,0,0,0,0,0,0,0,0.033333,0,0.066667,0.033333,0,0,0,0,0.033333,0,0.033333,0,0,0.033333,0.033333,0,0,0.033333,0.033333,0,0.033333,0,0,0.033333,0.033333,0,0.033333,0,0,0,0,0,0,0
0,0,0.038462,0,0,0,0,0,0,0.038462,0,0.038462,0.038462,0,0,0,0,0.038462,0,0.038462,0,0,0,0,0,0,0.038462,0,0,0,0,0,0,0,0,0,0,0,0,0.038462,0,0.038462,0,0.11538,0.038462,0.038462,0,0.038462,0.076923,0.076923,0,0.038462,0,0.038462,0,0,0.038462,0.038462,0,0,0.076923,0.038462,0,0
0.083333,0,0.16667,0,0,0,0,0,0,0,0,0.083333,0,0,0,0,0,0,0,0,0,0,0,0,0,0,0,0,0,0,0,0,0,0,0,0,0,0.083333,0.083333,0,0,0,0,0,0,0,0.083333,0,0.083333,0,0,0,0.16667,0,0.083333,0,0.083333,0,0,0,0,0,0,0
0.052632,0,0.052632,0.052632,0.15789,0.052632,0,0.052632,0.10526,0,0.026316,0,0.052632,0.026316,0.026316,0.026316,0.052632,0,0,0,0,0,0,0,0,0,0,0,0,0,0,0,0.026316,0,0,0,0.052632,0,0.026316,0,0,0,0,0,0,0,0.026316,0,0.026316,0,0,0.026316,0.026316,0,0.026316,0,0,0.026316,0,0,0,0,0,0
0.048193,0,0.024096,0.036145,0.012048,0.024096,0.012048,0,0,0.012048,0.012048,0.012048,0,0.012048,0,0.036145,0.036145,0,0.048193,0.012048,0.024096,0,0.012048,0.012048,0.012048,0,0.012048,0.024096,0.012048,0.012048,0,0,0.036145,0.012048,0.012048,0.012048,0.048193,0,0.024096,0,0.036145,0.012048,0.012048,0.012048,0.024096,0.012048,0.036145,0.012048,0.024096,0.036145,0.024096,0,0.012048,0,0.012048,0.012048,0.024096,0,0.012048,0.024096,0.012048,0.024096,0.012048,0.012048
0,0,0,0,0.076923,0,0,0.076923,0,0,0,0,0,0,0,0,0,0,0.076923,0.076923,0,0,0,0,0,0,0,0,0,0,0,0,0,0,0,0.076923,0,0,0,0,0,0.076923,0,0,0,0.076923,0,0.076923,0,0,0,0.076923,0.076923,0,0,0.076923,0,0,0,0,0,0,0.076923,0.076923
0,0,0.0625,0,0,0,0,0.0625,0,0,0,0.0625,0,0.0625,0,0,0.0625,0,0,0,0,0,0.0625,0,0,0,0,0,0,0,0,0,0,0,0,0,0,0,0,0,0,0,0,0,0,0,0,0.0625,0,0,0,0.0625,0.0625,0,0,0,0,0,0.125,0.0625,0,0.0625,0.125,0.0625
0.071429,0,0,0.035714,0.035714,0.035714,0,0,0,0,0.035714,0,0,0.035714,0,0,0.035714,0,0.035714,0,0.035714,0,0,0,0.035714,0.035714,0,0,0.035714,0,0.035714,0.035714,0,0,0.035714,0.035714,0,0.071429,0.035714,0,0,0,0,0,0,0,0.035714,0,0.035714,0,0.035714,0,0,0,0.035714,0,0,0.10714,0,0,0,0.035714,0,0
0.055556,0,0,0.027778,0.027778,0,0,0,0,0,0,0,0,0.055556,0.027778,0.027778,0,0,0,0,0,0,0,0,0,0.027778,0.027778,0.055556,0.027778,0,0.027778,0,0,0,0,0,0.027778,0,0.055556,0,0,0,0,0,0,0.027778,0.13889,0,0.027778,0,0,0,0,0,0,0.055556,0.055556,0.055556,0,0.083333,0.027778,0.027778,0,0.027778
0,0,0,0,0.11765,0,0,0,0.088235,0,0,0,0.058824,0.029412,0.029412,0.058824,0,0.029412,0,0,0.058824,0,0,0,0.029412,0,0,0,0,0,0,0,0.058824,0,0,0.029412,0.029412,0,0,0,0.058824,0,0,0,0,0,0.029412,0,0.029412,0.029412,0,0,0,0,0,0,0,0.11765,0,0,0.058824,0,0.029412,0.029412
0,0.030303,0,0,0.12121,0.030303,0.030303,0,0.030303,0,0,0,0,0,0,0,0.060606,0.090909,0.030303,0,0,0,0,0,0,0,0,0,0,0.030303,0.060606,0,0,0,0.030303,0,0.060606,0.090909,0,0,0,0,0,0,0,0,0.030303,0,0.060606,0,0,0.030303,0.030303,0,0,0,0.030303,0,0.060606,0,0,0,0.060606,0
0,0.027027,0,0.027027,0.027027,0,0.081081,0.027027,0,0,0,0,0.10811,0,0,0.027027,0,0,0,0.027027,0,0.027027,0,0,0.027027,0.054054,0.054054,0,0,0,0.027027,0,0.027027,0,0.027027,0,0,0,0,0,0.027027,0,0,0,0,0,0,0,0.027027,0,0,0.081081,0,0.027027,0.054054,0,0,0.054054,0,0,0,0.081081,0,0.054054
0.055556,0,0,0,0,0,0,0,0.055556,0.11111,0,0.055556,0,0.055556,0.11111,0,0.055556,0,0,0.055556,0,0,0.055556,0,0.055556,0,0,0,0,0,0.055556,0,0,0,0,0.055556,0.055556,0.11111,0,0,0,0,0,0,0,0,0,0,0,0,0,0,0,0,0,0,0,0.055556,0,0,0,0,0,0
0,0.043478,0.043478,0,0,0,0,0,0.043478,0,0,0,0.043478,0.043478,0,0,0,0.043478,0.043478,0,0.043478,0,0.043478,0,0,0.043478,0,0,0.043478,0,0.043478,0,0.086957,0,0,0,0.086957,0,0,0,0,0,0.043478,0,0,0,0,0.043478,0,0.043478,0,0,0,0,0,0.043478,0,0.043478,0.043478,0,0.043478,0,0,0
0.028571,0.028571,0.028571,0,0,0.028571,0,0,0,0.028571,0,0,0.028571,0.028571,0,0.028571,0.028571,0,0,0,0,0,0,0,0,0,0,0,0,0,0.028571,0,0,0,0,0,0,0,0,0,0,0,0,0,0.028571,0,0.085714,0.057143,0.085714,0,0.028571,0.057143,0.085714,0,0,0,0,0.057143,0.028571,0,0.028571,0,0.028571,0.14286
0,0,0,0,0,0,0,0,0,0,0.076923,0.076923,0.076923,0.076923,0,0,0,0,0,0,0,0,0,0,0,0,0.076923,0,0,0,0,0,0,0,0.076923,0,0,0.076923,0,0,0,0,0,0,0,0,0,0,0,0.15385,0,0,0.076923,0,0,0,0.076923,0.076923,0,0,0,0,0.076923,0
0,0.037037,0,0,0,0,0.074074,0,0,0.037037,0,0,0.074074,0,0,0,0.037037,0.037037,0,0,0.037037,0,0,0,0,0,0,0,0.037037,0,0,0,0,0,0,0.037037,0.037037,0,0,0,0,0,0,0,0,0,0,0.037037,0.074074,0.074074,0,0.037037,0,0.037037,0,0,0.074074,0,0,0.074074,0.037037,0,0.037037,0.074074
0,0,0,0,0.043478,0,0,0.043478,0.043478,0,0,0,0,0,0,0.13043,0,0.086957,0,0,0.043478,0,0,0,0,0,0.043478,0,0,0,0,0,0,0.043478,0.043478,0,0,0.043478,0,0,0,0,0,0,0.043478,0,0.043478,0,0.086957,0,0,0,0.043478,0,0,0,0,0.043478,0,0,0,0,0.043478,0.13043
0,0,0,0,0.0625,0,0.0625,0,0,0,0,0,0.0625,0.0625,0,0.0625,0.125,0,0.0625,0.0625,0,0,0.0625,0,0,0,0,0,0,0,0,0,0,0,0,0,0.125,0,0,0,0.0625,0,0,0,0,0,0.0625,0,0.0625,0,0,0,0,0,0,0,0,0,0,0.0625,0,0,0,0
0.047619,0.047619,0,0,0,0.047619,0,0,0,0.047619,0,0,0,0,0.047619,0,0,0,0,0,0.047619,0,0,0,0,0,0,0,0,0,0,0,0.047619,0,0,0.047619,0,0.047619,0.095238,0,0.095238,0.047619,0,0,0,0,0.047619,0.047619,0.047619,0,0,0.047619,0,0,0,0,0.047619,0,0.047619,0,0,0.047619,0,0
0.10345,0,0,0.068966,0,0,0,0,0.034483,0,0.034483,0,0.034483,0,0,0,0.034483,0.034483,0,0,0,0,0,0,0,0,0,0,0,0,0.068966,0,0,0.068966,0.034483,0.034483,0,0,0.068966,0,0,0,0.068966,0,0,0,0.034483,0,0,0.10345,0.034483,0,0,0,0,0,0,0.034483,0,0.034483,0.034483,0,0,0.034483
0,0,0,0,0,0.11429,0,0.057143,0.028571,0.028571,0,0,0,0,0.028571,0.028571,0.057143,0,0.028571,0,0.085714,0,0.057143,0,0,0.028571,0.028571,0,0,0.028571,0,0,0.11429,0,0,0,0.028571,0,0.028571,0,0.057143,0,0,0,0.028571,0.028571,0,0.057143,0,0,0,0,0,0,0,0,0,0.028571,0,0,0.028571,0,0,0
0.058824,0,0.058824,0,0.058824,0,0,0.058824,0,0,0,0,0,0,0,0,0,0.058824,0,0,0,0,0,0,0,0,0,0.058824,0,0,0,0,0,0,0,0,0.17647,0,0,0,0,0,0.058824,0,0.058824,0,0.058824,0,0.058824,0,0,0,0.058824,0,0.058824,0,0,0,0.058824,0,0,0,0.058824,0
0.125,0.041667,0.041667,0.041667,0.041667,0,0.041667,0.041667,0,0,0,0,0.041667,0,0.083333,0,0.041667,0,0,0,0,0,0,0,0.125,0,0,0,0,0,0.083333,0,0.041667,0,0,0.041667,0,0,0,0,0,0,0,0,0,0,0,0,0,0,0,0,0,0,0,0,0.041667,0,0.041667,0,0,0.041667,0.041667,0
0.18182,0,0,0.13636,0,0,0,0,0,0,0,0,0.045455,0,0.045455,0.045455,0.045455,0,0,0,0,0,0.045455,0,0,0,0,0,0,0,0,0,0,0,0,0,0.045455,0.090909,0,0,0,0,0,0,0.045455,0,0,0.045455,0,0.045455,0,0.045455,0,0,0,0,0,0.045455,0,0,0.045455,0,0.045455,0
0.13043,0.043478,0,0.086957,0.043478,0.043478,0,0,0,0,0.13043,0.043478,0.043478,0.043478,0,0,0.043478,0,0,0,0,0,0,0,0.043478,0,0,0,0,0,0,0,0.043478,0,0,0,0,0.043478,0,0,0,0,0,0,0,0,0,0,0,0,0,0,0.043478,0,0,0,0.086957,0.043478,0,0,0.043478,0,0,0
0,0,0,0,0.055556,0,0,0,0,0,0,0,0,0,0,0,0,0,0,0.11111,0,0,0,0.055556,0.055556,0,0,0.055556,0,0,0,0,0.055556,0,0.055556,0,0.055556,0,0.055556,0,0,0,0,0,0,0,0.11111,0,0,0,0,0.055556,0,0.055556,0,0,0,0,0,0.055556,0.055556,0,0.11111,0
0,0,0.1,0,0,0,0,0,0,0,0,0,0.1,0,0,0,0.1,0,0,0,0,0,0.1,0,0.1,0,0,0,0,0,0.1,0,0,0,0,0,0,0,0,0,0,0,0,0,0,0,0,0,0.1,0,0,0.1,0,0,0,0,0,0,0,0.1,0.1,0,0,0
0.057143,0,0.028571,0.028571,0,0,0.028571,0.085714,0,0.057143,0,0,0,0,0,0.028571,0,0,0,0,0.057143,0,0,0.057143,0.028571,0.028571,0,0,0,0,0,0.028571,0.028571,0,0,0,0.057143,0.057143,0.057143,0,0,0,0.028571,0,0,0.028571,0.028571,0,0,0,0.028571,0,0,0,0.028571,0,0.028571,0.028571,0,0,0,0.028571,0.028571,0.028571
0.18182,0,0,0.090909,0.090909,0,0,0,0,0,0,0,0,0.090909,0,0,0,0,0,0,0,0,0,0,0.090909,0,0,0.090909,0,0,0,0,0,0,0,0,0,0,0,0,0,0,0,0.090909,0,0,0,0,0,0,0,0,0,0,0,0,0,0.090909,0.090909,0,0.090909,0,0,0
0,0.043478,0.043478,0,0,0,0,0,0,0,0,0,0,0.043478,0,0,0.086957,0,0,0,0,0,0.043478,0,0,0.043478,0.043478,0,0,0,0,0.043478,0,0,0.043478,0,0.043478,0,0,0.043478,0,0.043478,0,0.043478,0,0,0,0.043478,0,0,0,0,0.043478,0,0.086957,0,0,0,0,0,0.043478,0.13043,0.043478,0
0,0,0,0,0,0,0.037037,0,0.037037,0,0,0.037037,0,0,0,0.037037,0.037037,0,0.074074,0,0,0,0.037037,0,0,0.037037,0.037037,0,0.037037,0.037037,0.037037,0,0,0,0,0.037037,0,0,0.037037,0,0,0,0,0.037037,0,0,0.074074,0.037037,0.037037,0,0,0.037037,0,0,0,0.037037,0,0,0,0,0.037037,0,0.074074,0.074074
0.1875,0,0.0625,0.0625,0,0,0,0,0.0625,0.125,0,0,0,0,0,0,0,0,0,0,0,0,0,0,0.0625,0,0,0,0.0625,0,0,0,0.0625,0,0,0,0,0,0,0,0,0,0,0,0,0,0.0625,0,0,0.0625,0,0,0,0,0,0,0.0625,0.0625,0.0625,0,0,0,0,0
0.15,0.05,0.05,0,0.1,0,0,0,0,0,0,0.05,0,0.05,0,0,0,0,0,0,0,0,0,0,0,0,0,0,0,0.05,0,0,0,0,0,0.05,0,0,0,0,0,0,0,0,0,0.05,0.05,0,0,0,0,0.05,0,0,0,0.05,0,0.05,0,0,0,0,0.1,0.1
0,0,0.076923,0,0,0,0,0,0,0,0,0,0,0,0,0.076923,0.076923,0,0,0,0,0,0,0,0,0,0.076923,0,0.076923,0,0.076923,0,0,0,0,0.076923,0,0,0,0,0,0,0,0,0,0,0,0,0,0,0.076923,0,0,0,0,0,0,0,0,0.076923,0,0,0.23077,0.076923
0,0.055556,0.11111,0,0.11111,0,0.055556,0,0,0,0,0,0.055556,0,0,0,0,0,0,0,0.055556,0,0,0,0.055556,0,0,0,0,0,0.055556,0,0.055556,0,0,0,0,0,0,0,0.055556,0,0,0,0,0,0,0,0,0,0,0,0,0,0,0.055556,0,0,0,0,0.055556,0.055556,0.11111,0.055556
0.13333,0,0,0.066667,0,0.13333,0,0,0,0,0,0.066667,0.066667,0,0,0,0.066667,0,0,0,0.066667,0,0,0,0,0,0,0,0,0,0,0,0,0,0.066667,0,0.066667,0,0,0.066667,0,0,0,0,0,0,0,0,0.066667,0,0,0,0,0,0,0,0.066667,0,0.066667,0,0,0,0,0
0,0,0,0,0,0,0,0,0,0,0,0,0,0,0,0.083333,0,0.083333,0,0,0,0,0,0,0,0,0,0.083333,0.083333,0,0,0,0.083333,0,0,0,0,0,0,0.083333,0,0,0,0,0,0,0,0,0,0,0,0,0,0.16667,0.16667,0,0,0,0,0,0,0.083333,0.083333,0
0.11538,0.038462,0,0,0,0,0,0.038462,0,0,0,0,0,0,0.038462,0,0.038462,0,0,0,0.038462,0,0,0,0,0,0,0,0,0.076923,0,0,0,0,0,0,0.038462,0.038462,0.038462,0,0.038462,0,0.038462,0,0,0.038462,0,0,0.038462,0.038462,0.038462,0,0.038462,0,0,0,0.076923,0.038462,0,0.038462,0,0.038462,0.038462,0
0.02,0,0,0.04,0.04,0,0.02,0.02,0,0,0,0.04,0,0,0.02,0.04,0.06,0.02,0.02,0,0.08,0,0,0,0,0.02,0.02,0.02,0,0,0.02,0.02,0,0,0,0.02,0,0.02,0.02,0,0.02,0,0.04,0.02,0,0,0.02,0.02,0.02,0.02,0,0.02,0.02,0.02,0,0,0.04,0.08,0,0,0.02,0.02,0,0.04
0,0,0.05,0,0,0,0,0,0,0.05,0.05,0,0,0,0,0,0,0,0,0,0.1,0.05,0,0,0.05,0,0.05,0,0,0,0.05,0.05,0,0,0,0,0,0,0.05,0,0,0.05,0,0,0,0,0.05,0.05,0,0,0,0,0.05,0,0.05,0,0.05,0,0,0,0.05,0,0,0.1
0,0,0,0,0,0,0,0,0,0,0,0,0.090909,0,0,0,0,0,0.090909,0,0.090909,0,0.090909,0,0,0,0,0,0,0,0.090909,0,0.090909,0,0,0,0,0,0.090909,0,0,0.090909,0,0,0,0,0.090909,0.090909,0,0,0,0,0,0,0,0,0,0,0,0,0,0,0,0.090909
0.0625,0,0,0,0,0,0,0,0,0,0,0,0.0625,0,0,0,0.1875,0,0.0625,0,0,0,0,0,0,0,0,0,0,0,0,0,0,0,0,0,0,0,0,0.0625,0,0,0,0,0,0.0625,0.0625,0.0625,0.0625,0,0.0625,0,0,0,0.0625,0,0,0,0,0.0625,0.125,0,0,0
0.3,0,0,0,0,0.1,0,0,0,0,0,0,0,0,0,0,0,0,0,0,0,0,0,0,0,0.1,0,0,0,0,0,0,0,0,0,0,0,0,0,0,0,0,0,0,0.1,0,0,0,0,0,0,0,0,0,0,0,0.1,0,0.1,0.1,0.1,0,0,0
0.2,0,0,0,0.1,0,0,0,0,0,0,0,0.1,0.1,0.1,0.1,0,0.1,0,0,0,0,0.1,0,0,0,0,0,0,0,0,0,0,0,0,0,0,0,0,0,0,0,0,0,0,0,0,0,0,0,0.1,0,0,0,0,0,0,0,0,0,0,0,0,0
0.1,0,0,0.1,0,0,0,0,0,0,0,0,0,0,0,0,0,0,0,0,0,0,0,0,0,0,0,0,0,0.1,0,0,0,0,0,0,0.1,0,0,0,0,0,0.1,0,0,0,0,0,0.1,0,0,0,0.1,0.1,0,0,0,0,0,0.1,0,0.1,0,0
0.047619,0.047619,0,0.02381,0,0,0,0,0.02381,0.02381,0.02381,0.02381,0.071429,0,0,0.02381,0.047619,0.02381,0,0.02381,0,0,0.047619,0,0,0.02381,0.02381,0,0,0,0,0.02381,0,0,0,0,0.02381,0,0,0,0.047619,0,0,0,0.02381,0,0.047619,0.02381,0,0,0.047619,0.02381,0,0.071429,0,0.047619,0,0,0.02381,0,0,0.02381,0.02381,0.047619
0,0,0,0,0.090909,0,0,0,0.090909,0.090909,0,0,0,0,0.090909,0,0.090909,0,0.18182,0.090909,0,0,0,0,0.090909,0,0,0,0,0,0,0,0,0,0,0,0,0,0,0,0,0,0,0,0,0,0,0,0,0,0.090909,0,0,0.090909,0,0,0,0,0,0,0,0,0,0
0,0.041667,0.041667,0.041667,0.041667,0,0,0,0,0.041667,0,0,0.083333,0,0,0.041667,0.041667,0,0.041667,0,0.041667,0,0,0,0.041667,0,0,0.041667,0,0,0,0,0.041667,0,0.041667,0,0,0.125,0,0.041667,0,0,0,0,0,0,0.041667,0,0.041667,0.041667,0,0,0,0,0,0,0,0.041667,0.041667,0,0,0,0,0
0.0625,0,0,0,0,0,0,0,0,0,0.0625,0,0,0,0,0,0,0,0.0625,0.0625,0,0,0,0.0625,0.0625,0,0,0.125,0,0.0625,0,0,0,0,0,0,0.0625,0,0,0,0.0625,0,0,0,0,0,0,0.0625,0,0,0,0.0625,0,0,0,0,0.0625,0,0,0,0,0,0.0625,0.0625
0,0,0.18182,0,0,0,0,0,0,0,0,0,0.090909,0,0,0,0,0,0,0,0.18182,0,0.18182,0,0,0,0,0,0,0,0,0,0,0,0,0,0.090909,0,0,0,0,0,0,0,0,0,0,0,0,0,0,0,0,0,0,0,0.090909,0.090909,0,0,0.090909,0,0,0
0.083333,0,0,0,0.041667,0,0,0,0.041667,0,0,0,0.083333,0.041667,0.041667,0,0.041667,0,0.041667,0,0.041667,0,0.041667,0,0,0,0,0.041667,0,0,0,0,0,0,0,0,0,0.041667,0,0,0,0,0,0.041667,0,0,0.041667,0.041667,0.083333,0,0.041667,0,0.041667,0,0.041667,0,0.041667,0,0,0,0,0,0,0.041667
0,0,0,0.2,0,0,0,0,0,0,0,0,0,0,0,0,0,0,0,0,0,0,0,0,0,0,0,0,0.1,0,0,0,0,0,0,0,0,0,0,0.1,0.1,0,0,0,0.1,0,0,0,0,0,0,0,0,0.3,0,0,0,0,0,0,0,0.1,0,0
0.083333,0,0,0,0,0.16667,0,0,0.083333,0,0,0,0.083333,0,0,0,0,0,0,0,0,0,0,0,0,0,0,0.083333,0,0,0,0,0,0.083333,0.083333,0,0,0.083333,0,0,0,0,0,0,0,0,0,0,0.083333,0,0,0,0,0,0,0,0.083333,0,0,0,0,0,0,0.083333
0.064516,0,0,0.032258,0.032258,0,0.032258,0.032258,0.032258,0,0,0,0,0.032258,0,0.032258,0.12903,0,0.032258,0,0,0,0.032258,0,0,0,0,0,0.032258,0,0,0,0.064516,0,0.032258,0,0.064516,0.032258,0.032258,0,0,0.032258,0,0.032258,0,0,0,0.032258,0.032258,0,0,0,0,0,0,0.032258,0,0,0.064516,0,0.032258,0,0,0
0,0,0,0.066667,0,0,0,0,0,0.13333,0,0,0,0,0.066667,0,0.066667,0,0.066667,0,0.066667,0,0.13333,0,0,0.066667,0,0,0,0,0,0,0,0,0,0,0,0,0,0,0,0,0,0,0,0,0,0.066667,0,0.066667,0,0,0,0,0,0,0.066667,0,0,0,0,0,0.066667,0.066667
0,0,0,0,0.16667,0,0,0,0,0,0,0,0,0,0.083333,0,0.083333,0.083333,0.083333,0,0,0,0,0,0,0,0,0,0,0,0,0,0,0,0,0,0,0,0,0.083333,0,0.083333,0.083333,0,0,0,0.083333,0,0,0,0,0,0,0,0,0,0,0,0.083333,0,0,0,0,0.083333
0,0,0.04,0,0,0.04,0,0.08,0.04,0,0.12,0,0,0,0.04,0,0.08,0.04,0,0,0,0.04,0,0,0,0,0,0,0,0,0.08,0,0,0,0,0,0.08,0.04,0,0,0,0,0.04,0,0,0,0,0,0,0,0.08,0.04,0,0,0.04,0,0,0.04,0,0,0,0,0.04,0
0,0.076923,0.076923,0,0.076923,0,0,0,0,0,0,0,0,0,0,0,0,0.076923,0.076923,0,0,0.076923,0,0,0,0,0,0,0.076923,0,0,0,0,0,0,0.076923,0.076923,0,0,0,0,0.076923,0,0,0,0.076923,0,0,0,0,0,0,0,0,0,0,0.076923,0,0,0,0,0,0.076923,0
0.012821,0.025641,0.012821,0.051282,0.012821,0,0,0.025641,0,0,0.025641,0.012821,0.012821,0,0.012821,0.064103,0.025641,0,0.051282,0.012821,0.025641,0,0.012821,0,0.012821,0.051282,0,0,0,0,0.012821,0.064103,0.012821,0,0.012821,0,0.025641,0.025641,0.012821,0,0.025641,0.038462,0,0.025641,0,0,0.012821,0.012821,0,0,0,0.012821,0,0,0.038462,0.012821,0.038462,0.038462,0.038462,0,0.012821,0,0.025641,0.038462
0.052632,0,0,0,0,0,0,0,0,0,0,0,0,0,0.052632,0.052632,0.052632,0,0.052632,0,0.052632,0,0,0,0,0.052632,0,0.052632,0,0,0,0,0,0,0.052632,0,0.052632,0,0,0,0,0.052632,0,0,0,0,0,0,0,0,0.052632,0,0,0,0.10526,0,0,0.052632,0.052632,0.052632,0,0,0.052632,0.052632
0.033333,0,0.033333,0,0.016667,0.016667,0,0,0.016667,0.033333,0.05,0.033333,0,0.016667,0.033333,0.016667,0.083333,0.033333,0.033333,0.033333,0.016667,0.016667,0.05,0,0,0.033333,0.016667,0,0,0,0.016667,0.016667,0,0.033333,0.016667,0,0.016667,0.033333,0,0.016667,0.016667,0.016667,0,0,0,0.016667,0.016667,0.033333,0.033333,0,0.033333,0,0,0,0,0,0.033333,0,0.016667,0,0,0,0,0.016667
0.021739,0.065217,0.021739,0,0.043478,0,0.021739,0.021739,0.021739,0.043478,0,0.021739,0.021739,0,0,0,0.021739,0.021739,0.021739,0,0.021739,0.021739,0,0,0.043478,0.043478,0.021739,0,0,0,0.021739,0,0.043478,0.021739,0,0.021739,0,0.043478,0,0.043478,0.021739,0,0,0,0.021739,0,0,0,0.021739,0,0,0.021739,0,0,0,0,0.021739,0.065217,0.043478,0.021739,0.021739,0,0,0.021739
0.14286,0.047619,0.095238,0.047619,0,0,0,0,0.047619,0.047619,0,0,0,0,0,0,0,0.047619,0.047619,0,0.047619,0,0.14286,0,0,0.047619,0,0,0,0,0,0,0.047619,0,0.047619,0,0,0,0.047619,0,0,0,0.047619,0,0,0,0,0,0,0,0,0,0,0,0,0,0,0,0,0,0.047619,0,0,0
0.19355,0.096774,0.064516,0.032258,0.032258,0,0,0,0,0.064516,0,0,0.064516,0,0.032258,0,0,0,0.096774,0,0,0,0,0.032258,0.032258,0,0,0,0,0,0,0,0,0,0,0,0,0,0,0,0.032258,0,0,0,0.032258,0.032258,0,0,0.032258,0,0,0,0,0,0,0,0.032258,0.032258,0,0,0.032258,0,0.032258,0
0,0.04,0,0.04,0.026667,0.053333,0,0.013333,0.026667,0.013333,0,0,0.026667,0.013333,0.04,0.013333,0,0,0.04,0,0,0.013333,0.013333,0,0.013333,0,0.026667,0.013333,0,0.013333,0,0.026667,0.013333,0,0.026667,0.026667,0.053333,0.04,0.013333,0.026667,0.026667,0.026667,0,0.013333,0.026667,0,0.026667,0.013333,0,0.026667,0.026667,0,0.026667,0.013333,0.013333,0,0,0.013333,0.013333,0.04,0.026667,0,0,0
0,0.076923,0.076923,0,0.076923,0,0,0,0.076923,0,0,0,0,0,0,0,0,0,0,0,0,0,0,0,0,0.076923,0,0,0.076923,0,0,0,0.15385,0,0,0,0,0,0,0,0.076923,0,0,0,0,0,0,0.076923,0,0,0,0,0,0,0,0,0.076923,0,0,0,0,0,0.076923,0.076923
0.047619,0.047619,0,0.095238,0,0,0.047619,0,0.047619,0,0,0,0,0.047619,0,0,0,0,0,0,0.047619,0,0,0,0,0.095238,0,0,0,0,0.047619,0,0.095238,0,0,0,0.047619,0,0,0,0.095238,0,0,0,0,0,0,0.047619,0.047619,0,0,0,0,0,0,0,0.047619,0,0.047619,0.047619,0,0,0,0
0,0,0,0.066667,0,0,0,0,0.066667,0,0,0,0,0,0.066667,0.066667,0,0.13333,0,0,0,0,0,0,0,0,0,0,0,0,0.066667,0,0,0,0,0,0,0,0,0,0.066667,0,0,0,0,0,0.066667,0.066667,0,0.066667,0,0.066667,0,0.066667,0.066667,0,0,0,0.066667,0,0,0,0,0
0,0,0,0,0.071429,0,0,0,0,0,0,0,0,0,0,0.14286,0,0,0,0,0,0,0,0,0,0,0,0,0,0,0,0.071429,0.071429,0,0,0,0,0,0.14286,0,0.071429,0,0,0,0,0,0,0,0,0,0.071429,0,0,0,0,0,0,0.21429,0,0.071429,0,0,0.071429,0
0.045455,0.022727,0.022727,0.022727,0.045455,0.022727,0.022727,0.022727,0,0,0.022727,0.045455,0.022727,0,0.022727,0.022727,0,0.022727,0,0.045455,0,0,0,0,0.045455,0.022727,0.022727,0,0,0,0,0,0.022727,0,0.022727,0,0.022727,0,0.045455,0,0,0.022727,0,0.022727,0.045455,0,0,0.045455,0.045455,0,0,0.022727,0,0.022727,0.022727,0,0,0,0,0,0.022727,0.022727,0.022727,0.045455
0,0,0,0,0,0,0,0,0,0,0,0,0.071429,0,0,0.14286,0,0,0.071429,0.071429,0,0,0,0,0,0,0,0,0,0.071429,0,0,0,0,0,0,0,0,0,0,0.071429,0,0.071429,0,0,0.071429,0.14286,0,0,0,0,0,0,0,0,0,0,0,0.071429,0.071429,0,0,0,0.071429
0,0,0,0,0,0,0,0,0,0,0,0,0,0.11111,0.11111,0,0,0,0.11111,0,0,0,0,0,0,0,0,0,0,0,0,0,0,0.11111,0,0,0,0,0,0,0,0.11111,0,0.11111,0,0,0,0,0,0,0,0,0,0.11111,0.11111,0,0,0.11111,0,0,0,0,0,0
0.052632,0.052632,0.10526,0,0,0,0.052632,0,0,0,0,0,0,0,0,0,0,0,0.10526,0,0,0,0,0,0,0,0,0,0.052632,0,0.052632,0,0,0,0,0,0.052632,0,0,0.052632,0,0,0,0,0,0,0.052632,0,0,0,0,0,0,0,0.052632,0,0,0.10526,0.052632,0.052632,0,0,0,0.10526
0.0375,0.025,0,0,0,0.0375,0.025,0,0.025,0.1875,0.0625,0.0375,0,0.0375,0,0,0,0.0375,0.0375,0,0.0125,0.0125,0.0125,0.025,0.0125,0.075,0.0625,0.075,0,0.0125,0,0,0.0125,0,0,0,0,0.0125,0,0.0125,0,0,0,0,0.0125,0.0125,0,0,0,0,0,0.0125,0,0,0.0125,0,0,0.0125,0.025,0,0,0,0,0.025
0.083333,0,0,0,0,0,0,0,0,0.083333,0,0,0,0,0,0,0.083333,0,0,0,0,0,0.083333,0,0,0,0,0,0,0,0,0,0,0.083333,0,0,0.083333,0,0.083333,0,0,0,0.083333,0,0,0.083333,0.083333,0,0,0,0,0,0,0,0,0,0,0,0,0.16667,0,0,0,0
0.071429,0.14286,0,0,0,0,0,0,0,0,0,0,0,0,0,0.071429,0,0.071429,0,0,0,0,0,0,0.14286,0,0,0,0,0,0,0,0,0.071429,0.071429,0,0,0,0,0,0,0,0,0,0.071429,0,0,0,0,0,0.071429,0,0,0.071429,0,0,0,0.071429,0,0,0,0.071429,0,0
0.076923,0,0,0.076923,0,0,0,0.038462,0,0,0,0,0.038462,0,0.038462,0,0.038462,0,0,0,0.038462,0,0.038462,0,0.038462,0,0,0.038462,0,0,0,0,0.076923,0,0,0,0,0,0.038462,0,0,0.038462,0,0,0.038462,0,0.076923,0,0.038462,0,0,0.076923,0,0,0,0,0,0,0,0,0,0.076923,0.076923,0
0.052632,0,0,0,0.052632,0,0.052632,0,0,0,0,0,0,0,0,0.052632,0.052632,0,0.052632,0,0,0.10526,0,0,0,0,0,0,0,0,0,0,0,0,0,0,0.10526,0.052632,0,0,0,0,0,0,0.052632,0,0,0,0.052632,0,0,0.052632,0,0,0.10526,0,0,0.052632,0,0.052632,0,0,0,0.052632
0.071429,0,0.035714,0,0,0.035714,0,0,0.035714,0,0,0,0.071429,0.035714,0,0,0.071429,0,0,0,0,0,0.035714,0.035714,0.071429,0.035714,0,0,0,0.035714,0.035714,0,0,0.035714,0,0,0,0,0.035714,0,0,0,0,0,0,0,0.071429,0.035714,0.10714,0,0,0,0.035714,0,0.071429,0,0,0,0,0,0,0,0,0
0.04,0,0.02,0,0,0,0.02,0,0.06,0,0,0.04,0.02,0,0,0.04,0.02,0.1,0,0.02,0,0,0,0,0.02,0.04,0,0.02,0.02,0.02,0,0,0,0,0.04,0.02,0.08,0,0.02,0,0,0,0.04,0,0.02,0,0.06,0.04,0.02,0.02,0,0,0,0,0.02,0.02,0.02,0,0,0.04,0,0,0.02,0.02
0.14286,0,0,0,0,0,0,0,0,0,0,0,0,0,0,0,0,0,0,0,0,0,0,0,0,0.14286,0,0,0,0,0,0.071429,0.071429,0,0.071429,0,0,0.071429,0,0,0.071429,0,0,0,0.071429,0,0,0,0,0,0,0,0,0,0.071429,0,0,0,0,0.14286,0.071429,0,0,0
0,0,0,0.055556,0.055556,0,0.11111,0,0,0,0,0,0,0,0,0,0,0.055556,0,0.11111,0,0.055556,0,0,0,0,0,0,0,0,0,0,0,0,0,0.055556,0.055556,0,0,0,0,0,0,0,0,0.055556,0.11111,0,0,0,0,0,0,0.055556,0.055556,0,0,0.11111,0,0.055556,0,0,0,0
0,0,0,0,0,0,0,0,0.05,0.05,0,0,0,0,0.05,0.05,0,0,0.05,0,0,0,0,0,0,0,0,0,0,0,0.05,0,0.05,0,0,0,0.1,0,0,0,0.05,0,0,0,0.05,0,0,0,0,0.05,0,0.1,0.05,0,0,0,0.05,0,0,0.1,0.05,0,0,0.05
0.052632,0,0.026316,0.026316,0.052632,0.026316,0.052632,0,0,0.078947,0.10526,0.026316,0.052632,0.026316,0,0.026316,0.026316,0.026316,0,0,0.026316,0,0,0,0,0,0.026316,0,0,0,0,0,0.026316,0,0.10526,0,0,0,0,0.026316,0.026316,0,0,0,0.052632,0,0,0,0,0,0.026316,0,0,0,0,0,0.026316,0,0,0,0,0.052632,0,0
0.11765,0.058824,0,0,0,0,0.058824,0,0,0,0,0,0,0,0,0,0,0,0,0,0,0,0,0,0,0,0,0.11765,0.17647,0,0,0.058824,0.058824,0,0,0,0,0,0.058824,0,0,0,0,0,0,0,0,0,0,0.058824,0,0,0,0,0.058824,0,0,0.058824,0,0,0,0,0.058824,0.058824
0,0,0,0,0,0,0,0,0,0.090909,0,0,0,0,0,0,0.090909,0,0.090909,0,0,0,0,0,0,0,0,0,0,0,0,0.090909,0,0,0.090909,0.090909,0,0,0,0,0,0.090909,0,0,0,0,0.090909,0,0,0,0,0,0,0,0,0,0,0.18182,0,0,0,0,0,0.090909
0.035714,0,0,0,0,0,0.035714,0.035714,0.035714,0,0,0,0.035714,0,0.071429,0.035714,0.071429,0,0.035714,0,0,0,0,0,0.035714,0,0,0,0,0,0,0.035714,0.071429,0,0,0.035714,0,0,0,0,0,0,0.035714,0,0.035714,0,0,0,0.071429,0,0.035714,0.035714,0,0,0,0,0.035714,0,0.035714,0,0.071429,0,0,0.071429
0,0.025,0,0,0.025,0,0.025,0,0.025,0.075,0.075,0,0.025,0,0,0,0.025,0.025,0.025,0,0.025,0,0.05,0.025,0.025,0,0,0,0,0,0.025,0.025,0.025,0,0.025,0.025,0.025,0,0,0,0,0,0,0.025,0,0.025,0.025,0.025,0,0,0,0,0.025,0,0,0.025,0.025,0.05,0.025,0.025,0.025,0.025,0.025,0.025
0.064516,0,0,0.064516,0,0,0.032258,0,0,0,0,0,0.064516,0,0,0.032258,0,0,0,0,0,0,0.032258,0,0.032258,0,0,0.032258,0,0.032258,0.032258,0,0,0,0.032258,0.064516,0,0,0.064516,0,0,0,0,0,0,0.032258,0,0,0.032258,0,0.032258,0.032258,0.032258,0,0,0,0,0.032258,0,0.032258,0.032258,0.064516,0.064516,0.032258
0.041667,0,0.041667,0,0.041667,0.041667,0.125,0,0.041667,0,0,0.041667,0,0,0,0,0.041667,0.041667,0.083333,0,0.041667,0,0,0,0.083333,0,0,0,0,0,0.041667,0,0.041667,0,0,0,0.083333,0,0,0.041667,0,0,0,0,0,0,0,0.041667,0,0,0.041667,0,0.041667,0,0,0,0,0,0,0,0,0,0,0
0.055556,0,0,0,0,0,0.055556,0.11111,0.055556,0,0,0,0.055556,0,0,0,0,0,0,0,0,0,0.055556,0,0,0.055556,0,0,0,0,0,0,0,0.055556,0,0,0.055556,0.055556,0,0,0,0,0.055556,0,0,0.055556,0,0.055556,0,0,0,0,0.11111,0,0,0,0,0.055556,0,0,0.055556,0,0,0
0.066667,0,0,0.066667,0,0,0,0,0,0,0.066667,0,0,0.066667,0.066667,0.066667,0,0.066667,0,0,0,0,0,0,0,0,0,0.066667,0,0.066667,0,0,0.066667,0,0,0.066667,0,0,0,0,0,0,0,0,0,0,0,0,0.066667,0,0.066667,0,0,0,0,0,0,0.066667,0,0,0.066667,0,0,0
0.029412,0.029412,0,0,0,0,0.029412,0.029412,0,0,0,0.029412,0,0,0.029412,0,0.029412,0,0.029412,0,0,0,0.029412,0,0,0,0.088235,0.029412,0,0,0,0,0,0,0,0.029412,0.029412,0.058824,0,0.029412,0.029412,0,0,0,0.029412,0.029412,0,0.029412,0,0,0.029412,0.058824,0.029412,0.058824,0.029412,0,0.058824,0,0,0.029412,0,0,0.029412,0.029412
0,0,0,0,0,0,0.076923,0.076923,0,0,0.076923,0,0,0,0,0.076923,0,0,0,0,0,0,0,0,0.076923,0,0.076923,0,0,0,0.076923,0.076923,0,0,0,0,0,0,0,0,0,0,0,0,0,0,0,0,0,0,0,0.076923,0,0,0.076923,0,0,0,0,0,0.076923,0,0.076923,0.076923
0,0,0,0,0,0,0.1,0.1,0.1,0,0,0,0.1,0,0,0,0,0,0,0,0,0,0,0,0.1,0,0,0,0,0,0.1,0,0.2,0.1,0,0,0,0,0,0,0,0,0,0,0,0,0,0,0,0,0,0,0,0.1,0,0,0,0,0,0,0,0,0,0
0,0,0,0.0625,0,0.03125,0,0,0,0,0,0,0,0,0,0,0,0.0625,0.03125,0.03125,0,0.0625,0,0,0,0.03125,0.03125,0.03125,0,0.03125,0.03125,0.03125,0,0,0.03125,0,0.0625,0,0.03125,0.03125,0,0,0,0.03125,0,0.03125,0.03125,0,0.03125,0,0.0625,0,0.03125,0.03125,0,0,0.03125,0.03125,0,0.03125,0.03125,0,0,0
0.043478,0.043478,0,0,0.043478,0,0,0.043478,0.043478,0.086957,0,0,0,0,0,0,0.043478,0,0,0,0.043478,0,0,0.043478,0,0,0,0.043478,0,0,0.043478,0,0.043478,0,0,0,0,0,0.043478,0.043478,0,0.043478,0,0,0.043478,0,0,0,0.043478,0.043478,0,0,0,0,0,0.043478,0.043478,0,0,0.043478,0,0.043478,0,0
0,0,0,0.090909,0,0,0,0,0,0,0.090909,0,0.090909,0,0,0.090909,0,0,0,0,0,0.090909,0,0,0,0,0,0,0,0,0,0,0,0,0,0,0.090909,0.090909,0.090909,0,0.090909,0,0,0,0,0,0,0.090909,0,0,0,0.090909,0,0,0,0,0,0,0,0,0,0,0,0
0,0,0,0.096774,0,0,0,0,0,0.032258,0,0,0,0,0.032258,0,0.032258,0,0.032258,0.032258,0.032258,0.12903,0.032258,0,0,0,0,0.032258,0,0,0,0,0,0,0,0,0,0,0,0,0,0,0,0,0,0,0,0,0.032258,0,0,0.032258,0.064516,0,0.032258,0,0,0,0.064516,0.032258,0.032258,0.096774,0.096774,0.032258
0.090909,0,0,0,0.090909,0,0,0,0,0,0,0,0,0.090909,0.090909,0,0,0,0,0,0,0,0,0,0,0.18182,0,0,0.090909,0,0,0,0,0,0.090909,0,0,0,0,0,0.090909,0,0,0,0,0,0,0,0.090909,0,0.090909,0,0,0,0,0,0,0,0,0,0,0,0,0
0,0,0,0,0.15385,0,0,0.076923,0,0,0,0,0.15385,0,0,0.076923,0.076923,0,0,0,0,0,0,0,0,0,0.076923,0,0,0,0,0,0.076923,0,0,0,0,0,0,0,0,0,0,0,0,0,0,0,0,0,0,0,0,0.076923,0,0,0,0,0,0.076923,0,0,0.076923,0.076923
0,0,0,0,0.027778,0,0,0.027778,0,0,0,0.027778,0.027778,0.055556,0,0.027778,0.027778,0.027778,0,0,0,0.055556,0.027778,0.027778,0,0,0.027778,0,0,0.027778,0.027778,0,0.027778,0,0,0.055556,0.027778,0.055556,0.027778,0.027778,0,0,0.027778,0,0,0.027778,0,0.027778,0.027778,0.027778,0,0,0.027778,0.027778,0,0.027778,0,0.027778,0.027778,0,0,0.027778,0.027778,0
0,0,0,0.0625,0.125,0,0,0,0,0.0625,0,0,0,0,0,0,0.0625,0,0,0,0,0,0,0,0,0,0.0625,0,0,0,0,0.0625,0.0625,0,0,0,0,0,0,0,0,0.0625,0.0625,0,0,0,0,0.125,0.0625,0,0,0,0,0,0.0625,0,0,0,0,0,0.0625,0,0,0.0625
0.04,0,0,0,0.16,0,0,0,0.04,0,0.04,0,0,0,0,0,0,0.04,0.04,0,0,0,0,0,0,0.04,0,0,0,0.04,0,0,0,0,0,0,0.04,0,0.12,0,0,0,0,0,0,0,0.12,0,0,0,0,0,0,0,0,0.04,0,0.12,0,0.04,0,0.04,0.04,0
0,0,0.045455,0.045455,0,0,0,0,0.045455,0.045455,0,0,0,0,0,0,0.22727,0,0,0,0,0,0,0,0,0,0,0,0,0,0,0,0.045455,0,0.045455,0,0,0,0.045455,0.045455,0.045455,0,0,0,0.045455,0,0.045455,0,0,0.045455,0,0,0,0,0.045455,0,0.045455,0.045455,0.045455,0,0,0,0,0.045455
0.033333,0.033333,0,0.033333,0.033333,0,0,0,0.033333,0.033333,0,0.033333,0.033333,0.033333,0,0.066667,0.033333,0,0,0,0,0,0,0,0,0.033333,0.033333,0,0,0,0,0,0.16667,0,0,0,0.033333,0,0.033333,0.066667,0.033333,0,0,0,0,0.066667,0,0,0,0,0,0,0,0,0.033333,0,0,0.033333,0,0,0.033333,0,0,0.033333
0,0,0.025974,0.012987,0.012987,0.012987,0.038961,0,0,0.038961,0.012987,0.038961,0,0.012987,0,0,0.012987,0.012987,0.038961,0.1039,0.051948,0.038961,0.11688,0,0,0.012987,0.012987,0.012987,0.012987,0.012987,0,0,0,0,0,0,0.025974,0.051948,0.025974,0.012987,0,0.012987,0,0,0.012987,0.012987,0,0.025974,0,0,0.012987,0.012987,0,0.012987,0.012987,0.038961,0,0.051948,0,0.012987,0,0.012987,0,0
0,0,0,0,0,0,0.047619,0.047619,0.095238,0,0,0.095238,0.095238,0,0.047619,0,0,0.047619,0,0,0.047619,0,0,0,0.047619,0.047619,0,0,0,0,0,0,0,0,0,0,0.047619,0,0,0.047619,0,0,0,0,0,0,0,0,0.095238,0,0,0.047619,0,0,0,0,0,0,0,0,0.095238,0.047619,0,0
0,0,0,0,0,0,0,0,0,0,0,0,0.055556,0,0,0.055556,0,0,0.055556,0,0,0,0,0,0.055556,0,0,0,0,0,0.055556,0,0,0,0.055556,0,0,0.055556,0,0,0.055556,0,0,0.055556,0,0,0,0,0.055556,0,0,0.055556,0,0,0.055556,0,0,0,0,0,0,0.055556,0.055556,0.22222
0,0,0,0,0.1,0,0,0,0,0.1,0.2,0,0,0,0,0,0.1,0,0,0,0,0,0,0,0,0,0.1,0,0,0,0,0.1,0,0,0,0,0.1,0.1,0,0,0,0,0.1,0,0,0,0,0,0,0,0,0,0,0,0,0,0,0,0,0,0,0,0,0
0,0,0,0,0.2,0,0,0,0,0,0,0,0,0.1,0,0.1,0,0,0,0,0,0.1,0,0,0,0,0,0,0,0,0,0,0.1,0,0,0,0,0,0,0,0,0,0,0,0,0,0,0,0,0.1,0,0.1,0,0,0,0,0,0.1,0,0,0,0,0,0.1
0,0.1,0.1,0,0.05,0,0,0.05,0.05,0,0,0,0.05,0,0.05,0.05,0,0,0,0,0,0,0.05,0.05,0,0,0,0,0,0,0,0,0,0,0,0,0,0,0,0,0,0,0,0,0,0,0,0,0,0,0,0,0,0,0,0.05,0.05,0,0,0,0.1,0.05,0.1,0.05
0.11111,0,0,0,0,0,0,0,0.055556,0,0,0,0,0.055556,0,0,0,0,0,0,0,0,0.055556,0,0,0.055556,0,0,0,0,0,0.11111,0,0.055556,0.11111,0,0,0,0,0,0.055556,0.11111,0,0,0.055556,0,0,0,0,0,0,0,0,0,0,0.055556,0.055556,0,0,0,0,0,0.055556,0
0,0,0,0,0.13333,0,0.066667,0,0,0,0,0,0,0.066667,0,0,0.13333,0,0,0,0,0,0,0,0,0,0,0,0,0.066667,0,0,0,0,0,0.066667,0,0.2,0,0,0,0.066667,0,0,0,0,0,0,0,0,0,0,0,0,0,0,0,0.066667,0,0,0,0,0.066667,0.066667
0,0.041667,0,0,0,0.041667,0.041667,0,0.083333,0.083333,0,0.041667,0.041667,0,0,0,0.041667,0,0,0.041667,0,0,0.041667,0,0.041667,0.041667,0,0,0,0,0,0,0,0.083333,0.041667,0,0.083333,0.083333,0,0,0,0,0.041667,0,0,0,0,0,0,0,0,0,0.041667,0,0,0,0,0.041667,0,0,0,0,0,0
0.076923,0,0,0,0.23077,0,0.15385,0,0,0.076923,0,0,0,0,0,0.076923,0,0,0,0.076923,0,0,0,0,0,0,0,0,0,0,0,0,0,0,0,0,0,0,0,0,0,0,0,0,0.076923,0,0,0,0.15385,0,0,0,0,0,0,0,0,0,0,0,0,0,0.076923,0
0.14286,0,0.095238,0,0.047619,0.047619,0.047619,0,0.047619,0,0,0,0,0,0,0,0.095238,0,0,0,0,0,0,0,0,0,0,0.047619,0,0,0,0,0.047619,0,0.047619,0,0,0,0,0,0.047619,0,0,0,0,0,0.047619,0,0.095238,0,0,0,0.047619,0,0,0,0,0,0,0,0.095238,0,0,0
0.18182,0,0,0,0.090909,0.090909,0.090909,0,0,0,0,0,0,0,0,0,0.090909,0,0,0,0,0,0,0,0,0,0,0,0,0.18182,0,0,0,0,0,0,0,0,0,0,0,0,0,0,0,0,0.090909,0,0,0,0.090909,0,0,0,0,0,0,0,0,0,0.090909,0,0,0
0,0.076923,0,0.076923,0,0.076923,0,0,0,0,0,0,0.30769,0,0,0,0,0,0,0.076923,0,0,0,0,0,0.076923,0,0,0,0,0,0,0,0.076923,0,0,0,0,0,0,0,0,0,0,0,0,0.076923,0,0,0,0,0,0,0,0,0,0,0.076923,0,0,0.076923,0,0,0
0.1,0,0,0.1,0.1,0,0,0.1,0,0,0,0,0,0,0,0,0.1,0,0.1,0,0,0,0,0,0,0,0,0,0,0,0,0,0,0,0,0,0,0,0,0.1,0,0,0,0,0,0,0,0,0.1,0,0,0,0,0,0,0,0.1,0,0,0,0,0,0.1,0
0.033333,0,0,0.033333,0.066667,0,0,0,0,0,0,0,0,0.1,0.033333,0,0.033333,0,0.066667,0,0,0,0,0.033333,0.066667,0,0,0,0.033333,0,0.033333,0,0.033333,0,0,0,0,0.066667,0,0,0.066667,0,0,0,0,0,0.033333,0.033333,0,0,0.033333,0,0,0,0.033333,0,0,0,0,0.033333,0.033333,0,0.066667,0.033333
0,0,0,0,0.0625,0.125,0,0,0.0625,0,0,0,0.125,0.0625,0.125,0,0,0,0.0625,0,0,0,0,0,0,0,0,0,0.0625,0,0,0,0,0,0,0,0,0.0625,0,0,0,0,0,0,0,0,0,0,0,0,0.0625,0.125,0,0,0,0,0,0,0,0,0,0,0.0625,0
0,0,0,0,0,0,0.019608,0.039216,0,0,0.039216,0,0,0.039216,0,0.058824,0.019608,0.019608,0.019608,0,0,0,0.019608,0.019608,0.019608,0.019608,0.019608,0.039216,0.039216,0,0.019608,0.039216,0,0,0,0.019608,0.019608,0.019608,0,0,0,0.039216,0,0,0.019608,0,0.039216,0.039216,0.019608,0,0.019608,0.019608,0,0.019608,0.019608,0.019608,0,0,0.058824,0,0.019608,0.058824,0.019608,0.039216
0.125,0,0,0,0,0,0.0625,0,0,0,0,0,0.0625,0,0.0625,0,0,0,0.125,0,0,0.0625,0,0,0,0,0,0,0,0,0,0,0,0,0.0625,0,0,0,0,0,0,0.0625,0,0,0,0,0,0,0.125,0.0625,0,0,0,0,0.0625,0,0,0.0625,0,0,0.0625,0,0,0
0.1,0.1,0,0.1,0,0,0,0,0,0,0,0,0,0.1,0,0,0,0,0.2,0,0.1,0,0,0,0,0.1,0,0,0,0,0,0,0,0,0,0,0.1,0,0,0,0,0,0.1,0,0,0,0,0,0,0,0,0,0,0,0,0,0,0,0,0,0,0,0,0
0,0,0,0,0,0,0,0.02381,0.02381,0.02381,0,0,0.02381,0.02381,0.047619,0.02381,0,0,0,0,0,0,0,0.095238,0,0,0.02381,0,0.02381,0.02381,0.047619,0.02381,0.02381,0,0,0.071429,0.02381,0.02381,0,0,0,0.047619,0,0,0,0,0.047619,0,0.02381,0.047619,0.02381,0.047619,0,0,0,0,0,0.02381,0.02381,0,0.047619,0.047619,0.02381,0.02381
0.055556,0,0,0,0.11111,0,0,0,0,0.055556,0,0,0,0,0,0.055556,0,0,0,0,0,0,0,0,0.055556,0,0,0,0.055556,0,0.055556,0,0,0,0,0,0,0,0,0.16667,0.055556,0,0,0,0,0.055556,0,0,0.055556,0.055556,0,0.055556,0,0,0,0.055556,0,0,0.055556,0,0,0,0,0
0.030303,0,0,0.030303,0,0,0.030303,0.030303,0,0.030303,0,0,0.030303,0,0.030303,0.030303,0.060606,0,0.030303,0.060606,0,0.030303,0,0.060606,0,0,0,0,0,0.060606,0,0,0,0,0.030303,0.030303,0.060606,0.030303,0,0.060606,0,0,0,0,0,0,0,0,0,0,0,0,0.030303,0,0.030303,0.030303,0.030303,0.030303,0,0,0.060606,0,0,0.030303
0.15385,0.15385,0,0,0,0,0,0,0,0,0,0.076923,0.076923,0.076923,0,0,0,0,0,0,0.076923,0,0,0.076923,0,0,0,0.076923,0,0,0,0,0,0,0,0,0,0,0,0,0,0,0,0,0,0,0,0,0.15385,0,0,0,0,0,0,0,0,0,0,0,0,0.076923,0,0
0.086957,0,0,0,0,0.043478,0,0,0,0,0.043478,0,0,0,0.043478,0,0.043478,0,0.043478,0,0,0,0,0,0,0,0.043478,0.043478,0,0,0,0,0.043478,0.043478,0,0,0.043478,0,0,0,0,0,0,0,0,0.043478,0,0.043478,0,0,0,0,0.043478,0,0.043478,0,0.086957,0,0.043478,0.043478,0.043478,0,0.086957,0
0,0,0,0.086957,0,0,0,0,0,0,0,0,0,0.043478,0,0.043478,0.086957,0,0.086957,0,0,0,0,0,0.086957,0,0,0,0,0,0,0,0,0.043478,0.086957,0,0.043478,0,0,0.043478,0.043478,0,0,0,0,0,0,0,0,0,0,0.043478,0.043478,0,0.043478,0.043478,0,0.086957,0,0,0.043478,0,0,0
0,0,0,0,0,0,0,0,0,0,0,0.11111,0,0,0.11111,0,0,0,0.11111,0,0,0,0,0.11111,0,0,0,0,0,0.11111,0.11111,0,0,0,0,0,0,0,0,0,0,0.11111,0,0,0.11111,0,0,0,0,0,0,0,0,0,0,0,0.11111,0,0,0,0,0,0,0
0.058824,0,0,0,0,0,0,0.058824,0,0,0,0.058824,0.058824,0,0,0,0,0,0,0,0.058824,0,0.058824,0,0,0.058824,0,0,0,0,0,0,0,0,0,0,0.058824,0,0,0,0.11765,0,0,0.058824,0,0,0,0,0,0,0,0.058824,0,0.058824,0,0,0,0.058824,0,0.058824,0,0,0.11765,0
0,0,0,0.066667,0.066667,0,0,0,0,0,0,0,0.066667,0,0.066667,0,0,0,0.066667,0.066667,0.066667,0,0,0,0.066667,0,0,0,0,0,0,0,0,0,0,0.066667,0.066667,0,0,0,0,0,0,0,0,0,0.066667,0,0.066667,0,0.066667,0,0,0,0.066667,0.066667,0,0,0,0,0,0,0,0
0,0,0,0.090909,0,0,0,0.090909,0,0,0,0,0,0,0.090909,0.090909,0,0,0,0.090909,0,0,0,0,0,0,0.090909,0,0,0,0.090909,0,0,0,0,0,0,0,0,0,0,0,0,0,0,0,0,0,0.090909,0,0.090909,0,0,0,0,0,0.090909,0.090909,0,0,0,0,0,0
0.057692,0.019231,0.019231,0.019231,0,0.019231,0,0,0,0,0,0,0,0.019231,0.038462,0.038462,0.019231,0,0.019231,0,0.057692,0,0,0.019231,0.038462,0,0,0,0,0.019231,0.019231,0.019231,0.019231,0.038462,0.019231,0,0.057692,0,0.038462,0.019231,0.019231,0.019231,0.019231,0,0,0,0.019231,0.019231,0,0,0.019231,0,0,0,0.019231,0.019231,0.15385,0,0.019231,0,0.019231,0.019231,0,0
0,0.0625,0,0,0.0625,0,0,0,0,0,0,0.0625,0.0625,0.0625,0,0,0,0,0,0,0,0,0,0,0,0,0,0,0.0625,0,0,0,0,0.0625,0.0625,0,0.0625,0,0.0625,0,0,0.0625,0,0,0.0625,0,0,0,0,0,0,0,0.0625,0,0.125,0,0,0,0,0,0,0,0.0625,0
0.076923,0,0,0,0.051282,0,0,0,0,0,0.025641,0,0.051282,0,0,0.025641,0.051282,0.025641,0.076923,0.076923,0.025641,0,0,0,0.051282,0,0,0,0.025641,0.076923,0,0,0,0,0,0,0,0,0,0,0,0,0,0,0,0,0.025641,0,0,0,0,0.051282,0,0.051282,0,0.051282,0,0.025641,0.076923,0,0.025641,0,0,0.051282
0.030303,0,0,0.030303,0.030303,0.030303,0.030303,0,0.030303,0.090909,0.030303,0,0.090909,0.030303,0,0,0.030303,0.030303,0,0,0,0.030303,0,0,0,0,0,0,0,0,0,0,0,0.030303,0.030303,0.030303,0.090909,0.030303,0,0,0.030303,0.030303,0,0,0,0,0,0,0.030303,0.030303,0,0,0.030303,0.030303,0.030303,0,0,0.030303,0,0.030303,0,0,0,0
0,0,0,0,0,0.1,0,0.1,0,0,0,0,0,0,0,0,0.1,0,0,0,0,0.1,0,0,0,0,0,0,0,0,0.1,0.1,0,0.1,0,0,0,0,0,0,0.1,0,0,0,0,0,0,0.1,0,0,0,0,0,0,0,0,0,0,0,0,0,0.1,0,0
0,0,0,0.071429,0,0,0,0,0,0.14286,0,0,0,0,0,0,0,0,0,0,0,0,0,0,0,0.071429,0,0,0,0,0,0,0.071429,0,0,0,0,0,0,0,0,0.071429,0,0,0,0,0.071429,0.071429,0.071429,0,0.071429,0,0.071429,0,0.071429,0,0,0,0,0,0,0,0,0.14286
0,0.038462,0,0,0,0,0,0.038462,0.038462,0,0,0.038462,0,0,0,0,0,0,0,0.038462,0,0,0.038462,0,0.11538,0.038462,0,0,0,0,0.038462,0,0,0,0,0.076923,0,0,0,0.038462,0,0,0,0,0.038462,0.038462,0.038462,0.076923,0,0,0,0,0.038462,0,0,0,0,0.076923,0,0,0,0.076923,0.038462,0.038462
0.041667,0,0.041667,0,0,0,0.041667,0,0.041667,0,0,0,0,0,0.083333,0,0,0,0.041667,0.041667,0,0,0,0,0,0,0,0.041667,0,0,0,0,0.041667,0,0,0,0.041667,0,0.041667,0,0,0,0,0.041667,0.041667,0.041667,0.041667,0,0,0.041667,0,0,0.041667,0,0,0,0,0.041667,0.041667,0.041667,0.041667,0.041667,0,0.041667
0,0,0.052632,0,0,0,0,0,0,0.052632,0,0.052632,0,0,0,0.052632,0.052632,0,0,0.052632,0,0,0,0,0,0,0.052632,0,0,0,0,0,0,0.052632,0,0,0.052632,0.052632,0,0,0.052632,0,0,0,0.052632,0,0.10526,0.052632,0,0,0,0,0,0,0.052632,0,0,0,0,0.10526,0,0,0.052632,0
0.13636,0,0,0,0,0,0,0.045455,0.045455,0,0,0,0.045455,0,0,0,0,0.13636,0,0,0,0,0,0,0,0.045455,0,0,0.090909,0.045455,0,0,0,0,0,0,0.045455,0,0,0,0,0.045455,0.045455,0,0,0,0.045455,0,0.045455,0,0,0,0.045455,0,0,0,0.045455,0,0,0,0,0.045455,0.045455,0
0.10526,0,0,0.052632,0,0,0,0.052632,0.052632,0,0,0,0.052632,0,0,0,0,0.10526,0.052632,0,0.052632,0.052632,0,0,0,0.10526,0,0,0.052632,0,0,0,0,0,0,0,0,0,0,0,0,0,0,0,0,0,0,0,0,0.052632,0.052632,0,0,0,0.10526,0,0,0,0,0,0,0.052632,0,0
0,0,0,0,0,0.05,0.05,0,0,0,0,0,0,0.05,0,0.15,0,0,0,0.1,0,0,0,0,0,0.05,0,0,0,0,0,0,0,0,0,0,0,0,0,0,0,0,0,0.05,0.05,0,0,0,0.05,0.05,0,0.15,0,0,0,0,0.05,0,0,0,0.05,0.05,0,0.05
0,0,0,0,0,0.027027,0,0,0,0,0,0,0,0.054054,0.054054,0.027027,0.054054,0.054054,0,0.027027,0,0.027027,0.054054,0.027027,0.027027,0.054054,0.027027,0,0,0.081081,0.054054,0.027027,0,0,0,0.027027,0.027027,0.027027,0.081081,0,0,0,0,0,0,0,0.027027,0.027027,0,0,0.054054,0,0,0,0,0,0,0,0,0,0,0.027027,0.027027,0
0.034483,0,0,0,0,0,0.068966,0,0,0,0,0,0.068966,0,0.034483,0,0,0,0,0.034483,0,0,0,0,0.034483,0.068966,0.068966,0.034483,0,0,0,0,0,0.034483,0,0,0,0,0,0,0.034483,0.034483,0,0,0,0,0.034483,0.034483,0,0.034483,0,0.034483,0.068966,0.068966,0,0,0.034483,0.068966,0,0,0.034483,0,0.034483,0
0,0,0.18182,0.090909,0,0,0,0,0,0,0,0,0,0,0,0.090909,0,0,0,0,0,0,0,0.090909,0,0,0,0,0,0,0,0,0,0,0,0,0.090909,0,0,0,0,0,0,0,0.090909,0,0,0,0.27273,0,0,0.090909,0,0,0,0,0,0,0,0,0,0,0,0
0,0,0,0,0,0,0,0,0,0,0,0.1,0,0,0,0,0,0,0,0,0,0,0,0,0,0,0,0,0,0,0,0,0,0,0,0,0,0,0.1,0,0,0,0,0.2,0.1,0.1,0,0,0,0,0,0,0,0,0,0.1,0,0,0,0.2,0.1,0,0,0
0.045455,0,0.090909,0.045455,0.045455,0,0.045455,0,0,0.045455,0,0,0,0,0,0,0.045455,0.045455,0,0,0,0,0,0,0.090909,0,0,0,0.045455,0.045455,0,0,0,0.045455,0,0,0,0,0,0,0,0,0,0.045455,0,0.045455,0.090909,0,0,0,0,0,0,0,0,0,0,0.045455,0,0,0,0,0.090909,0.045455
0,0,0,0,0,0,0,0.071429,0,0.071429,0,0,0.071429,0,0,0,0,0,0.14286,0,0,0,0,0,0,0,0,0,0,0,0,0.071429,0,0.071429,0,0,0,0,0,0,0,0,0,0,0,0,0.071429,0.071429,0.14286,0,0,0,0.071429,0,0,0,0,0,0.071429,0,0,0.071429,0,0
0,0,0,0,0,0,0,0,0,0,0,0,0.1,0,0,0.1,0,0,0,0,0,0.1,0,0,0,0.1,0,0,0,0,0,0.2,0,0,0.1,0,0.1,0,0,0,0,0,0,0,0,0,0,0,0,0,0,0,0,0,0,0,0,0.1,0,0,0,0,0,0.1
0,0,0,0.0625,0.0625,0,0,0,0.0625,0,0,0,0.0625,0.0625,0,0.0625,0,0,0,0,0,0,0,0,0.0625,0.0625,0,0,0,0,0,0,0,0,0,0,0,0,0,0,0,0,0,0,0,0.0625,0.0625,0,0.0625,0,0,0,0,0,0,0.125,0,0,0,0,0.125,0,0,0.0625
0,0,0,0,0,0,0,0,0,0.090909,0,0,0,0,0,0,0.18182,0,0,0,0,0,0,0,0.090909,0,0.090909,0,0,0,0,0,0,0.090909,0,0,0,0.090909,0,0,0.090909,0.090909,0.090909,0,0,0,0,0,0,0,0,0,0,0,0,0,0,0,0,0,0,0,0.090909,0
0.10448,0.014925,0.029851,0.044776,0.014925,0.014925,0.014925,0,0,0.029851,0.014925,0,0.029851,0.014925,0.014925,0,0.044776,0.014925,0.059701,0,0.029851,0,0.089552,0,0,0.029851,0,0,0,0,0.029851,0,0.014925,0,0,0.014925,0,0.044776,0.014925,0.029851,0.014925,0.014925,0,0.029851,0,0.044776,0.014925,0,0.014925,0.029851,0,0,0,0,0.029851,0,0,0,0,0,0,0,0.014925,0.029851
0.1,0,0,0,0,0,0,0,0,0,0,0,0,0,0,0,0.3,0,0,0,0.1,0,0,0,0,0,0,0,0,0,0,0.1,0,0,0,0,0,0,0,0,0,0,0,0,0,0,0,0,0,0,0,0,0,0,0,0,0,0.1,0,0.1,0.1,0,0.1,0
0,0,0.0625,0,0,0,0,0,0,0,0,0.0625,0.0625,0,0.0625,0,0,0,0,0,0.0625,0,0,0,0,0,0,0.0625,0,0,0.0625,0,0.0625,0,0,0,0.0625,0,0,0,0,0,0,0,0,0.0625,0.0625,0,0,0,0,0,0,0,0,0,0.0625,0,0,0,0,0,0.25,0
0,0,0,0,0,0,0,0,0,0.071429,0,0,0,0.14286,0,0,0.071429,0,0,0,0,0,0,0,0,0.071429,0,0,0,0,0.071429,0,0,0,0,0,0.071429,0,0,0,0,0,0,0,0.071429,0,0,0,0,0,0,0,0,0.21429,0,0,0,0,0,0.071429,0,0.14286,0,0
0.125,0.041667,0,0.125,0.041667,0,0,0,0,0,0,0,0,0.041667,0,0.083333,0.041667,0,0,0,0.041667,0,0,0,0,0,0,0,0.041667,0,0,0,0,0.041667,0,0,0,0,0,0,0.041667,0,0,0,0,0,0,0,0.083333,0,0,0,0,0,0.083333,0,0,0,0,0,0.041667,0.041667,0,0.083333
0.071429,0,0,0,0,0,0,0,0,0.071429,0,0,0.14286,0,0,0,0.071429,0,0,0,0,0,0.071429,0,0,0.071429,0,0,0,0,0,0,0,0,0,0,0.071429,0,0,0,0,0,0,0,0,0,0,0,0.071429,0,0,0,0.14286,0,0,0,0,0,0,0,0.14286,0,0.071429,0
0,0,0,0,0,0,0,0,0,0,0,0,0.090909,0,0,0.090909,0,0,0,0,0,0,0,0,0,0,0,0.090909,0,0,0,0,0,0,0,0,0.090909,0,0,0,0,0,0,0,0,0,0,0.090909,0,0,0,0,0,0.18182,0,0,0,0,0,0.18182,0.090909,0.090909,0,0
0.10526,0.026316,0.026316,0.026316,0,0,0.026316,0,0,0,0,0,0.026316,0.026316,0,0,0.078947,0.026316,0.026316,0,0,0,0,0,0,0.052632,0,0,0,0.052632,0,0,0,0.026316,0,0.052632,0.026316,0,0,0,0.026316,0.026316,0.026316,0,0,0,0.026316,0,0,0.026316,0,0,0,0,0.078947,0,0.026316,0.026316,0.026316,0,0.026316,0,0.026316,0.052632
0.095238,0,0,0.047619,0,0.047619,0.047619,0,0,0.095238,0,0,0,0,0,0.047619,0,0.095238,0,0,0.047619,0,0,0.047619,0,0,0,0,0,0,0.047619,0,0,0,0,0,0,0,0,0,0,0,0,0,0,0,0,0,0,0,0.047619,0,0.095238,0.047619,0,0,0,0.14286,0,0,0,0,0.047619,0
0.08,0,0,0.04,0,0,0,0,0,0.08,0.04,0,0.04,0,0.04,0.04,0.04,0.04,0,0,0.04,0.08,0.04,0,0.08,0,0.04,0,0.04,0,0,0,0,0,0,0,0,0.04,0,0,0.04,0,0,0,0,0,0.04,0,0,0.04,0,0,0,0,0,0,0,0.08,0,0,0,0,0,0
0.15,0,0.025,0.025,0.05,0,0.025,0,0.025,0,0,0.025,0.025,0,0.025,0,0,0.025,0.025,0,0,0,0,0,0,0.025,0.05,0,0,0,0.025,0.025,0.025,0.025,0,0,0.025,0,0.05,0,0,0.025,0,0.025,0,0,0.025,0,0.05,0.025,0.025,0,0,0.025,0.05,0,0,0,0,0,0,0,0,0.075
0.083333,0,0,0,0.083333,0,0,0,0,0,0,0.083333,0,0,0,0,0,0,0,0,0,0,0,0,0,0,0.083333,0,0,0,0,0,0.083333,0,0,0,0.083333,0.16667,0,0,0,0,0,0,0.083333,0,0,0,0,0,0,0.083333,0,0,0,0,0,0.083333,0.083333,0,0,0,0,0
0.052632,0,0,0.052632,0,0,0,0,0.052632,0.052632,0,0,0,0,0,0,0.052632,0,0,0,0,0,0,0,0.052632,0,0,0,0,0,0.10526,0.10526,0.10526,0,0.052632,0.052632,0,0,0,0,0,0,0.052632,0,0,0,0,0,0,0,0.052632,0,0.10526,0,0,0,0.052632,0,0,0,0,0,0,0
0,0,0,0,0,0.090909,0,0,0.090909,0,0,0,0,0,0.090909,0,0.090909,0.090909,0,0,0.090909,0,0.090909,0,0,0,0,0,0.090909,0,0.090909,0,0,0,0,0,0,0,0,0,0,0,0,0,0,0,0,0,0,0,0,0,0,0,0.090909,0,0.090909,0,0,0,0,0,0,0
0.027027,0.027027,0,0.027027,0.054054,0,0,0,0,0,0,0,0.027027,0.027027,0.027027,0,0.027027,0.027027,0.054054,0,0.027027,0,0.027027,0,0,0,0.081081,0,0.027027,0,0,0,0.027027,0,0.054054,0,0,0.027027,0,0,0,0.027027,0,0.027027,0,0,0,0.054054,0,0,0,0.027027,0.027027,0.027027,0,0,0,0.027027,0.054054,0,0.054054,0,0.081081,0
0.017857,0,0.053571,0.017857,0.089286,0,0,0.017857,0.053571,0.035714,0,0,0,0,0,0,0.017857,0.017857,0,0,0.035714,0,0,0.017857,0.017857,0,0.017857,0,0.053571,0,0.017857,0,0.017857,0.017857,0.017857,0,0.16071,0.035714,0.017857,0,0.017857,0.035714,0.017857,0.017857,0,0,0,0.035714,0,0,0,0,0.017857,0.017857,0,0,0.017857,0.017857,0,0,0.017857,0,0,0.035714
0.014286,0.057143,0,0,0.028571,0.014286,0.014286,0.042857,0,0.028571,0.014286,0,0,0.042857,0,0.014286,0,0.014286,0.028571,0,0.014286,0.014286,0,0,0.028571,0,0.028571,0.014286,0,0.014286,0.028571,0,0,0,0,0.014286,0.042857,0.028571,0.028571,0,0,0,0.014286,0,0,0.057143,0.014286,0.057143,0,0,0,0,0,0.014286,0.014286,0.014286,0.014286,0.014286,0.071429,0.014286,0.028571,0.028571,0.057143,0.014286
0.0625,0.125,0,0,0.03125,0.03125,0.03125,0,0.03125,0,0,0,0,0,0,0.03125,0,0,0,0.03125,0.03125,0,0.03125,0,0,0.0625,0,0.03125,0,0,0,0,0,0,0,0,0,0,0.03125,0,0.03125,0.03125,0.03125,0,0.0625,0,0,0.03125,0,0.0625,0,0,0.03125,0,0,0,0.03125,0,0,0,0,0.03125,0.03125,0.0625
0,0.083333,0,0,0,0,0,0,0,0,0,0,0,0.083333,0,0,0.083333,0,0.083333,0,0,0,0.16667,0,0.083333,0,0,0,0,0,0.083333,0,0,0,0,0,0,0,0,0,0,0,0,0,0,0.16667,0,0,0,0,0,0,0,0,0,0,0.083333,0,0,0,0,0,0.083333,0
0,0,0,0,0,0,0,0,0,0,0,0,0,0.2,0,0,0,0,0,0,0.1,0,0,0,0,0.1,0,0,0,0,0,0,0.1,0,0,0,0,0.1,0.1,0.1,0,0,0,0,0,0,0,0,0,0,0,0,0,0,0,0,0,0,0,0,0,0.1,0,0.1
0.1875,0.03125,0,0.03125,0.03125,0,0,0,0,0.03125,0,0,0.03125,0.03125,0.03125,0,0.0625,0,0,0,0,0,0,0,0.03125,0.03125,0,0,0.03125,0,0,0.03125,0.03125,0,0,0.03125,0,0,0,0,0,0,0.03125,0,0,0.03125,0,0.03125,0.125,0,0,0,0.0625,0,0,0,0.03125,0,0,0,0.03125,0,0,0
0,0,0,0.0625,0.0625,0,0,0.0625,0,0,0,0,0,0,0,0.0625,0.1875,0.0625,0,0,0,0,0.0625,0,0,0,0,0,0,0,0,0,0,0,0,0,0,0,0,0.0625,0,0,0,0.0625,0,0.0625,0,0,0.0625,0,0,0.0625,0,0,0,0,0,0,0.0625,0,0,0,0,0.0625
0,0.090909,0,0,0.090909,0,0.030303,0.030303,0,0,0.030303,0,0,0,0,0,0.060606,0.030303,0.060606,0,0.030303,0.030303,0.030303,0,0,0,0.030303,0,0,0,0,0,0.12121,0,0,0,0.12121,0,0.060606,0.030303,0,0,0,0,0,0,0.030303,0,0,0,0,0,0,0,0.030303,0,0,0,0.030303,0,0,0,0.030303,0
0,0.034483,0.034483,0,0.034483,0,0,0.068966,0,0,0,0.068966,0,0,0,0,0,0,0.10345,0,0.034483,0.034483,0.068966,0,0,0.068966,0,0.034483,0,0,0.034483,0,0.034483,0.034483,0,0,0.034483,0,0.068966,0,0,0,0,0,0.068966,0,0,0,0,0,0,0,0,0,0.068966,0,0.034483,0,0.034483,0,0,0,0,0
0,0.047619,0.095238,0,0,0,0.047619,0,0,0,0,0,0.047619,0,0.047619,0,0.047619,0,0,0,0,0,0,0,0.047619,0,0,0,0,0,0,0,0,0,0,0,0,0,0.047619,0.047619,0.047619,0,0,0.047619,0,0,0,0.047619,0.047619,0,0,0.047619,0,0.047619,0,0,0.047619,0,0,0.095238,0,0.047619,0.047619,0
0.0625,0,0,0,0.0625,0,0,0,0,0.0625,0,0,0,0,0,0.0625,0,0,0.0625,0.0625,0,0,0.0625,0,0,0.0625,0.125,0,0,0,0.0625,0,0,0,0,0,0,0,0,0,0,0,0,0.0625,0.0625,0,0,0,0,0,0,0,0.0625,0,0,0,0,0,0,0,0,0,0,0.125
0.090909,0,0,0.090909,0,0,0,0.090909,0,0,0,0,0,0,0,0,0,0,0,0,0,0,0,0,0,0,0,0,0,0.090909,0,0,0,0,0,0,0.090909,0,0,0,0.090909,0,0,0,0,0.090909,0,0,0,0,0,0,0,0,0,0,0.090909,0,0.090909,0,0,0.090909,0.090909,0
0.05,0,0.05,0.05,0,0,0,0,0,0.05,0,0.05,0,0,0,0,0,0,0.05,0,0,0.05,0.1,0,0,0.05,0,0,0,0,0,0,0,0,0,0.05,0,0,0.05,0.05,0,0,0,0,0.05,0,0.1,0,0,0,0,0,0,0,0,0,0,0.1,0,0,0,0,0.1,0
0,0,0,0,0.043478,0,0,0,0,0,0,0,0,0.043478,0.043478,0,0.086957,0,0,0,0.043478,0.043478,0,0,0,0.043478,0,0.086957,0,0,0,0.043478,0.043478,0,0,0.043478,0,0,0,0,0,0,0,0,0,0,0.13043,0.043478,0.043478,0,0,0,0,0,0.043478,0,0,0,0.043478,0,0.043478,0,0,0.086957
0.11765,0.058824,0,0,0.058824,0,0.058824,0.058824,0,0,0,0,0,0,0,0.058824,0,0,0,0,0.058824,0.11765,0.058824,0,0,0,0,0,0,0,0,0,0,0.058824,0,0.058824,0,0,0,0.058824,0,0,0,0,0,0.058824,0,0,0,0,0.058824,0,0,0,0,0,0,0,0,0,0,0,0,0.058824
0.055556,0,0,0,0,0,0,0,0.055556,0.055556,0,0,0,0,0,0.055556,0.055556,0.055556,0.055556,0,0.055556,0,0,0.055556,0,0,0,0,0,0,0,0,0.055556,0.055556,0,0,0,0,0,0,0,0,0,0,0.055556,0,0,0,0.055556,0,0,0.055556,0,0,0.055556,0,0,0,0,0,0,0.055556,0.055556,0.055556
0.090909,0.030303,0,0,0,0.060606,0,0.030303,0,0,0,0,0.030303,0,0.060606,0,0.030303,0.060606,0,0.030303,0,0,0,0,0.090909,0,0,0,0,0,0,0.030303,0.060606,0,0,0,0,0.030303,0,0,0.030303,0,0,0.030303,0,0,0,0.060606,0.030303,0,0,0.060606,0,0.060606,0,0,0,0,0,0.060606,0,0,0,0.030303
0,0.071429,0.071429,0.071429,0.21429,0.071429,0,0,0.071429,0,0,0,0,0,0,0,0.071429,0.071429,0,0,0,0.071429,0,0,0,0.071429,0,0,0,0,0,0,0,0,0,0,0.071429,0,0,0,0,0,0,0,0,0,0,0,0,0,0,0,0,0,0,0,0,0,0,0,0,0,0,0.071429
0,0.043478,0,0.043478,0,0.043478,0,0,0,0,0,0,0,0,0,0,0,0.086957,0.043478,0,0,0,0,0,0.043478,0,0,0.043478,0,0,0,0,0,0,0,0,0.043478,0,0,0.086957,0,0,0,0,0,0,0,0.043478,0,0,0,0,0.043478,0.043478,0.086957,0,0.043478,0,0.043478,0,0,0.086957,0,0.13043
0,0,0,0,0,0,0,0.066667,0,0.066667,0,0,0,0,0,0.13333,0,0,0,0,0,0.066667,0.066667,0,0,0,0,0,0.066667,0,0,0,0.066667,0,0,0,0,0,0,0,0.066667,0.066667,0,0,0,0,0,0,0,0,0,0.13333,0,0,0.066667,0,0,0.066667,0.066667,0,0,0,0,0
0,0,0,0,0,0,0,0.071429,0,0,0,0,0,0,0,0.14286,0.14286,0,0,0,0,0,0.071429,0,0,0,0.071429,0.14286,0,0,0,0,0,0,0,0,0,0,0,0,0,0,0,0.071429,0,0,0,0,0,0,0.071429,0,0,0,0.071429,0.14286,0,0,0,0,0,0,0,0
0.0625,0,0,0.0625,0.0625,0,0.125,0.0625,0,0,0,0,0.0625,0.0625,0,0.0625,0,0,0,0,0.0625,0,0,0,0,0.0625,0,0.125,0,0,0,0,0,0,0,0,0,0,0.0625,0,0,0,0,0,0,0,0.0625,0,0,0,0,0,0,0,0,0,0,0,0,0,0.0625,0,0,0
0,0.071429,0.071429,0,0,0,0,0,0,0,0,0.071429,0.071429,0.071429,0,0,0,0,0,0,0,0,0,0.071429,0,0,0,0,0,0,0,0,0,0.071429,0,0,0,0,0,0,0.071429,0,0,0,0,0,0,0.071429,0,0.071429,0,0,0.14286,0,0,0,0,0,0,0,0,0.071429,0,0.071429
0,0,0.066667,0,0,0,0.066667,0,0,0.13333,0,0.13333,0,0.13333,0,0,0,0,0.13333,0,0,0,0,0,0,0,0,0,0,0,0,0,0,0,0,0,0,0.066667,0,0.066667,0,0,0,0,0,0,0,0,0,0.066667,0,0.066667,0.066667,0,0,0,0,0,0,0,0,0,0,0
0,0,0,0,0,0,0.0625,0.0625,0,0.0625,0,0,0.0625,0,0,0,0,0,0,0,0,0,0,0,0,0,0,0,0,0,0,0,0,0.0625,0.0625,0,0.125,0,0.125,0.0625,0,0,0.0625,0.0625,0,0,0,0.0625,0,0,0,0,0.0625,0,0,0,0,0,0,0.0625,0,0,0,0
0.055556,0,0,0.055556,0,0,0,0,0,0.055556,0,0,0,0.055556,0.055556,0,0,0,0,0,0,0.055556,0.11111,0,0,0.055556,0,0.055556,0,0.055556,0,0,0.055556,0,0,0.055556,0,0,0.055556,0,0.055556,0,0,0,0,0,0.055556,0,0,0,0,0,0,0,0.055556,0,0.055556,0,0,0,0,0,0,0
0.076923,0,0.038462,0,0,0,0,0,0,0.038462,0,0,0,0,0,0.038462,0,0,0.038462,0.038462,0.038462,0,0,0,0.038462,0.038462,0.038462,0,0,0.076923,0,0.038462,0,0.038462,0.038462,0,0.038462,0,0,0.038462,0,0.038462,0,0.038462,0,0,0.038462,0,0.038462,0,0,0.038462,0.038462,0,0,0,0.038462,0,0,0,0,0.038462,0,0
0,0,0.090909,0,0,0,0,0.090909,0,0,0,0,0,0,0,0,0,0.090909,0,0,0,0.090909,0,0,0,0,0,0,0,0,0,0,0,0,0,0,0.090909,0,0,0,0,0.090909,0,0.090909,0,0.090909,0,0.090909,0,0,0,0,0,0,0,0,0,0.090909,0,0,0,0.090909,0,0
0,0,0.021277,0,0.021277,0.021277,0.042553,0,0,0.021277,0.042553,0,0.021277,0.021277,0,0.021277,0.042553,0.021277,0.06383,0.042553,0.042553,0.042553,0.042553,0,0,0.021277,0.021277,0.021277,0,0,0.021277,0,0,0.06383,0,0,0.021277,0,0.042553,0.021277,0.021277,0,0,0,0,0.042553,0,0,0,0,0,0,0.042553,0,0.021277,0.021277,0,0,0.021277,0.021277,0.021277,0,0.021277,0
0,0,0,0,0,0,0,0.052632,0,0,0,0,0,0,0,0,0,0,0,0.052632,0,0,0,0,0,0.052632,0,0,0,0.052632,0,0,0.052632,0.052632,0.15789,0,0,0,0.15789,0,0,0.052632,0,0,0,0,0.052632,0,0.052632,0,0.052632,0,0,0,0,0,0,0.052632,0,0,0.052632,0,0.052632,0
0,0,0,0,0.034483,0,0,0,0,0,0,0,0,0,0,0,0.034483,0,0.068966,0,0.034483,0.034483,0,0,0,0,0.034483,0.034483,0,0,0,0.034483,0,0,0.034483,0,0,0.034483,0.034483,0,0,0.034483,0,0,0.034483,0.034483,0.068966,0,0,0,0,0.034483,0,0,0,0,0.10345,0.034483,0.034483,0.068966,0.034483,0.068966,0,0.034483
0.066667,0,0,0,0,0,0,0,0,0,0,0,0,0,0,0,0,0,0,0.066667,0.066667,0,0,0,0.066667,0.066667,0.13333,0,0,0,0,0,0,0,0,0,0,0,0,0,0,0,0.066667,0,0.066667,0,0,0,0,0,0,0.066667,0,0,0,0.066667,0,0.066667,0.066667,0,0,0.066667,0,0.066667
0.05,0,0.05,0,0.05,0,0.05,0,0,0.1,0,0.05,0,0,0,0,0.05,0,0,0.05,0,0,0.05,0,0,0,0.15,0,0,0,0,0.05,0,0,0,0,0,0.05,0.05,0,0,0.05,0,0,0,0,0,0,0.05,0,0.05,0,0,0,0,0,0,0,0,0,0,0,0.05,0
0.029412,0,0,0.029412,0.029412,0,0.029412,0.029412,0,0,0,0.029412,0,0,0,0,0,0,0,0,0,0,0,0,0,0.029412,0,0.029412,0,0,0.058824,0.029412,0.029412,0,0.029412,0.029412,0,0,0.029412,0.029412,0,0.029412,0,0,0,0,0.058824,0,0.058824,0.029412,0.029412,0.029412,0,0,0,0,0.029412,0.029412,0,0.058824,0,0.088235,0.029412,0.058824
0.052632,0.10526,0,0,0,0.052632,0,0,0.052632,0,0,0,0,0.052632,0,0.052632,0.10526,0.052632,0,0,0,0,0,0,0.052632,0,0,0,0,0,0,0,0.052632,0,0.10526,0,0,0,0.052632,0,0.052632,0,0,0,0,0,0,0,0,0,0,0.052632,0,0,0,0,0.052632,0,0.052632,0,0,0,0,0
0.055556,0,0,0,0,0.055556,0.055556,0,0,0.055556,0,0,0,0,0,0,0,0,0,0,0,0,0.055556,0,0,0.16667,0,0.055556,0,0,0,0,0,0.055556,0,0,0,0.055556,0,0,0,0,0,0,0.055556,0,0,0.055556,0.055556,0,0,0,0,0,0,0,0.11111,0,0,0.055556,0,0,0.055556,0
0,0.18182,0,0,0,0,0,0,0,0,0,0.090909,0.090909,0.090909,0,0,0,0,0,0,0,0.090909,0.090909,0,0,0.18182,0.090909,0,0,0,0,0,0,0,0,0,0,0,0,0,0,0,0,0,0,0,0,0,0,0,0,0,0,0,0,0,0,0,0,0,0,0,0.090909,0
0,0.038462,0,0.038462,0,0,0.038462,0,0.038462,0.038462,0.038462,0.038462,0,0,0,0.038462,0,0,0,0,0,0.038462,0,0,0.038462,0,0.038462,0,0,0,0,0,0.038462,0,0,0,0.076923,0.038462,0.038462,0,0.038462,0,0.038462,0.038462,0,0.076923,0,0,0.038462,0,0,0.038462,0.038462,0,0,0.038462,0,0,0,0,0,0,0.038462,0
0.041667,0.020833,0.020833,0.020833,0,0,0,0,0,0.020833,0.020833,0.020833,0,0.020833,0.041667,0.0625,0.041667,0,0.041667,0.041667,0,0.020833,0,0,0,0,0,0,0.020833,0,0,0.041667,0.020833,0.020833,0,0.020833,0.020833,0.020833,0,0,0,0.020833,0.041667,0,0.020833,0,0,0.041667,0.020833,0,0,0.020833,0.041667,0,0,0,0.041667,0,0,0.020833,0.041667,0.041667,0,0.041667
0,0,0,0,0,0,0,0,0.076923,0,0.076923,0,0,0,0,0.076923,0,0.076923,0,0,0,0,0,0,0,0,0,0,0,0,0,0,0,0,0,0,0,0,0,0,0,0,0,0,0,0,0,0,0.23077,0,0,0.23077,0,0,0,0,0.076923,0,0,0.076923,0,0,0,0.076923
0,0.11111,0,0,0,0.055556,0,0,0,0,0,0,0,0.055556,0,0,0,0,0.055556,0,0,0,0.055556,0,0,0,0.055556,0,0,0,0,0,0.055556,0,0,0,0.16667,0.11111,0,0,0,0,0,0,0,0,0,0,0,0,0.055556,0.055556,0,0,0.055556,0,0.055556,0,0.055556,0,0,0,0,0
0,0,0,0,0,0,0,0.083333,0,0,0,0,0.083333,0,0,0,0,0,0,0,0,0,0,0,0,0,0,0,0,0,0,0,0,0,0,0,0.083333,0.16667,0,0,0,0.083333,0,0,0,0,0.083333,0,0,0,0,0,0,0,0,0.083333,0.083333,0,0,0.16667,0.083333,0,0,0
0,0.1,0,0,0,0,0,0,0,0,0,0,0,0,0,0,0,0.1,0,0,0,0,0,0,0,0,0,0.1,0,0,0,0,0,0,0,0.1,0,0,0,0,0,0,0,0.1,0,0.1,0.1,0,0,0.1,0,0,0,0,0,0,0,0,0,0.1,0,0.1,0,0
0,0,0.1,0,0.033333,0,0.033333,0,0.033333,0.033333,0.1,0.033333,0,0.13333,0,0.033333,0,0,0.13333,0,0,0,0,0,0,0.033333,0,0,0.033333,0,0,0,0,0,0.066667,0.033333,0.033333,0.033333,0,0,0.033333,0,0,0,0,0,0,0,0,0,0.033333,0,0.033333,0,0,0,0,0,0,0,0,0,0,0
0.041667,0.0625,0.0625,0,0.020833,0,0,0,0,0.020833,0.020833,0,0,0,0,0.041667,0.020833,0.020833,0.020833,0,0,0,0,0,0.020833,0,0.020833,0,0,0,0.020833,0,0.0625,0.020833,0,0,0.041667,0,0,0.041667,0,0.041667,0,0,0,0.041667,0.083333,0,0.0625,0,0,0,0.020833,0,0.020833,0,0,0.041667,0,0.020833,0,0.020833,0,0.083333
0.033333,0,0.033333,0,0,0,0,0,0,0,0.033333,0,0,0,0,0.033333,0.066667,0,0,0,0,0,0,0.033333,0,0,0,0,0,0.066667,0.033333,0.033333,0,0,0,0,0,0,0.033333,0,0.033333,0.033333,0,0,0,0,0.033333,0.033333,0.13333,0.1,0.033333,0.033333,0.033333,0,0.033333,0,0,0.033333,0,0.033333,0,0.033333,0,0
0.055556,0.055556,0,0.055556,0.055556,0,0,0,0,0,0,0.055556,0.055556,0,0,0,0,0,0.055556,0,0.055556,0,0,0,0,0.055556,0,0,0,0,0,0,0,0.055556,0,0,0.11111,0,0.055556,0,0,0,0,0.055556,0,0,0.055556,0,0,0,0,0.055556,0,0,0,0,0,0.055556,0.055556,0,0,0,0,0
0.13636,0,0,0.090909,0,0,0,0,0,0.045455,0.045455,0,0,0,0,0,0.090909,0,0,0,0,0,0,0,0,0.045455,0,0,0,0,0,0,0.045455,0,0.045455,0,0.090909,0.090909,0.045455,0,0,0.045455,0,0,0,0,0,0,0,0,0,0,0.045455,0,0,0,0.045455,0,0,0.045455,0,0,0.045455,0
0.06,0,0,0.02,0.02,0,0.02,0,0.06,0,0,0.04,0,0.02,0,0.06,0.06,0.02,0,0,0,0,0,0,0.06,0,0.02,0,0,0,0.02,0,0.02,0,0,0,0.02,0.02,0.04,0,0.04,0.02,0,0,0.04,0,0.02,0.04,0.02,0,0,0,0,0,0.08,0,0,0,0,0.06,0.08,0,0.02,0
0,0.043478,0,0,0,0,0.043478,0.086957,0,0,0,0,0,0.086957,0,0,0.043478,0,0,0,0,0,0,0,0,0,0,0,0,0.043478,0,0,0.043478,0.043478,0,0.043478,0,0,0,0,0,0,0,0.043478,0,0,0.043478,0,0,0,0,0,0,0,0.086957,0.043478,0.043478,0.043478,0,0.086957,0,0,0.086957,0.043478
0.30435,0.086957,0.043478,0,0.043478,0,0,0,0,0,0,0,0,0,0,0.043478,0.086957,0.043478,0,0,0,0.043478,0,0,0,0,0,0,0,0.043478,0.043478,0,0,0,0,0,0,0,0,0.043478,0,0,0,0,0,0,0,0,0.086957,0,0,0,0,0,0.086957,0,0,0,0,0,0,0,0,0
0,0,0,0,0,0,0,0,0.11765,0.17647,0,0,0.058824,0,0,0,0,0,0.058824,0,0,0,0,0,0.058824,0.058824,0,0,0.058824,0,0,0,0,0,0.058824,0,0,0,0,0,0,0,0,0,0,0,0,0,0,0.17647,0.058824,0,0,0,0,0,0.058824,0,0.058824,0,0,0,0,0
0.05,0.05,0,0,0,0,0,0,0,0,0,0,0,0,0.05,0,0.05,0,0.05,0,0,0,0,0.05,0,0,0.05,0,0,0,0,0,0,0,0,0.05,0,0,0,0.05,0,0.1,0,0,0.05,0.1,0,0.05,0.05,0,0,0,0.1,0.05,0,0.05,0,0,0,0,0,0,0,0
0,0,0,0.1,0,0,0,0,0,0,0,0.1,0.1,0,0,0.1,0,0.1,0.1,0,0,0,0,0,0,0,0,0,0,0,0,0,0,0,0,0,0,0.1,0,0,0,0,0.1,0,0,0,0,0,0,0,0,0,0,0,0,0,0,0.1,0,0,0,0,0,0.1
0.038462,0,0,0.038462,0,0,0,0,0,0,0,0,0.076923,0.038462,0,0,0.076923,0,0,0,0,0,0,0,0.038462,0.038462,0.038462,0,0.038462,0.038462,0.076923,0,0,0.038462,0,0,0,0,0.076923,0.038462,0,0,0,0.038462,0,0,0,0.038462,0,0,0,0.076923,0,0,0,0,0,0,0,0.076923,0,0,0.038462,0.038462
0,0.033333,0.1,0,0.066667,0,0.1,0.033333,0,0,0,0,0,0.033333,0.033333,0,0.033333,0.066667,0,0.033333,0,0,0,0,0,0,0,0,0,0.033333,0.033333,0,0,0,0,0.033333,0,0,0,0,0,0.066667,0.033333,0,0.033333,0,0,0,0.033333,0.033333,0,0,0,0,0.033333,0,0,0.033333,0,0.033333,0,0.033333,0,0.033333
0.033898,0.033898,0,0.016949,0,0.050847,0,0,0.016949,0.10169,0,0,0.050847,0.050847,0,0.016949,0.050847,0.016949,0.016949,0.016949,0.050847,0,0.033898,0,0,0.033898,0.016949,0.016949,0,0.016949,0,0.016949,0,0.033898,0,0,0,0.033898,0.033898,0.016949,0,0,0,0,0.016949,0,0,0,0.016949,0,0,0.016949,0,0.016949,0,0.016949,0.016949,0.016949,0,0,0.016949,0.050847,0.033898,0
0.022727,0.022727,0,0.022727,0,0.022727,0,0.022727,0.022727,0.022727,0,0.022727,0.022727,0,0,0,0,0.15909,0.068182,0,0.022727,0.022727,0.045455,0.022727,0,0.15909,0,0,0,0.022727,0.022727,0,0,0,0,0,0,0,0.022727,0,0,0,0,0,0,0.045455,0,0,0,0.045455,0.045455,0,0,0,0.022727,0,0,0.045455,0,0,0,0,0,0.022727
0,0,0,0.11765,0.058824,0.058824,0,0,0,0,0,0,0,0,0.058824,0,0,0.058824,0,0,0,0,0,0,0,0,0,0,0,0,0,0,0.058824,0,0,0,0,0,0,0,0,0,0,0.058824,0,0,0,0.058824,0,0.11765,0,0,0,0,0,0,0,0.058824,0.058824,0,0.058824,0.11765,0,0.058824
0,0,0,0,0,0,0.022222,0,0,0.022222,0.022222,0,0,0.088889,0.044444,0,0,0,0,0,0.022222,0.022222,0,0,0,0,0,0,0,0.066667,0.022222,0,0,0,0,0.022222,0,0.022222,0.022222,0.022222,0.022222,0.044444,0,0.022222,0,0.088889,0.022222,0,0,0,0,0,0.044444,0.044444,0,0.066667,0,0,0.088889,0.022222,0,0.022222,0.044444,0.044444
0.029412,0.029412,0,0,0,0,0,0.029412,0,0,0,0,0,0,0,0,0.41176,0.058824,0,0.029412,0.029412,0,0,0.029412,0.058824,0.029412,0,0,0.029412,0.029412,0.058824,0,0,0,0,0,0.029412,0.029412,0,0,0,0,0,0,0,0,0,0,0.029412,0,0,0,0,0,0,0,0,0,0,0.029412,0,0,0,0.029412
0,0,0.066667,0,0,0,0,0.066667,0,0.066667,0,0.066667,0,0,0,0,0,0,0.066667,0,0.066667,0,0,0,0.066667,0.13333,0,0,0,0,0,0,0,0,0,0,0.066667,0.13333,0,0,0,0,0,0,0,0,0.066667,0,0.13333,0,0,0,0,0,0,0,0,0,0,0,0,0,0,0
0,0.090909,0.090909,0,0,0,0.090909,0,0,0,0.090909,0,0,0,0,0,0,0,0,0,0,0,0.090909,0,0,0,0,0,0,0.090909,0,0,0.090909,0,0,0,0,0,0,0,0,0,0,0.090909,0,0,0,0,0,0,0,0,0,0,0,0.090909,0,0,0,0,0,0,0.090909,0.090909
0,0,0.076923,0.076923,0.076923,0,0,0,0,0,0,0,0,0.076923,0,0,0.15385,0,0,0,0.076923,0.076923,0,0,0.076923,0.076923,0,0,0,0,0,0,0,0,0,0,0,0,0,0,0,0,0,0,0.076923,0,0.076923,0,0,0,0.076923,0,0,0,0,0,0,0,0,0,0,0,0,0
0.083333,0,0.055556,0,0,0,0,0,0.11111,0,0.027778,0,0.027778,0,0,0,0.027778,0,0,0.027778,0.027778,0,0,0.027778,0,0.083333,0.027778,0,0,0,0.027778,0.027778,0.027778,0.027778,0,0.027778,0.027778,0,0.027778,0.027778,0.027778,0,0,0,0,0,0.027778,0,0,0,0,0,0,0.055556,0.055556,0,0.055556,0.027778,0,0,0,0,0,0
0,0,0,0,0,0,0,0,0,0,0,0,0,0,0,0,0,0.5,0,0,0,0,0,0.083333,0,0.083333,0,0,0,0.083333,0.083333,0,0,0,0,0,0,0,0,0,0,0,0,0,0,0,0,0,0,0,0,0.083333,0,0,0,0,0,0,0,0,0,0.083333,0,0
0,0.083333,0.083333,0,0,0,0,0,0,0,0,0,0.083333,0,0,0,0,0,0.16667,0,0,0,0,0,0.083333,0,0,0,0,0,0,0,0,0,0,0,0.083333,0,0,0,0,0,0,0,0,0,0,0,0,0,0.083333,0.083333,0,0,0,0,0.083333,0.083333,0,0,0,0,0.083333,0
0,0.14286,0.071429,0,0,0.071429,0,0,0.071429,0,0,0,0,0,0,0.071429,0,0,0,0,0,0,0,0,0,0,0,0,0,0,0,0.071429,0,0,0,0,0,0,0,0,0,0,0,0,0,0,0,0,0.21429,0,0,0,0.071429,0,0,0,0,0.071429,0.071429,0,0,0.071429,0,0
0,0,0,0,0,0.043478,0,0,0,0,0,0,0,0,0,0,0,0.043478,0,0.086957,0,0,0,0,0,0,0.043478,0.043478,0,0.043478,0,0,0,0,0,0,0,0.043478,0.043478,0,0,0.043478,0,0,0.043478,0.043478,0.13043,0.086957,0,0.043478,0,0,0,0,0,0.043478,0,0.043478,0,0.086957,0,0,0,0.043478
0.13043,0,0.043478,0.043478,0,0,0,0,0,0,0,0,0,0,0.043478,0.043478,0,0,0,0,0,0,0,0,0,0,0,0,0,0,0,0,0.043478,0,0,0,0.13043,0.043478,0,0.043478,0,0,0,0,0,0.043478,0,0,0.043478,0,0,0.043478,0,0.043478,0.043478,0,0,0.086957,0,0,0.043478,0,0.043478,0.043478
0.05,0.05,0,0,0,0,0,0,0,0,0,0,0,0.05,0.05,0.1,0,0,0.1,0,0,0,0,0,0,0.05,0.05,0,0,0,0,0,0,0,0,0,0.1,0,0,0.05,0,0.05,0,0,0,0.05,0.05,0.05,0,0,0,0,0,0,0,0,0.05,0,0.05,0,0,0,0.05,0
0,0,0.0625,0,0.0625,0,0.0625,0,0,0,0,0,0,0,0,0,0.125,0,0,0,0,0,0,0.0625,0,0,0,0,0,0.0625,0,0,0,0,0,0,0.0625,0,0.125,0,0,0,0.0625,0,0,0,0,0,0,0,0,0,0.125,0,0.125,0,0,0,0,0,0.0625,0,0,0
0.086957,0.043478,0,0,0.043478,0,0,0,0,0,0,0,0,0.043478,0,0,0.13043,0,0.086957,0,0,0,0,0,0,0.043478,0,0,0,0,0.043478,0,0,0,0.043478,0,0.043478,0.043478,0.043478,0,0,0.086957,0,0,0,0,0,0,0,0,0,0,0,0,0.043478,0,0,0,0.13043,0,0,0,0.043478,0
0.21739,0.086957,0,0.043478,0,0.043478,0,0,0.086957,0.043478,0,0,0,0,0,0,0.043478,0.043478,0,0,0,0.043478,0.043478,0,0.043478,0,0,0,0,0,0,0,0,0.043478,0,0,0.043478,0,0,0,0,0,0,0,0,0,0,0,0.043478,0,0.086957,0,0,0,0,0,0,0,0,0,0,0,0.043478,0
0,0,0.076923,0.076923,0,0,0,0,0.076923,0,0.076923,0,0,0.076923,0,0,0,0,0,0,0,0,0.076923,0,0,0,0,0,0,0,0.076923,0,0,0,0,0,0,0,0.076923,0,0,0,0,0,0,0.076923,0,0.076923,0,0,0,0,0,0,0,0,0,0,0.15385,0.076923,0,0,0,0
0.03125,0.03125,0,0,0.03125,0.03125,0.03125,0.03125,0,0,0,0,0.03125,0,0,0,0,0.0625,0,0,0.03125,0,0.03125,0,0.03125,0.0625,0,0.03125,0.03125,0,0,0,0.0625,0.03125,0.03125,0,0.03125,0,0.03125,0,0.0625,0,0,0,0,0,0,0,0.03125,0,0,0,0.0625,0,0.03125,0,0.03125,0.03125,0,0,0,0,0.03125,0.03125
0,0,0,0.055556,0,0,0.027778,0,0,0.027778,0.027778,0,0,0.027778,0.055556,0.055556,0,0.027778,0,0.055556,0.055556,0.027778,0.027778,0,0,0.055556,0,0,0,0,0.055556,0,0,0.027778,0.027778,0,0,0,0.11111,0.027778,0,0,0,0,0,0.027778,0,0,0.027778,0,0,0,0,0.027778,0,0,0.027778,0,0,0,0,0.055556,0.027778,0.027778
0.064516,0,0,0.032258,0,0,0,0,0,0.032258,0,0,0,0,0.032258,0,0.12903,0,0.032258,0,0,0,0,0,0.064516,0,0,0.032258,0.032258,0,0,0.032258,0,0,0.032258,0.032258,0.032258,0.064516,0.032258,0.064516,0,0.032258,0,0,0.032258,0,0.032258,0.032258,0,0,0,0,0,0,0,0,0.032258,0.032258,0,0,0.032258,0.032258,0,0
0.083333,0.083333,0.083333,0.041667,0.083333,0,0,0,0,0,0,0,0,0,0,0,0.041667,0.083333,0.041667,0,0.041667,0,0,0,0,0,0,0.041667,0,0,0,0,0,0,0,0,0.041667,0,0,0,0,0,0,0,0,0.041667,0.041667,0,0,0,0,0,0.083333,0,0.041667,0,0,0.041667,0,0,0,0,0.041667,0.041667
0.052632,0,0,0.052632,0,0,0,0,0.052632,0.10526,0,0.052632,0,0,0,0,0,0,0,0,0,0,0.052632,0,0,0,0,0.052632,0,0,0,0,0,0,0,0,0.052632,0,0.052632,0,0.052632,0,0,0,0.10526,0,0.10526,0,0,0,0.052632,0,0,0,0,0,0.052632,0,0,0.052632,0,0,0.052632,0
0.043478,0,0,0,0,0.021739,0.021739,0,0.021739,0.021739,0.021739,0,0.043478,0.021739,0.043478,0,0.065217,0,0,0,0.021739,0.021739,0.043478,0,0.021739,0,0.043478,0.021739,0,0.021739,0,0.043478,0,0.043478,0.021739,0,0.021739,0,0,0,0,0.021739,0.021739,0,0,0.043478,0.043478,0,0,0.043478,0.021739,0,0.021739,0.021739,0.021739,0,0.043478,0,0,0,0,0.021739,0,0.021739
0.022222,0.022222,0.044444,0.044444,0.022222,0.022222,0,0.022222,0,0,0,0,0,0.044444,0,0,0.066667,0.044444,0,0,0.11111,0.066667,0,0,0.022222,0,0,0,0,0.044444,0.022222,0,0,0,0,0,0,0.022222,0,0,0.022222,0,0.022222,0,0,0,0.044444,0.022222,0.022222,0,0,0,0.022222,0.044444,0,0,0.022222,0.022222,0.022222,0.022222,0.022222,0,0.022222,0.022222
0.023256,0.023256,0.046512,0,0.046512,0,0.046512,0,0,0.023256,0,0,0,0,0.023256,0,0.023256,0.023256,0.046512,0,0,0.023256,0.046512,0,0,0.023256,0,0.023256,0,0,0,0,0.023256,0,0.023256,0,0,0,0,0.046512,0.046512,0,0,0,0.023256,0,0,0,0,0.023256,0,0.046512,0,0.093023,0.023256,0.023256,0.023256,0.023256,0.023256,0.023256,0.023256,0,0.023256,0.046512
0,0,0,0.090909,0,0,0,0,0,0,0,0,0.090909,0,0,0,0,0.090909,0,0,0,0,0,0.090909,0.090909,0,0.090909,0,0,0,0,0,0,0,0,0,0,0,0,0,0.090909,0,0,0,0,0,0,0,0.090909,0,0,0,0,0,0,0,0.090909,0.090909,0.090909,0,0,0,0,0
0,0,0.066667,0.066667,0,0,0,0,0,0,0,0,0.066667,0.066667,0,0,0,0,0,0.066667,0,0.066667,0,0,0,0,0,0,0.066667,0,0,0,0,0,0,0,0.066667,0,0,0,0.066667,0,0,0,0,0,0,0.066667,0.066667,0,0,0,0,0,0,0.066667,0.066667,0,0,0,0,0.066667,0.066667,0
0.14286,0.071429,0,0,0,0.071429,0,0,0.14286,0,0,0,0,0,0,0,0.14286,0,0.071429,0,0.071429,0,0,0,0,0,0,0,0,0,0,0.071429,0.071429,0,0,0,0,0.071429,0,0,0,0,0,0,0,0,0,0,0,0,0,0,0,0,0,0,0,0,0,0,0,0,0.071429,0
0,0,0,0,0,0,0,0,0,0,0,0,0,0,0,0.071429,0.14286,0,0,0,0.071429,0,0,0,0,0,0,0,0,0,0,0,0,0.071429,0.071429,0,0,0,0,0,0.071429,0.071429,0,0.071429,0,0,0,0,0,0,0,0,0,0,0.071429,0,0.071429,0,0,0,0,0.071429,0.071429,0.071429
0.076923,0,0,0,0,0,0,0,0,0,0,0.076923,0.076923,0.076923,0,0,0,0,0,0,0,0,0,0,0.076923,0,0,0,0.076923,0,0,0,0,0,0,0,0,0.076923,0,0,0.15385,0,0,0,0,0,0,0,0,0,0,0,0,0,0,0,0,0.076923,0,0,0,0,0,0.23077
0.029412,0,0.029412,0.029412,0.058824,0,0.029412,0,0.058824,0.058824,0,0.029412,0,0,0,0,0,0.029412,0,0,0,0,0,0,0,0,0,0,0,0,0,0,0,0,0.029412,0,0,0,0.029412,0.029412,0,0,0.029412,0.029412,0,0,0.058824,0.088235,0.058824,0,0,0.029412,0.029412,0,0,0,0.058824,0.088235,0.029412,0.058824,0,0,0,0
0.15385,0,0.076923,0,0,0,0,0,0,0,0,0.076923,0,0.076923,0.076923,0.076923,0.076923,0,0,0,0,0,0,0,0,0,0,0,0,0,0,0,0.15385,0,0,0,0,0.15385,0,0,0,0,0,0,0,0,0,0,0.076923,0,0,0,0,0,0,0,0,0,0,0,0,0,0,0
0,0,0.1,0.1,0,0.1,0,0,0,0,0,0.1,0,0,0,0,0,0.2,0,0,0,0,0.1,0,0,0,0,0,0.1,0,0,0,0,0,0,0,0,0,0.1,0,0,0,0,0,0,0,0,0,0.1,0,0,0,0,0,0,0,0,0,0,0,0,0,0,0
0.064516,0,0.032258,0,0.032258,0,0,0.064516,0.032258,0,0,0.032258,0.032258,0.032258,0,0.032258,0,0,0,0,0.032258,0,0.032258,0.032258,0.032258,0.032258,0,0,0.032258,0,0,0,0.032258,0,0,0,0,0,0,0,0.032258,0,0,0,0,0.032258,0,0.032258,0,0,0,0,0.032258,0,0.064516,0,0,0.032258,0,0,0.064516,0,0.032258,0.096774
0.2,0,0,0,0,0,0,0,0,0,0,0.1,0,0,0,0,0,0,0,0,0,0,0,0,0.1,0,0,0,0,0,0,0.1,0,0,0,0,0,0,0,0,0.1,0,0,0,0,0,0,0,0,0,0,0,0.1,0,0.1,0,0,0,0,0,0,0,0,0.2
0,0,0,0,0,0,0,0,0,0,0,0,0,0,0,0.11765,0.058824,0,0.058824,0.058824,0,0,0,0.058824,0,0,0,0,0,0,0.11765,0,0,0,0,0,0,0,0,0,0,0,0,0,0,0,0.11765,0.058824,0,0,0,0,0,0,0.058824,0.058824,0,0,0.058824,0,0,0.058824,0.11765,0
0.15,0,0.1,0.05,0,0,0,0,0,0,0,0,0,0,0,0,0.05,0,0.05,0,0,0,0,0,0.05,0,0,0,0,0,0,0,0,0,0,0,0,0,0.05,0,0,0,0,0.1,0,0,0,0,0.1,0,0,0,0,0.05,0,0,0,0.1,0,0,0.05,0,0.1,0
0,0.076923,0,0,0,0,0,0,0,0.076923,0,0,0,0,0,0,0,0.15385,0,0,0.076923,0,0,0.076923,0.076923,0.076923,0,0,0,0,0,0.076923,0.076923,0,0.076923,0,0,0,0,0,0,0,0,0,0,0,0,0,0,0,0,0,0,0.076923,0,0,0,0,0,0,0,0,0.076923,0
0.021277,0.14894,0,0.021277,0,0,0,0,0.021277,0.12766,0.10638,0,0,0.021277,0,0.021277,0,0.042553,0.042553,0,0,0,0,0,0.021277,0,0.021277,0.021277,0,0,0.042553,0,0,0.021277,0,0,0.021277,0.021277,0.021277,0.021277,0.021277,0,0,0,0,0,0,0,0,0,0,0,0.021277,0,0.021277,0,0.021277,0.06383,0.042553,0,0.021277,0,0,0
0.125,0,0,0,0.125,0,0,0,0,0,0,0,0,0,0,0,0,0,0,0,0,0,0,0,0.125,0,0,0,0,0.125,0,0,0,0.125,0,0,0,0,0.125,0,0.125,0,0,0,0,0,0,0,0,0,0,0,0,0,0,0,0,0,0.125,0,0,0,0,0
0,0,0,0,0,0,0,0,0.083333,0.083333,0.083333,0,0,0,0,0,0.083333,0,0.083333,0,0,0,0,0,0,0,0,0,0,0,0,0,0,0,0,0,0,0,0,0,0.16667,0.16667,0,0,0,0,0,0,0.083333,0,0.083333,0,0.083333,0,0,0,0,0,0,0,0,0,0,0
0.043478,0,0,0,0,0,0,0,0.043478,0,0,0.086957,0,0,0,0,0,0,0,0.043478,0,0,0,0.043478,0,0,0,0,0,0.086957,0,0,0.043478,0,0,0,0,0,0.043478,0.043478,0,0,0,0,0,0,0.13043,0,0,0,0,0,0.043478,0.043478,0.043478,0.043478,0,0.043478,0.043478,0.086957,0,0,0,0.043478
0.045455,0,0,0.045455,0.045455,0,0,0,0,0,0,0,0,0.045455,0,0.045455,0,0,0.045455,0,0,0.045455,0,0,0,0,0,0,0,0,0,0,0,0,0,0,0,0.045455,0,0,0,0,0,0.045455,0,0,0.18182,0,0,0.045455,0,0.045455,0.045455,0.045455,0,0,0,0.045455,0.090909,0,0.090909,0,0,0
0,0,0,0,0,0,0,0,0,0,0,0.05,0.1,0.05,0,0,0.05,0,0,0,0,0.05,0,0,0,0,0,0,0,0,0,0.05,0,0,0,0,0,0,0,0,0,0,0,0,0.05,0,0,0.1,0,0.05,0,0.1,0.05,0,0,0,0,0,0,0,0.05,0,0.1,0.15
0.045455,0,0,0.090909,0.045455,0.045455,0,0,0,0,0.045455,0.045455,0.045455,0,0,0,0,0,0.090909,0.045455,0.090909,0.045455,0,0,0,0,0,0,0,0.045455,0,0.090909,0,0,0,0.045455,0,0,0,0,0,0,0,0.045455,0,0,0,0,0.045455,0,0,0,0.045455,0.045455,0,0,0,0,0,0,0,0,0,0
0.071429,0,0,0.071429,0,0.071429,0.071429,0,0.071429,0,0,0,0.071429,0,0,0,0,0.071429,0,0,0,0,0.14286,0,0,0,0,0,0,0.071429,0,0,0.071429,0,0,0,0,0,0,0,0,0.071429,0,0,0,0,0.071429,0,0,0,0.071429,0,0,0,0,0,0,0,0,0,0,0,0,0
0,0,0.11765,0,0,0.058824,0.058824,0,0,0,0,0.058824,0.11765,0,0,0,0,0.058824,0.058824,0,0.058824,0,0.058824,0,0.058824,0,0,0,0,0,0,0,0,0,0,0,0,0.058824,0,0,0,0,0,0,0,0,0,0,0,0,0,0,0,0.11765,0,0,0,0,0.058824,0.058824,0,0,0,0
0,0,0.071429,0,0.071429,0,0,0,0,0,0,0,0,0,0,0,0,0.071429,0,0,0.071429,0,0,0,0,0,0,0,0,0.071429,0.071429,0,0,0.14286,0.071429,0,0,0,0,0,0,0,0,0,0,0,0.071429,0.071429,0,0,0,0,0,0.14286,0,0,0,0,0,0.071429,0,0,0,0
0,0,0,0.083333,0.083333,0,0,0,0,0,0,0,0,0,0,0,0,0,0.083333,0,0,0,0,0,0,0,0,0,0.083333,0,0,0,0,0,0,0,0,0.083333,0,0,0,0,0,0,0,0,0,0,0.083333,0,0,0.083333,0,0,0.083333,0,0,0,0,0.16667,0,0,0.083333,0.083333
0,0,0,0,0,0,0,0,0,0,0.052632,0,0,0,0,0.052632,0.10526,0,0,0.052632,0,0,0,0,0,0,0.10526,0,0,0,0,0.052632,0,0,0,0,0,0,0,0,0.052632,0,0,0,0,0,0,0.052632,0.052632,0,0,0,0.052632,0.052632,0,0,0,0.10526,0,0.10526,0,0,0,0.10526
0,0,0,0,0,0.045455,0.045455,0.045455,0,0,0.045455,0,0,0,0,0.045455,0,0,0,0.045455,0,0.090909,0,0,0.045455,0,0,0.090909,0,0,0,0,0,0.045455,0,0,0.045455,0.090909,0.045455,0,0,0.045455,0,0,0,0,0,0,0,0,0,0,0,0,0,0,0,0.045455,0,0.090909,0.045455,0,0,0.045455
0.047619,0,0,0,0,0,0,0.047619,0,0.047619,0.047619,0,0.047619,0.047619,0,0,0,0.047619,0,0.047619,0,0,0,0,0,0,0,0,0,0,0,0,0.047619,0,0,0,0.047619,0,0,0,0,0,0.047619,0,0,0,0.047619,0.047619,0,0,0,0,0,0,0.047619,0,0,0.095238,0.047619,0.095238,0,0.047619,0,0.047619
0,0.014085,0.042254,0.098592,0,0.014085,0,0,0.014085,0.014085,0,0.028169,0,0.014085,0,0,0.014085,0.014085,0.042254,0.070423,0.056338,0,0.028169,0.028169,0.070423,0.042254,0,0.056338,0.028169,0,0.014085,0,0,0,0.014085,0.014085,0,0.014085,0,0,0.014085,0,0.014085,0,0,0.014085,0,0,0,0.014085,0,0.014085,0.028169,0,0.014085,0.014085,0.070423,0.028169,0,0,0.014085,0,0.014085,0
0,0,0,0,0,0,0.066667,0.13333,0,0,0,0,0.13333,0,0,0.066667,0,0,0,0,0,0,0,0,0,0,0,0,0,0,0,0,0,0,0,0,0.066667,0,0.066667,0.066667,0.066667,0,0,0,0.066667,0,0,0,0.13333,0,0,0.066667,0.066667,0,0,0,0,0,0,0,0,0,0,0
0,0,0,0.071429,0.035714,0.071429,0,0.035714,0,0,0,0.035714,0,0.071429,0,0.071429,0.035714,0.035714,0,0.035714,0,0.035714,0,0,0,0,0.035714,0,0,0,0,0,0,0,0,0,0,0.035714,0.035714,0,0.071429,0,0,0,0,0,0,0,0,0,0,0,0,0,0,0.071429,0.035714,0,0,0,0.035714,0.035714,0.071429,0.035714
0.068966,0,0,0.034483,0,0,0.034483,0,0,0.034483,0,0,0,0,0.034483,0.068966,0.034483,0,0,0.068966,0.034483,0.034483,0,0.034483,0.034483,0.034483,0,0,0.034483,0,0,0.034483,0,0,0,0,0,0.034483,0.034483,0,0,0.034483,0,0,0,0,0,0.034483,0.034483,0,0,0.034483,0,0,0,0,0,0,0,0.068966,0.034483,0.034483,0.034483,0
0.073171,0.02439,0,0,0.04878,0.04878,0.02439,0,0.02439,0.04878,0,0,0.02439,0.04878,0.02439,0.04878,0.02439,0,0,0,0.02439,0.02439,0.04878,0,0.02439,0,0,0,0,0,0.02439,0,0.02439,0,0,0,0.02439,0.04878,0.02439,0,0,0,0,0.02439,0,0.04878,0.04878,0,0.02439,0,0,0,0,0,0,0,0,0,0.02439,0,0.02439,0.073171,0,0
0,0.038462,0,0.038462,0.038462,0,0,0.038462,0.076923,0,0.038462,0.038462,0.038462,0.038462,0,0,0,0,0,0,0,0,0,0,0,0,0.038462,0,0,0,0,0,0,0,0,0,0,0,0.076923,0,0.038462,0,0,0,0,0,0.038462,0,0.038462,0,0,0.038462,0.11538,0,0,0,0,0.15385,0,0,0.038462,0,0,0.038462
0,0,0,0,0,0,0,0.05,0,0,0,0,0,0.05,0,0,0,0,0,0,0,0,0.15,0,0,0.05,0.05,0,0,0.05,0,0,0,0.05,0.1,0,0,0,0.05,0,0.05,0.05,0,0,0,0,0,0,0,0.05,0,0,0.05,0,0,0,0,0,0,0.05,0.05,0.05,0,0.05
0,0,0,0,0,0,0,0,0,0,0.055556,0,0,0,0,0,0,0,0,0,0,0.055556,0,0,0.055556,0,0.11111,0.11111,0,0.055556,0.055556,0.055556,0,0,0,0,0,0,0,0.055556,0,0,0,0,0,0,0.055556,0,0,0,0,0,0.055556,0.055556,0,0,0,0,0,0,0,0,0.11111,0.11111
0,0,0,0,0,0,0,0,0,0,0,0,0,0.11111,0,0,0.055556,0,0,0.055556,0.055556,0,0.11111,0,0,0.055556,0,0,0.055556,0,0,0,0,0,0,0,0,0,0.11111,0,0.055556,0,0.055556,0.055556,0,0.055556,0.055556,0,0,0,0,0,0.055556,0,0,0,0,0,0,0,0,0,0.055556,0
0,0,0.090909,0.090909,0,0,0,0,0,0.090909,0,0.090909,0,0,0,0,0.090909,0,0,0,0,0.090909,0,0,0.090909,0,0,0,0,0,0,0,0,0,0.090909,0,0,0.090909,0,0,0,0,0,0,0,0.090909,0,0,0,0,0,0,0,0,0,0,0.090909,0,0,0,0,0,0,0
0,0,0,0.0625,0,0,0,0.03125,0,0,0.03125,0,0.03125,0,0,0,0.03125,0.03125,0.03125,0.03125,0.09375,0,0,0.03125,0,0.03125,0.03125,0.03125,0.09375,0,0.0625,0,0,0,0,0,0,0,0.0625,0,0.03125,0.03125,0,0,0.03125,0.03125,0.03125,0.03125,0,0,0.03125,0,0,0,0.03125,0,0,0,0,0,0.03125,0,0,0
0,0.038462,0,0,0,0,0,0,0,0,0,0,0,0,0,0.038462,0,0.038462,0,0.038462,0,0,0,0,0,0,0,0,0,0,0,0,0,0,0.038462,0,0,0.076923,0.038462,0,0,0.038462,0,0.038462,0.038462,0.038462,0.038462,0.038462,0.076923,0,0,0.038462,0,0,0,0,0.038462,0.038462,0.038462,0,0,0.076923,0.038462,0.11538
0.069767,0.023256,0,0,0.046512,0.023256,0,0,0.023256,0,0.023256,0.046512,0,0,0,0.023256,0,0,0.046512,0,0,0,0.046512,0,0,0.023256,0.046512,0,0,0,0.046512,0,0,0,0,0,0.093023,0.046512,0.069767,0,0.023256,0,0,0,0.023256,0,0.069767,0,0,0,0.023256,0,0,0,0,0,0,0.023256,0,0.11628,0,0,0,0.023256
0,0.083333,0,0,0,0,0,0,0,0.041667,0,0,0,0,0,0.041667,0.041667,0,0.125,0,0,0.041667,0,0,0,0.041667,0.041667,0.041667,0,0.041667,0,0,0,0,0,0,0,0,0.083333,0,0.041667,0,0,0,0,0,0,0,0,0,0,0,0.041667,0,0,0.041667,0,0.083333,0.041667,0,0,0,0.083333,0.041667
0,0.041667,0.041667,0.083333,0.041667,0.041667,0,0,0,0,0,0,0.041667,0,0,0,0.083333,0,0,0,0.041667,0,0,0,0,0,0,0,0,0,0,0,0.125,0.041667,0,0,0,0,0,0,0,0,0,0,0.041667,0,0,0,0.16667,0,0,0.083333,0.041667,0,0,0,0,0,0,0,0.041667,0,0.041667,0
0,0.023256,0.023256,0.023256,0.023256,0.069767,0.023256,0.023256,0,0.023256,0,0,0,0,0,0.023256,0.046512,0.046512,0.13953,0.023256,0.046512,0,0,0,0,0,0.023256,0,0,0,0.046512,0,0.023256,0,0,0,0,0,0.023256,0,0,0,0,0,0,0.046512,0,0,0.023256,0,0,0.023256,0,0,0.023256,0.023256,0.069767,0.023256,0.023256,0,0,0.023256,0.046512,0
0,0,0,0,0.058824,0.058824,0.11765,0.058824,0,0.058824,0,0.058824,0,0,0,0.058824,0,0,0,0,0,0,0,0,0.058824,0,0.058824,0.058824,0,0,0,0,0,0,0,0,0,0.058824,0,0,0.058824,0,0.058824,0,0,0,0,0,0,0.058824,0,0,0,0,0,0,0,0.058824,0.058824,0,0,0,0,0
0,0,0,0.076923,0.076923,0,0,0,0,0,0,0,0.076923,0,0,0.076923,0,0,0,0,0,0,0,0,0,0,0,0,0,0,0.076923,0,0,0,0,0,0,0,0,0,0,0,0,0.076923,0,0,0,0,0.076923,0,0.076923,0.076923,0,0,0.076923,0,0,0,0.076923,0,0.076923,0,0,0.076923
0.125,0,0,0,0.0625,0,0,0,0,0,0.0625,0,0,0,0,0.0625,0.0625,0,0,0,0,0,0.0625,0,0,0,0,0,0,0.125,0,0,0.125,0,0,0,0,0,0,0,0,0,0,0,0,0,0,0,0,0.0625,0.125,0,0,0,0,0,0.0625,0,0,0,0.0625,0,0,0
0,0,0,0,0,0.05,0,0,0.05,0,0.05,0,0,0,0,0.05,0,0,0,0,0.05,0,0.05,0,0,0,0,0.05,0,0,0,0.1,0,0,0,0.05,0,0,0,0.05,0.05,0,0.05,0,0,0,0.05,0,0,0,0,0.05,0.1,0,0,0,0.05,0,0,0.05,0,0,0.05,0
0,0.068966,0.034483,0,0.068966,0,0,0,0.034483,0,0,0,0.034483,0,0,0,0.068966,0.068966,0,0,0,0,0,0.034483,0.034483,0.068966,0,0,0,0,0,0,0,0,0,0,0,0.034483,0.034483,0,0.068966,0,0.034483,0,0.034483,0,0,0,0,0,0,0,0,0.10345,0.034483,0.034483,0.034483,0,0,0.034483,0,0.034483,0,0
0,0,0,0.041667,0.16667,0,0,0,0,0,0,0,0,0,0,0.041667,0.041667,0.041667,0,0.041667,0.041667,0,0.041667,0.041667,0,0,0,0,0,0.041667,0,0.083333,0,0,0,0,0,0,0,0,0,0,0,0,0,0,0,0.041667,0.083333,0,0,0,0,0.083333,0,0,0,0.041667,0,0,0,0.041667,0.083333,0
0.085714,0,0.028571,0,0,0,0,0.028571,0,0,0,0,0.085714,0.028571,0,0,0,0.028571,0.028571,0,0,0,0,0,0,0,0,0,0.057143,0,0.028571,0.028571,0.028571,0,0.028571,0.057143,0,0.028571,0,0,0,0.028571,0,0,0,0,0.057143,0,0.11429,0,0,0.028571,0,0,0.028571,0.057143,0.028571,0.028571,0,0.028571,0.028571,0,0,0
0,0.035714,0,0.035714,0.035714,0,0.035714,0.035714,0,0.035714,0.035714,0,0,0,0.035714,0.035714,0,0,0.10714,0,0,0.035714,0,0,0,0.035714,0,0,0,0.035714,0.035714,0.035714,0,0,0.035714,0,0,0,0.071429,0,0,0,0,0,0.035714,0.035714,0,0,0,0,0,0,0,0,0,0,0,0.035714,0.035714,0.035714,0,0.035714,0,0.071429
0,0,0,0,0,0,0,0,0.090909,0,0,0,0,0,0,0,0.090909,0.090909,0,0,0.090909,0,0.090909,0,0,0,0,0,0.090909,0,0,0,0.090909,0,0,0,0,0,0,0.090909,0,0,0,0,0,0,0.090909,0,0.090909,0,0,0,0,0,0,0,0,0,0,0.090909,0,0,0,0
0.033333,0,0.1,0.033333,0,0,0,0,0.1,0.033333,0.033333,0.1,0.033333,0,0,0,0,0,0.033333,0,0,0,0.033333,0,0.1,0,0,0,0,0,0,0,0.033333,0,0,0,0.066667,0,0.066667,0,0,0.033333,0,0,0,0,0.066667,0,0,0,0,0,0,0,0,0,0,0.066667,0.033333,0,0,0,0,0
0,0,0,0,0,0,0,0,0,0,0,0,0,0,0,0,0,0,0,0,0,0.066667,0,0,0,0.13333,0,0.066667,0,0.2,0,0,0,0,0,0,0.066667,0,0.066667,0.066667,0,0,0,0,0,0,0,0,0,0,0,0,0,0.066667,0.066667,0,0,0,0,0,0.066667,0.066667,0,0.066667
0,0,0,0,0,0,0,0,0.090909,0,0,0,0,0,0,0,0,0,0,0,0,0,0,0,0,0,0,0,0,0.090909,0.090909,0.090909,0,0,0.18182,0,0,0,0.18182,0,0,0,0,0,0,0,0,0,0,0,0,0,0,0.090909,0,0,0,0,0,0,0,0.090909,0,0.090909
0.076923,0,0,0,0,0,0,0,0,0.15385,0,0,0,0,0,0,0,0,0.076923,0,0.076923,0,0,0,0,0,0,0,0,0,0,0,0,0,0.076923,0,0,0.076923,0,0,0,0,0,0,0,0,0,0,0,0,0,0,0.076923,0,0.076923,0,0.076923,0,0.15385,0,0,0.076923,0,0
0.18919,0,0.054054,0,0,0,0.054054,0,0,0.027027,0.054054,0,0,0.027027,0.027027,0.027027,0.027027,0,0.027027,0,0,0,0,0,0.054054,0.027027,0,0,0,0,0,0,0.027027,0,0.054054,0,0,0,0,0,0.027027,0.027027,0,0.027027,0,0.081081,0.027027,0,0,0.027027,0,0.027027,0,0,0,0,0.054054,0.027027,0,0,0,0,0,0
0,0,0,0.066667,0,0,0,0.066667,0,0,0,0,0,0.066667,0,0.066667,0,0,0,0,0.066667,0,0,0,0,0,0,0,0,0,0.066667,0,0,0.066667,0,0.066667,0,0.066667,0,0,0,0,0,0,0,0,0,0,0,0,0,0.066667,0.066667,0,0.066667,0,0,0.066667,0,0,0,0.066667,0,0.066667
0.055556,0,0.055556,0.011111,0.055556,0,0,0,0.044444,0.011111,0,0,0.044444,0.022222,0,0,0.055556,0,0.022222,0.022222,0.033333,0.011111,0.011111,0.022222,0.033333,0.011111,0.011111,0,0.022222,0,0,0,0.033333,0.011111,0.022222,0,0.033333,0,0.011111,0,0,0.011111,0,0,0.022222,0.011111,0.033333,0.011111,0.033333,0,0.022222,0,0.011111,0.011111,0.044444,0.011111,0.011111,0.022222,0.011111,0,0.022222,0.022222,0.011111,0.011111
0,0,0,0,0,0,0,0,0,0,0,0,0,0,0,0,0,0,0,0,0.038462,0,0,0,0.038462,0,0,0.038462,0,0,0.076923,0,0,0,0,0,0.038462,0.038462,0,0.038462,0.038462,0,0,0,0,0,0.30769,0,0,0,0,0,0,0,0,0,0.038462,0.076923,0,0.15385,0.038462,0,0,0.038462
0,0,0,0.0625,0,0,0,0,0,0,0,0,0.1875,0,0,0.0625,0,0,0,0,0.0625,0,0,0,0,0,0,0,0,0,0,0,0,0,0,0,0,0,0,0,0,0,0,0,0,0,0,0.125,0,0.0625,0,0,0.125,0.0625,0,0.0625,0,0,0,0,0,0,0.125,0.0625
0.1,0,0,0,0,0,0,0,0,0,0,0,0,0.2,0,0,0,0,0,0,0,0.1,0,0,0,0,0,0,0,0,0,0,0,0,0,0,0,0,0.2,0,0,0,0,0,0,0,0.1,0.1,0,0,0,0,0,0,0.1,0,0,0,0,0.1,0,0,0,0
0.027027,0.027027,0,0.027027,0,0,0,0,0,0.027027,0,0,0.027027,0.027027,0,0,0,0.027027,0,0.054054,0,0,0,0,0.027027,0.10811,0,0,0,0,0.027027,0,0.027027,0,0.027027,0.027027,0,0.027027,0,0.027027,0.081081,0,0,0,0,0.027027,0.027027,0,0,0,0.027027,0.027027,0.027027,0.027027,0.10811,0,0,0,0,0,0.054054,0,0,0.054054
0.046512,0,0,0,0,0,0.023256,0,0.023256,0,0,0.046512,0,0,0,0,0.023256,0.023256,0,0,0.023256,0,0,0,0,0.069767,0.023256,0.046512,0,0.023256,0,0.046512,0.023256,0,0,0.023256,0,0.069767,0.046512,0,0,0.023256,0.023256,0,0.023256,0.069767,0,0,0,0,0,0,0.046512,0.046512,0,0,0.046512,0.023256,0.023256,0,0.023256,0.023256,0,0.046512
0.045455,0,0,0.045455,0.045455,0,0.045455,0.045455,0.13636,0,0,0,0.090909,0,0.045455,0,0,0,0.045455,0,0.045455,0,0.045455,0,0.045455,0,0,0,0,0,0,0,0,0,0,0,0.045455,0,0,0,0,0,0,0,0,0,0,0,0.18182,0,0,0,0.045455,0,0,0,0,0,0.045455,0,0,0,0,0
0.071429,0,0,0,0,0,0,0,0,0,0,0,0,0,0,0,0.17857,0,0,0,0,0.035714,0,0,0.071429,0,0,0.035714,0.035714,0,0.10714,0,0,0,0,0,0,0,0.035714,0.035714,0,0.035714,0,0,0,0,0.10714,0.035714,0,0,0,0,0,0,0,0,0,0.035714,0.071429,0.10714,0,0,0,0
0.057143,0,0.14286,0.085714,0,0,0,0,0,0,0.028571,0,0,0,0,0.028571,0.028571,0,0.14286,0,0,0,0,0,0.057143,0.028571,0.028571,0.028571,0,0,0,0,0.028571,0,0,0,0.028571,0,0,0,0,0,0,0,0,0,0,0,0.028571,0,0.028571,0,0,0.028571,0.028571,0,0,0,0.057143,0,0.028571,0,0.028571,0.057143
0.2,0,0.1,0.1,0,0,0,0,0,0,0,0,0,0,0,0.1,0,0,0.1,0,0,0,0,0,0.1,0,0,0,0,0,0,0,0,0,0,0,0.1,0,0,0,0,0,0,0,0,0,0,0,0,0,0,0,0,0,0,0,0,0.1,0.1,0,0,0,0,0
0.17241,0.034483,0,0.068966,0,0,0,0.034483,0,0,0,0,0,0,0,0.068966,0.13793,0,0,0,0.034483,0,0,0,0,0,0,0.068966,0,0,0,0,0,0,0,0,0,0.034483,0,0.034483,0,0,0,0,0,0,0.034483,0,0,0.068966,0.034483,0.034483,0,0,0,0,0.068966,0.034483,0,0.034483,0,0,0,0
0.058824,0.029412,0,0,0,0,0,0.029412,0.029412,0,0,0.058824,0.088235,0,0,0.029412,0.058824,0,0,0,0.029412,0,0,0,0.029412,0,0.029412,0,0,0,0,0.029412,0.029412,0,0.029412,0,0.029412,0.029412,0,0.058824,0.029412,0.029412,0,0,0,0,0,0.029412,0.029412,0,0.029412,0.029412,0,0.029412,0.029412,0.029412,0,0,0,0.029412,0,0,0,0.029412
0.1,0,0,0,0,0,0,0,0.05,0.05,0,0,0,0,0,0,0,0,0.05,0,0.15,0,0,0,0.15,0,0,0,0,0,0,0.05,0.1,0,0,0.05,0,0,0,0,0,0,0,0,0,0.05,0.1,0,0,0,0,0,0,0.05,0.05,0,0,0,0,0,0,0,0,0
0,0,0,0,0,0,0,0,0,0.090909,0,0,0,0,0,0.090909,0.090909,0,0,0.090909,0.090909,0,0,0,0,0,0,0,0,0,0.090909,0,0,0,0,0,0,0.090909,0,0,0,0.090909,0,0,0.090909,0,0,0,0,0,0,0,0.090909,0,0,0,0,0,0,0,0,0,0,0.090909
0,0.0625,0.0625,0,0.0625,0,0,0,0.0625,0,0,0,0.0625,0,0.0625,0,0,0,0,0,0,0,0.0625,0,0,0.0625,0.0625,0.0625,0,0,0,0,0,0,0,0,0.0625,0,0.0625,0,0,0,0,0,0,0,0.0625,0,0.0625,0,0,0,0,0,0,0,0,0,0.0625,0,0.0625,0,0,0
0,0.045455,0,0.045455,0,0,0,0,0,0,0,0.045455,0,0.045455,0.045455,0.045455,0,0.045455,0.045455,0.045455,0,0.045455,0,0,0,0.045455,0,0,0,0,0,0,0.045455,0,0,0,0.090909,0,0,0.045455,0,0,0,0,0,0,0.090909,0,0.045455,0,0,0,0.045455,0,0,0,0.045455,0.045455,0,0,0,0,0.045455,0
0.052632,0,0,0,0.052632,0.052632,0,0,0,0.052632,0.10526,0,0,0,0,0,0,0.10526,0.10526,0,0,0,0,0,0,0.052632,0.052632,0,0,0,0,0,0.10526,0,0,0,0,0,0.052632,0,0,0,0,0,0,0,0.10526,0,0,0,0,0,0,0,0,0,0,0,0,0.10526,0,0,0,0
0,0,0,0,0,0,0.05,0,0,0,0,0,0.05,0,0,0,0,0.05,0,0,0,0,0,0.05,0,0,0.05,0,0,0,0.05,0,0,0.05,0,0,0.05,0.05,0.05,0,0.1,0,0,0,0.1,0,0.1,0,0.05,0,0,0,0,0,0,0,0.05,0,0.05,0,0,0,0.05,0
0.058824,0,0.019608,0.019608,0.039216,0,0,0.019608,0,0,0,0.039216,0,0.039216,0.019608,0,0.019608,0.058824,0,0,0.039216,0,0,0,0,0.019608,0.039216,0.058824,0,0.019608,0,0,0.019608,0,0.039216,0,0.039216,0.039216,0,0,0,0.019608,0,0.019608,0,0,0.058824,0,0,0,0.019608,0,0,0,0.019608,0,0,0.039216,0.039216,0,0,0.039216,0.058824,0.039216
0,0,0,0,0,0,0,0.16667,0,0,0.083333,0,0,0,0,0,0,0,0,0,0,0,0,0,0,0,0.083333,0.083333,0,0,0.083333,0,0,0,0,0,0,0,0,0,0,0,0.083333,0,0.083333,0,0,0,0,0.16667,0,0,0,0,0,0,0.083333,0,0,0,0,0,0,0.083333
0.023529,0.011765,0.023529,0.011765,0,0,0.023529,0,0,0.035294,0.011765,0.035294,0,0,0.023529,0.035294,0.023529,0.011765,0,0,0.047059,0.023529,0.011765,0,0,0.023529,0,0.023529,0.011765,0,0.023529,0,0.023529,0.011765,0.011765,0.035294,0,0.035294,0.047059,0,0.023529,0.023529,0,0.011765,0,0.023529,0.047059,0.011765,0,0.011765,0.011765,0,0.023529,0.011765,0.023529,0,0.035294,0.035294,0,0,0.011765,0.023529,0.035294,0.035294
0.076923,0,0.038462,0.038462,0,0,0,0,0,0,0,0,0.038462,0,0,0.076923,0.038462,0,0.076923,0,0,0,0,0,0,0.038462,0,0,0,0,0,0,0.038462,0,0,0,0,0,0,0,0,0,0.038462,0.038462,0,0,0.15385,0,0,0,0,0,0.038462,0,0.038462,0,0.076923,0.11538,0.038462,0,0,0,0,0
0.074627,0,0.029851,0.044776,0,0,0.014925,0.029851,0,0.029851,0.014925,0.014925,0.014925,0.044776,0.029851,0.014925,0.029851,0.014925,0,0,0.029851,0,0,0,0.014925,0,0.029851,0,0,0,0.029851,0,0.044776,0,0.014925,0,0.014925,0.014925,0,0.014925,0.014925,0,0.014925,0,0.014925,0,0.014925,0.029851,0,0,0.044776,0.014925,0.044776,0.029851,0.014925,0,0,0.014925,0,0.014925,0,0.044776,0.029851,0.044776
0.1,0,0,0,0,0.05,0.05,0,0,0.05,0,0,0,0,0,0.05,0,0.05,0.15,0,0.05,0,0,0,0,0,0,0,0,0,0.1,0,0,0,0,0,0,0,0.05,0,0,0.05,0,0,0,0,0.05,0,0.05,0,0,0,0,0,0,0,0,0,0.05,0,0,0,0.05,0.05
0.10714,0,0.035714,0,0.071429,0.071429,0,0,0.071429,0,0,0,0,0.035714,0,0.035714,0.035714,0,0,0,0,0,0,0,0,0.035714,0,0,0,0,0.035714,0,0.035714,0.035714,0,0,0.035714,0.035714,0.035714,0,0,0,0,0.035714,0,0,0.10714,0,0,0,0,0,0,0,0,0,0.035714,0.035714,0,0.035714,0,0,0.035714,0
0.041096,0.041096,0.027397,0.041096,0.027397,0,0,0,0.054795,0.027397,0.013699,0.027397,0.013699,0.013699,0,0.027397,0.041096,0.013699,0.027397,0.013699,0.027397,0,0.027397,0,0.013699,0.013699,0,0,0,0.013699,0,0.027397,0.041096,0,0.027397,0,0.013699,0,0.013699,0.013699,0.013699,0,0,0.013699,0,0.013699,0.027397,0,0.013699,0,0.013699,0.027397,0,0.027397,0.013699,0.027397,0,0.054795,0.027397,0.013699,0,0.013699,0.013699,0
0.0625,0,0.03125,0,0,0,0.03125,0,0.03125,0.03125,0,0,0.03125,0,0,0.03125,0.0625,0.03125,0.03125,0,0.03125,0.03125,0.09375,0,0,0.0625,0,0,0,0,0.0625,0,0,0.0625,0,0,0,0.03125,0,0,0,0.03125,0,0,0,0,0,0,0,0,0.03125,0,0,0,0,0,0,0.09375,0.03125,0.03125,0.03125,0,0,0
0,0.043478,0,0,0.043478,0,0,0,0,0.043478,0,0,0,0.043478,0,0,0.043478,0,0.043478,0.043478,0.043478,0,0.043478,0,0,0.043478,0,0,0,0.043478,0,0,0,0,0.043478,0,0.043478,0.043478,0.043478,0.043478,0.043478,0,0,0.086957,0.043478,0,0,0,0,0,0,0,0,0,0.043478,0.043478,0,0,0,0,0,0,0,0.043478
0,0,0,0,0.076923,0,0,0,0.15385,0.076923,0,0,0,0.076923,0,0,0.076923,0,0,0,0,0,0,0,0,0,0.076923,0,0,0,0,0,0.076923,0,0,0,0,0,0,0,0,0,0,0,0,0,0,0.076923,0,0,0,0,0,0,0.076923,0.076923,0,0,0,0,0,0,0.15385,0
0.14286,0,0,0,0,0.047619,0.047619,0,0.047619,0.095238,0,0,0,0.047619,0,0,0,0,0.047619,0,0.095238,0,0.047619,0,0,0,0,0,0,0,0,0,0,0,0,0.047619,0,0,0,0,0.095238,0,0,0,0,0.047619,0.095238,0,0,0,0,0,0,0,0,0,0,0,0,0.047619,0,0.047619,0,0
0.16667,0,0.055556,0.055556,0.055556,0,0,0,0,0,0,0,0.055556,0,0,0,0,0,0,0,0,0,0,0,0,0.11111,0,0,0,0,0,0,0,0,0,0,0.055556,0,0,0,0,0,0,0,0,0,0,0,0.055556,0,0,0,0.055556,0,0,0,0,0,0.055556,0,0.055556,0.11111,0,0.11111
0,0,0,0.058824,0,0,0,0,0,0,0,0.058824,0.058824,0,0,0,0,0,0.058824,0,0,0,0.17647,0,0,0,0.058824,0,0,0,0,0,0,0,0,0,0,0.058824,0,0.17647,0.058824,0,0,0.058824,0,0,0,0,0.058824,0,0,0,0,0.058824,0,0,0,0,0,0,0,0.058824,0,0
0.047619,0.14286,0.047619,0.047619,0.047619,0.047619,0,0,0,0,0,0.047619,0,0.047619,0,0,0.047619,0,0,0.047619,0.047619,0,0,0,0,0.047619,0,0,0,0,0,0,0.047619,0,0,0,0.047619,0,0,0,0,0.095238,0,0,0.047619,0,0,0,0,0,0,0,0,0,0,0,0,0.047619,0,0,0,0.047619,0,0
0,0,0.058824,0,0.058824,0,0,0.029412,0,0.029412,0,0,0,0,0,0.029412,0,0.058824,0,0,0.029412,0.088235,0.029412,0.029412,0,0.058824,0,0.029412,0,0,0,0,0,0,0,0,0.029412,0.029412,0,0.029412,0,0.029412,0,0,0,0,0.058824,0,0,0,0,0,0,0.029412,0,0.029412,0,0,0,0.058824,0,0,0.088235,0.088235
0,0.0625,0,0,0,0,0,0,0,0,0,0,0,0,0,0.0625,0,0,0,0.0625,0,0.0625,0,0.0625,0,0,0,0,0,0.0625,0,0,0,0,0,0,0,0,0,0.0625,0,0,0,0.0625,0,0,0,0.125,0.0625,0,0,0,0,0,0,0,0,0,0,0.125,0,0.0625,0.0625,0.0625
0,0,0.043478,0.043478,0,0,0,0,0,0.043478,0,0.043478,0,0.043478,0,0.086957,0,0,0,0,0,0.043478,0,0,0.043478,0,0.043478,0,0,0.043478,0,0,0.043478,0.043478,0,0.086957,0,0,0.043478,0.043478,0,0,0,0.043478,0,0,0,0,0,0,0,0.043478,0,0,0,0,0,0.043478,0.086957,0,0,0,0.043478,0
0,0.083333,0,0,0,0,0,0,0.25,0,0,0,0,0.083333,0,0,0,0,0,0,0,0.083333,0,0,0.083333,0,0,0,0,0,0,0,0,0.16667,0,0,0,0,0,0,0.083333,0,0,0,0,0,0,0,0,0,0,0,0,0,0.16667,0,0,0,0,0,0,0,0,0
0,0,0,0,0,0,0,0,0,0,0,0.083333,0,0,0,0,0,0,0,0.083333,0,0.083333,0,0,0.16667,0,0,0.25,0,0,0.083333,0.083333,0,0,0,0,0,0,0,0,0,0,0,0,0,0,0,0,0,0,0,0,0,0,0,0,0,0.083333,0,0,0,0.083333,0,0
0,0,0,0,0.125,0,0,0.125,0,0,0.0625,0,0,0.125,0.0625,0,0,0.0625,0,0,0,0.0625,0,0,0,0,0.0625,0,0,0,0,0,0,0,0,0,0.0625,0,0.0625,0,0,0,0,0,0,0,0,0,0,0,0.0625,0,0,0,0.0625,0,0,0.0625,0,0,0,0,0,0
0.093023,0,0.023256,0.023256,0.023256,0,0,0,0,0,0.023256,0.023256,0.023256,0,0.023256,0.046512,0.046512,0.023256,0.023256,0,0,0.023256,0,0,0.023256,0.023256,0.023256,0,0,0.023256,0.023256,0,0,0,0,0,0.023256,0,0.023256,0,0,0,0,0,0.023256,0,0.069767,0.046512,0.093023,0,0.046512,0,0,0.023256,0.046512,0,0.023256,0,0,0,0,0.023256,0.023256,0
0,0.066667,0.066667,0,0,0,0,0.13333,0,0,0,0.066667,0,0,0,0.066667,0,0,0,0,0,0,0,0,0,0,0,0,0,0,0,0,0.13333,0,0,0,0,0,0,0,0.066667,0,0,0.066667,0,0,0,0.13333,0.13333,0,0,0,0,0.066667,0,0,0,0,0,0,0,0,0,0
0,0,0,0,0,0,0,0,0,0,0,0,0.0625,0,0,0,0,0.0625,0.125,0,0,0.0625,0,0,0,0.0625,0,0,0,0,0,0.125,0.125,0,0.0625,0,0,0,0,0,0,0.0625,0,0,0,0.125,0,0,0.0625,0,0,0,0,0,0,0,0,0,0,0,0,0.0625,0,0
0.055556,0,0,0,0.027778,0,0,0.027778,0,0,0,0,0.027778,0,0.027778,0.027778,0,0.027778,0.027778,0.027778,0,0.055556,0.027778,0,0,0,0,0.027778,0,0,0.055556,0.027778,0.027778,0,0,0,0,0,0.055556,0.027778,0.055556,0,0,0.027778,0,0.027778,0,0,0,0,0,0,0.027778,0,0.027778,0.13889,0,0.027778,0,0.027778,0,0,0.027778,0.027778
0,0.076923,0.076923,0,0,0,0,0,0,0,0,0.076923,0.076923,0,0,0,0,0,0.076923,0,0,0.076923,0,0,0,0,0,0,0,0.076923,0,0.076923,0,0,0,0,0,0,0,0,0,0,0,0,0,0.076923,0,0,0,0.076923,0,0,0,0.076923,0,0,0,0.076923,0,0,0,0.076923,0,0
0.1,0,0,0,0.1,0,0,0,0,0,0.1,0,0.1,0,0,0,0,0,0,0,0,0,0,0.1,0,0,0.1,0,0.1,0,0,0,0,0,0,0,0.1,0,0,0,0,0.1,0,0,0.1,0,0,0,0,0,0,0,0,0,0,0,0,0,0,0,0,0,0,0
0,0,0.030303,0,0.030303,0.030303,0.030303,0,0.030303,0.030303,0.060606,0.030303,0.030303,0.060606,0,0,0.060606,0,0.060606,0,0,0.030303,0,0,0,0.060606,0.030303,0.030303,0.030303,0,0,0,0,0,0.030303,0,0,0.090909,0,0,0,0,0.060606,0,0,0,0,0.030303,0,0,0,0.030303,0,0,0,0,0,0,0,0,0.030303,0.030303,0,0.030303
0,0,0,0,0.071429,0.071429,0,0,0,0,0,0,0,0,0,0.071429,0,0,0.071429,0.071429,0.071429,0,0.071429,0,0,0.071429,0,0,0,0,0,0,0,0.071429,0,0,0,0,0,0,0,0.071429,0,0,0,0,0,0,0,0,0,0,0,0,0,0,0,0.071429,0,0,0,0,0.071429,0.14286
0.076923,0.23077,0,0,0,0,0,0,0,0,0,0,0.076923,0,0,0,0.076923,0,0,0,0,0,0,0,0.076923,0,0,0,0,0,0,0,0.076923,0.076923,0,0,0.076923,0,0.076923,0,0,0,0.076923,0,0,0,0,0,0,0,0,0,0,0,0.076923,0,0,0,0,0,0,0,0,0
0,0,0,0,0,0,0,0,0,0,0,0,0.11111,0,0,0,0,0,0.11111,0,0.11111,0,0,0.11111,0,0,0,0,0,0,0,0,0,0,0,0,0,0,0,0,0,0,0,0,0.11111,0.11111,0,0,0.11111,0,0,0,0,0,0.11111,0,0,0,0,0,0,0,0.11111,0
0.057143,0.028571,0,0.028571,0.028571,0.057143,0,0,0,0,0.028571,0,0.028571,0,0.057143,0.028571,0,0,0,0.028571,0,0,0,0,0,0,0,0.028571,0,0,0,0.085714,0,0.028571,0,0,0,0,0,0,0.028571,0,0,0,0.085714,0,0,0,0.057143,0.028571,0,0.028571,0.028571,0,0,0,0,0.028571,0.057143,0,0.085714,0,0.028571,0.028571
0.11111,0,0,0,0,0.11111,0,0,0,0,0,0.11111,0,0,0,0,0.11111,0,0.11111,0,0,0,0,0,0,0.11111,0,0,0,0,0.11111,0,0,0,0,0,0,0,0,0,0,0,0,0,0,0,0,0,0,0,0,0,0,0.11111,0,0,0,0,0,0.11111,0,0,0,0
0.026316,0,0,0.026316,0,0,0,0,0.052632,0.026316,0,0,0.026316,0.052632,0.026316,0.10526,0.078947,0,0,0,0.026316,0.026316,0,0,0,0,0,0,0,0.052632,0,0.026316,0,0,0,0.026316,0,0,0,0.026316,0,0,0,0,0,0.052632,0,0,0.026316,0,0.026316,0.078947,0,0,0.026316,0.026316,0.026316,0.026316,0,0,0.052632,0.026316,0,0.026316
0.066667,0.066667,0,0,0,0,0,0,0,0,0,0.066667,0.066667,0,0,0,0.066667,0.066667,0,0,0,0,0,0,0,0,0,0.066667,0,0,0.066667,0,0.066667,0,0,0.066667,0,0,0,0,0,0,0,0,0.13333,0.066667,0,0,0.066667,0,0,0,0,0,0,0,0,0,0,0,0.066667,0,0,0
0.068966,0.034483,0.034483,0.034483,0.10345,0.068966,0.068966,0,0,0,0,0,0,0,0.034483,0.034483,0,0.034483,0,0,0,0,0,0,0.034483,0,0,0,0,0.034483,0,0.034483,0,0.034483,0,0,0,0,0,0.034483,0,0,0,0,0,0,0.034483,0,0.10345,0.034483,0,0.034483,0,0,0.034483,0.034483,0,0,0,0.034483,0,0,0,0
0.034483,0.034483,0.068966,0,0,0,0,0,0,0,0,0,0,0.034483,0,0.034483,0.068966,0.034483,0,0.034483,0.034483,0,0,0,0.034483,0,0,0.034483,0,0,0,0,0.068966,0,0.034483,0,0,0,0,0,0,0,0,0,0,0,0,0.034483,0,0.034483,0,0,0,0.034483,0.068966,0,0,0,0.034483,0,0.068966,0,0.13793,0.034483
0,0,0,0,0,0,0,0,0,0,0,0,0,0,0,0,0,0.090909,0,0.18182,0,0.090909,0,0,0.090909,0,0,0,0,0,0,0,0,0,0,0,0,0,0,0,0,0,0,0,0,0,0.090909,0,0.090909,0,0,0.090909,0,0,0,0,0,0,0.090909,0,0.090909,0,0,0.090909
0.066667,0,0.066667,0.066667,0.066667,0,0,0,0,0,0,0,0.066667,0,0,0,0,0,0.066667,0,0,0,0.13333,0,0,0.066667,0,0.066667,0,0,0.13333,0,0,0,0,0,0,0,0,0,0.066667,0,0,0,0,0,0,0,0,0,0,0,0,0,0,0,0.066667,0,0,0,0.066667,0,0,0
0.10526,0,0,0.052632,0,0,0.052632,0.10526,0.052632,0,0.052632,0,0,0,0,0.052632,0,0,0.052632,0,0,0,0,0,0.052632,0,0,0,0,0,0,0,0.052632,0,0,0,0.052632,0,0,0,0,0,0,0,0,0.052632,0,0,0,0,0,0,0.052632,0,0,0,0.052632,0.10526,0,0,0,0,0.052632,0
0,0,0,0,0.083333,0,0,0,0,0,0,0,0,0,0.083333,0,0,0,0,0,0,0,0,0.083333,0.083333,0,0,0,0,0,0,0,0,0,0,0.083333,0,0,0.083333,0,0,0.083333,0,0,0.083333,0,0,0.083333,0,0,0,0.083333,0,0,0,0,0,0,0,0.083333,0,0,0,0.083333
0.08,0,0,0.04,0.04,0,0,0,0,0,0,0.04,0,0,0.04,0,0.04,0.04,0,0,0,0,0,0,0,0,0,0,0.04,0.04,0,0.04,0,0,0,0,0,0,0,0.04,0,0,0,0,0,0,0,0.04,0,0,0.04,0.08,0.08,0,0,0,0.08,0,0,0.04,0.08,0,0,0.08
0.038462,0.038462,0,0.038462,0,0,0.038462,0,0,0,0,0,0.038462,0.038462,0.038462,0.11538,0,0,0,0.038462,0,0,0,0,0,0,0,0,0.038462,0,0,0.11538,0.038462,0,0,0,0,0,0,0,0,0,0,0,0,0,0.038462,0,0,0,0,0.076923,0.076923,0,0.038462,0.038462,0,0,0.038462,0.038462,0,0,0,0.038462
0,0.0625,0,0,0.0625,0,0,0,0.0625,0,0,0.0625,0,0,0,0.0625,0,0,0.0625,0,0,0,0,0,0.0625,0,0,0.0625,0,0,0,0,0,0,0,0,0,0,0,0,0.0625,0,0,0,0,0,0,0,0,0,0,0,0.0625,0.0625,0,0,0,0,0,0.0625,0.1875,0,0,0.0625
0,0.076923,0,0,0,0,0,0,0,0,0,0,0,0,0,0,0.076923,0.076923,0,0,0,0.076923,0,0,0.15385,0,0,0,0,0,0,0,0,0,0,0,0,0.076923,0,0,0,0.076923,0,0,0,0,0,0,0.076923,0.076923,0,0,0.076923,0.076923,0,0,0,0,0,0,0,0,0.076923,0
0.0625,0.0625,0.0625,0,0,0,0,0,0,0.0625,0,0,0,0,0,0,0.0625,0.0625,0.0625,0.125,0,0,0.0625,0,0.0625,0,0,0,0,0,0,0,0.0625,0,0,0,0.0625,0,0,0,0,0,0,0,0,0,0,0,0.0625,0,0.0625,0,0,0,0,0,0,0,0.0625,0,0,0,0,0
0.2,0,0.1,0,0,0,0,0,0,0,0,0,0,0,0,0.1,0,0,0,0,0,0.1,0.1,0,0,0,0,0,0,0,0,0,0,0,0,0.1,0,0,0,0,0,0,0,0,0,0,0,0,0,0,0.1,0,0.1,0,0,0,0.1,0,0,0,0,0,0,0
0,0,0,0,0,0,0,0,0,0,0,0,0,0.1,0,0,0.1,0,0,0,0,0,0,0,0,0,0,0,0,0,0,0,0,0,0,0,0,0,0,0.1,0,0,0.1,0,0.1,0,0,0,0,0,0.1,0,0,0.2,0.1,0,0,0,0,0,0,0,0.1,0
0.066667,0,0.066667,0,0.066667,0.13333,0,0,0,0,0,0,0.066667,0,0,0,0,0.066667,0,0,0,0,0,0,0.066667,0,0,0,0,0,0,0,0.13333,0.066667,0,0,0,0,0,0,0,0.066667,0,0,0,0.066667,0.066667,0,0,0,0,0,0,0,0,0,0,0,0,0,0.066667,0,0,0
0.034483,0,0,0,0,0,0.034483,0.068966,0,0.034483,0,0,0.034483,0.034483,0,0.034483,0,0,0,0.034483,0,0,0,0.034483,0,0.068966,0,0.034483,0,0.10345,0.068966,0,0,0,0.034483,0,0,0,0,0.068966,0,0,0,0,0,0,0,0.034483,0,0,0,0,0,0.068966,0,0.068966,0,0,0.034483,0,0,0.068966,0,0
0,0.0625,0,0,0,0,0,0,0.0625,0,0.0625,0,0,0.0625,0,0.0625,0,0,0,0,0.0625,0,0,0,0,0,0,0,0.0625,0,0,0.0625,0,0.0625,0,0,0,0,0,0,0,0,0,0.0625,0,0,0.125,0.0625,0,0,0,0,0,0,0,0,0,0,0.0625,0,0,0,0.0625,0.0625
0.057692,0,0.076923,0,0.019231,0.019231,0,0.019231,0.057692,0,0.019231,0.019231,0.038462,0.038462,0.038462,0.019231,0.019231,0,0,0.038462,0,0,0,0,0,0.019231,0.057692,0.019231,0.019231,0,0,0.019231,0.038462,0,0,0.019231,0.038462,0,0,0,0,0.019231,0.038462,0,0,0.019231,0,0.019231,0.038462,0,0.019231,0.019231,0,0,0,0,0.019231,0.038462,0,0,0.038462,0.019231,0,0
0.05,0.05,0,0,0,0,0.05,0,0,0,0,0,0,0.05,0.05,0,0.15,0,0.05,0.05,0,0,0.05,0,0.05,0,0,0,0,0,0,0,0,0,0,0,0,0.2,0,0,0,0,0,0,0,0,0.05,0,0,0,0,0.1,0,0,0.05,0,0,0,0,0,0,0,0,0
0.026316,0,0.013158,0.013158,0.013158,0.026316,0.013158,0,0,0.052632,0.013158,0.026316,0.039474,0.026316,0.026316,0,0.026316,0.013158,0.039474,0,0.065789,0,0.026316,0.026316,0.026316,0.039474,0.013158,0.026316,0,0.013158,0,0.013158,0.013158,0.013158,0.026316,0.013158,0.013158,0,0.039474,0,0.013158,0.013158,0,0,0.013158,0.013158,0.013158,0.013158,0.065789,0,0,0.026316,0,0,0.039474,0,0,0.039474,0,0,0,0,0.013158,0
0,0,0,0,0.066667,0,0,0.066667,0,0,0,0,0,0,0,0.13333,0,0,0,0,0.066667,0,0,0,0,0,0.066667,0,0,0,0.13333,0,0.066667,0,0,0,0,0,0,0,0.066667,0,0,0,0,0,0,0,0,0,0,0,0,0,0,0,0,0.066667,0,0,0.066667,0.066667,0.13333,0
0,0.035714,0,0.035714,0.035714,0.035714,0,0,0,0,0,0,0,0,0,0.071429,0,0.035714,0.035714,0.035714,0.035714,0,0,0,0.035714,0,0,0.035714,0,0,0,0,0.035714,0,0,0,0,0,0,0.035714,0,0.035714,0,0.071429,0.035714,0,0,0.071429,0.071429,0,0,0,0.035714,0,0,0,0,0,0.035714,0.035714,0,0,0,0.10714
0.035714,0,0.035714,0,0.071429,0.035714,0,0.071429,0,0,0,0,0,0,0,0.071429,0.035714,0.071429,0.035714,0.035714,0,0,0,0,0,0,0.035714,0,0,0,0,0,0,0.035714,0,0.035714,0,0.035714,0,0.035714,0.035714,0,0,0,0,0,0,0,0.035714,0,0,0,0,0,0.071429,0.035714,0,0,0,0,0.071429,0.035714,0,0.035714
0,0,0,0.032258,0,0,0.032258,0,0.032258,0,0,0,0.064516,0,0.064516,0.096774,0.064516,0,0,0,0,0,0,0,0,0,0,0,0,0,0.032258,0,0.096774,0,0,0.032258,0.032258,0,0,0,0.032258,0.032258,0,0,0,0.032258,0,0.032258,0.064516,0.032258,0,0.032258,0,0,0,0,0.032258,0,0.032258,0,0.064516,0.032258,0,0
0,0,0,0,0.11111,0,0,0,0,0.16667,0,0,0.11111,0.055556,0.11111,0,0,0,0,0,0,0,0,0,0,0,0,0,0,0,0,0,0.055556,0,0,0,0,0,0,0,0,0,0,0,0.055556,0,0,0.055556,0,0,0,0,0,0,0,0,0.055556,0.11111,0,0.055556,0,0.055556,0,0
0,0,0,0,0,0,0,0,0,0,0,0,0,0,0.125,0,0,0,0.125,0,0,0,0.125,0,0,0,0,0,0,0,0,0,0,0.125,0,0,0,0,0,0,0,0,0,0,0,0,0,0.125,0,0.125,0,0,0.125,0,0,0,0,0,0,0,0,0.125,0,0
0,0,0.068182,0,0,0.022727,0,0,0,0.022727,0.022727,0.022727,0.022727,0.045455,0.022727,0.022727,0.045455,0.022727,0,0.045455,0.022727,0,0.022727,0,0,0,0,0,0.068182,0,0,0,0,0.022727,0,0,0.068182,0.068182,0.022727,0,0,0,0.045455,0,0,0.022727,0.045455,0,0.022727,0,0.045455,0,0,0.022727,0,0,0,0.022727,0,0.022727,0.045455,0,0.022727,0
0.076923,0.076923,0,0,0.038462,0,0,0,0,0,0,0.038462,0,0,0.038462,0.038462,0,0,0,0,0,0,0,0,0,0,0,0.038462,0,0,0.076923,0,0,0,0,0.038462,0,0.076923,0,0.038462,0,0,0,0,0,0,0,0.076923,0,0,0,0,0,0,0,0,0.038462,0.076923,0,0.076923,0.038462,0.038462,0,0.076923
0.13043,0,0,0,0,0,0,0,0.13043,0.043478,0,0.043478,0,0,0.043478,0.043478,0.043478,0,0,0,0,0,0,0,0,0,0.043478,0,0,0,0,0,0.086957,0,0,0,0.043478,0,0,0,0.043478,0,0,0,0.043478,0,0.043478,0,0,0,0,0,0.043478,0.043478,0,0,0.043478,0,0.043478,0,0,0,0,0.043478
0.083333,0,0.083333,0,0.083333,0,0,0,0.083333,0,0,0.083333,0,0,0,0.16667,0,0,0,0,0,0.083333,0,0,0,0,0,0,0.083333,0,0,0,0,0,0,0,0,0,0,0,0,0,0,0,0,0.083333,0,0,0,0.083333,0,0,0,0,0,0,0,0.083333,0,0,0,0,0,0
0,0.027027,0.027027,0.054054,0.081081,0,0,0.027027,0,0,0,0,0.081081,0.027027,0.027027,0.027027,0,0,0.027027,0,0,0,0,0,0,0,0,0,0.027027,0,0.027027,0.027027,0.027027,0,0,0,0,0,0,0,0.027027,0.027027,0,0.027027,0.027027,0.027027,0,0.054054,0.027027,0,0,0.054054,0,0,0,0,0,0.027027,0,0,0.054054,0.054054,0.054054,0.027027
0.05,0.1,0,0,0,0,0,0,0,0,0.05,0,0.05,0,0,0.05,0,0,0.05,0,0,0,0,0.1,0.1,0.05,0,0,0,0,0,0,0,0,0,0,0,0,0,0,0,0.05,0,0,0,0,0.05,0,0.05,0,0,0,0,0,0,0,0,0,0.05,0.05,0,0.05,0,0.1
0.058824,0,0,0,0,0,0.058824,0,0,0.058824,0,0,0,0,0,0.058824,0,0.058824,0,0.11765,0,0,0.058824,0,0.058824,0,0,0,0,0,0,0,0,0,0,0.058824,0,0,0,0,0,0,0,0.058824,0.058824,0,0.058824,0,0,0.11765,0,0.058824,0,0,0,0,0,0,0,0,0,0.058824,0,0
0.035714,0,0,0,0.035714,0,0.035714,0,0,0,0,0,0,0,0,0.14286,0,0,0.035714,0,0,0,0.035714,0,0.035714,0,0,0.035714,0.035714,0,0.071429,0,0,0,0,0,0,0.035714,0,0,0,0,0,0,0,0,0,0.035714,0.071429,0,0,0.035714,0.071429,0,0.035714,0,0.035714,0.035714,0.071429,0.035714,0,0,0.035714,0
0.014493,0.043478,0.014493,0,0.043478,0.028986,0.014493,0.014493,0.014493,0.014493,0.014493,0.014493,0.014493,0.057971,0.014493,0.014493,0.014493,0.014493,0.014493,0,0.014493,0.014493,0.014493,0,0.057971,0,0.028986,0,0,0.014493,0.028986,0.014493,0.014493,0,0,0,0.043478,0,0,0.028986,0,0,0.028986,0,0.028986,0.014493,0,0,0,0,0.014493,0.014493,0.043478,0.028986,0.043478,0.014493,0,0.028986,0.028986,0,0.043478,0.014493,0,0
0,0,0,0,0,0.038462,0,0,0,0.076923,0.038462,0.038462,0,0,0.076923,0.038462,0.076923,0,0.038462,0.076923,0,0.038462,0,0.038462,0.038462,0,0,0,0,0,0,0.038462,0,0,0.038462,0,0,0.038462,0,0,0.038462,0,0,0,0,0,0,0.038462,0,0,0,0,0,0.038462,0.038462,0,0,0.038462,0,0,0,0,0.076923,0
0.034091,0.022727,0.022727,0,0.034091,0.011364,0,0.011364,0.011364,0,0,0.011364,0.022727,0.011364,0.034091,0.045455,0.022727,0.011364,0.022727,0.034091,0.011364,0.034091,0.011364,0.011364,0.011364,0,0.011364,0.011364,0,0.011364,0.011364,0.022727,0,0,0.022727,0.011364,0,0,0,0.022727,0,0.022727,0.011364,0,0.022727,0.034091,0,0.011364,0,0.034091,0.011364,0.022727,0,0.022727,0.011364,0.022727,0.034091,0.045455,0.011364,0,0.011364,0.045455,0.022727,0.034091
0.0625,0,0,0.0625,0.0625,0,0,0,0,0,0,0,0.0625,0,0,0.1875,0.0625,0,0,0,0,0,0,0,0,0,0,0,0,0,0,0,0.125,0,0,0,0,0,0,0,0,0,0.0625,0,0,0,0,0,0,0.0625,0.0625,0,0,0,0,0,0,0.0625,0,0,0,0,0.0625,0.0625
0.045455,0,0,0.045455,0,0,0.045455,0,0,0,0,0,0,0,0,0.045455,0,0,0.090909,0,0,0,0,0,0.045455,0.045455,0.045455,0,0,0,0,0,0.090909,0.090909,0,0,0,0.045455,0.090909,0,0,0,0,0,0,0,0.090909,0,0.045455,0,0.045455,0,0.045455,0,0,0.045455,0,0,0,0,0,0,0,0
0,0,0,0.032258,0.032258,0,0,0,0,0.032258,0,0.032258,0,0.032258,0,0,0,0,0.032258,0.064516,0,0,0,0,0,0,0,0.032258,0.032258,0.032258,0,0.032258,0.064516,0.032258,0,0,0.032258,0,0.032258,0.032258,0,0,0,0.032258,0.032258,0,0,0.032258,0.064516,0,0.032258,0,0.064516,0.032258,0,0,0,0,0,0,0.032258,0.032258,0,0.064516
0.055556,0.055556,0,0,0,0.16667,0,0,0,0.055556,0,0,0,0.055556,0,0,0,0,0,0.055556,0,0,0,0.055556,0.055556,0,0,0,0,0,0,0,0,0,0,0,0,0.055556,0,0,0,0,0,0,0.16667,0,0.055556,0,0,0,0,0,0,0,0,0,0,0.055556,0,0,0,0,0.11111,0
0,0,0,0.1,0,0,0,0.1,0,0,0,0,0,0,0.1,0.1,0.1,0,0,0,0,0,0,0,0,0,0,0,0.1,0,0,0,0,0,0,0,0,0,0,0,0,0,0,0,0,0,0.1,0,0,0,0,0,0,0.1,0,0,0.1,0,0,0,0,0.1,0,0
0.15,0,0.05,0,0.05,0,0,0,0.05,0,0,0,0.05,0.05,0,0,0,0,0,0,0.05,0,0,0.05,0,0,0,0,0,0,0,0.05,0,0,0,0,0,0,0,0.05,0,0,0,0,0,0,0,0,0,0.05,0,0,0.05,0,0,0,0,0.05,0.05,0.05,0,0,0.05,0.1
0.018519,0.018519,0,0.037037,0,0,0.018519,0.037037,0.037037,0.037037,0.037037,0,0.018519,0.018519,0.018519,0,0.018519,0.018519,0.055556,0.018519,0.018519,0,0.018519,0.018519,0,0,0.037037,0,0,0.037037,0,0,0.037037,0.018519,0,0.018519,0.018519,0.018519,0,0.018519,0.018519,0.018519,0,0,0.037037,0.018519,0.055556,0,0.018519,0.018519,0,0.018519,0.018519,0.018519,0,0,0,0,0.018519,0,0,0,0.018519,0.055556
0,0.043478,0,0.13043,0,0,0,0.086957,0,0,0,0,0,0.086957,0,0.043478,0.13043,0,0,0,0,0,0,0,0.043478,0,0,0,0.043478,0.043478,0,0,0,0,0,0,0,0,0,0,0,0,0,0,0,0,0,0,0.086957,0,0,0.043478,0,0.043478,0,0,0,0.086957,0,0,0.086957,0,0,0
0,0.066667,0.066667,0.066667,0,0,0,0,0,0,0,0,0.066667,0,0,0,0.066667,0.13333,0.066667,0,0,0,0,0,0.066667,0,0,0,0,0,0,0,0,0,0,0,0.13333,0,0,0,0,0,0,0,0,0,0.066667,0,0,0,0,0.066667,0,0,0,0,0,0.066667,0,0,0,0,0.066667,0
0.041667,0.083333,0,0.083333,0,0.041667,0,0,0,0,0,0,0.083333,0.041667,0,0,0,0,0,0.083333,0,0,0.041667,0,0.083333,0,0,0.041667,0,0,0.041667,0.041667,0,0,0,0,0,0,0,0.041667,0,0,0,0,0.041667,0.041667,0.041667,0,0.041667,0,0.041667,0.041667,0,0,0,0,0,0,0,0,0,0,0,0
0.038462,0.038462,0.038462,0,0,0,0,0,0,0,0,0.038462,0,0,0,0.038462,0.038462,0,0.076923,0,0.038462,0,0,0,0.038462,0.11538,0,0,0,0,0.038462,0,0.038462,0,0.038462,0,0,0,0,0,0,0,0,0,0.038462,0,0,0.038462,0,0,0,0,0.038462,0,0.038462,0.038462,0,0.038462,0,0.038462,0.038462,0,0,0.076923
0,0.0625,0,0.0625,0,0,0,0.125,0.0625,0,0,0,0,0.0625,0,0,0,0,0,0,0,0.0625,0,0,0,0,0,0,0,0,0,0,0,0,0,0,0,0,0,0,0.125,0,0,0,0,0,0.0625,0,0,0,0,0,0,0,0,0,0.0625,0.0625,0.125,0,0.0625,0,0,0.0625
0.071429,0.071429,0,0,0,0,0,0.071429,0,0,0,0,0,0,0.071429,0,0,0,0,0.071429,0.071429,0,0,0,0,0,0,0,0,0.14286,0,0,0,0,0,0,0,0,0,0,0,0,0,0,0,0,0,0,0.071429,0.071429,0.071429,0,0,0,0,0,0.071429,0,0,0,0.071429,0.071429,0,0
0,0,0,0,0,0,0,0.071429,0,0,0,0,0,0.071429,0,0.071429,0.071429,0,0.071429,0,0,0,0,0,0,0,0,0,0,0,0,0,0.071429,0,0,0,0,0,0,0,0,0,0.071429,0,0.071429,0,0,0,0,0.14286,0,0,0,0,0.071429,0,0,0,0,0,0.071429,0,0,0.14286
0.043478,0.065217,0.021739,0.021739,0.021739,0,0.021739,0,0.021739,0.021739,0,0.021739,0,0.065217,0.021739,0.021739,0,0,0.021739,0.021739,0.021739,0.021739,0,0.021739,0.043478,0,0,0.021739,0,0,0,0,0.021739,0,0,0,0.021739,0.043478,0.021739,0.021739,0.021739,0.021739,0.021739,0,0,0,0,0.021739,0.065217,0.021739,0,0,0.021739,0,0,0,0,0.065217,0,0,0.043478,0,0.021739,0
0.045455,0,0,0,0,0,0,0,0.045455,0,0,0,0,0,0.045455,0.090909,0.045455,0,0,0,0,0,0,0,0.045455,0,0,0,0,0,0,0.045455,0,0,0,0.045455,0,0.045455,0,0,0,0,0,0,0.090909,0,0,0,0.090909,0.090909,0,0,0,0,0,0,0.045455,0,0,0.090909,0.045455,0,0.045455,0.045455
0,0,0,0,0.090909,0,0,0,0,0.090909,0,0,0,0.090909,0,0,0.090909,0,0,0,0,0.090909,0,0,0,0,0,0.090909,0,0,0,0,0,0.090909,0,0,0,0,0,0,0,0.090909,0,0,0,0,0,0,0,0,0,0,0,0.090909,0,0,0,0.090909,0,0,0.090909,0,0,0
0.035714,0,0,0.035714,0,0.035714,0,0.071429,0,0,0,0.035714,0.071429,0,0,0.035714,0,0,0.071429,0.071429,0,0,0,0,0,0,0,0,0.035714,0,0.035714,0,0.035714,0,0,0,0,0,0.035714,0.035714,0,0,0,0,0,0.035714,0,0,0,0,0.035714,0.035714,0.035714,0,0.035714,0,0.035714,0,0,0,0.035714,0.035714,0.071429,0
0.11765,0.029412,0.029412,0.029412,0,0,0,0,0,0.029412,0,0,0,0,0,0.029412,0.058824,0,0,0.058824,0.029412,0.029412,0,0,0.029412,0,0.029412,0,0,0.029412,0.029412,0.029412,0,0,0.029412,0,0,0,0.029412,0.029412,0,0,0,0,0.029412,0,0,0,0,0.029412,0.029412,0,0.058824,0.029412,0,0,0,0,0,0,0.029412,0.058824,0.029412,0.029412
0.083333,0,0,0,0,0,0,0,0.027778,0,0,0.083333,0,0,0,0,0,0,0.027778,0.027778,0,0,0.055556,0,0,0.027778,0.027778,0.027778,0.027778,0.027778,0.055556,0,0,0,0.027778,0,0.027778,0.027778,0.027778,0,0,0,0,0,0.027778,0.027778,0,0,0,0,0,0,0.027778,0,0.027778,0.083333,0.027778,0.027778,0,0.027778,0.027778,0.055556,0,0.027778
0.058824,0,0.058824,0.058824,0.058824,0.058824,0,0,0,0,0,0,0,0,0,0.058824,0.058824,0,0,0.058824,0.058824,0,0,0,0,0.058824,0,0,0,0,0,0,0,0,0,0,0.11765,0,0,0,0,0,0,0,0,0,0.058824,0,0,0.058824,0,0,0,0,0,0,0,0.058824,0,0,0.058824,0,0,0.058824
0,0,0,0,0,0,0,0,0,0,0,0,0,0,0,0.15,0.05,0,0.05,0.1,0,0,0,0,0,0.05,0.05,0.05,0.05,0,0,0.05,0.05,0,0,0,0.05,0,0,0,0,0.05,0,0,0,0,0.05,0.05,0,0.05,0,0,0,0,0,0,0,0,0,0,0.05,0.05,0,0
0.083333,0.083333,0,0,0,0,0,0.083333,0,0,0,0,0,0,0,0,0.16667,0,0.16667,0,0,0.083333,0,0,0.083333,0.083333,0,0,0,0,0.083333,0,0,0,0,0,0,0,0,0,0,0,0,0,0,0,0,0,0,0,0,0,0,0,0,0,0,0,0,0.083333,0,0,0,0
0,0,0,0.083333,0.25,0,0,0,0,0,0,0,0,0,0,0.083333,0.083333,0,0,0,0,0,0,0,0,0,0,0,0,0,0,0,0,0.083333,0,0,0,0,0,0,0,0,0,0,0,0,0,0,0,0.083333,0,0.083333,0,0,0,0,0.083333,0,0,0,0,0,0,0.16667
0,0,0,0,0.04,0,0.04,0,0,0,0,0,0,0.04,0.04,0,0,0.04,0,0,0,0,0.08,0,0.04,0,0.08,0,0,0.04,0.08,0.04,0,0.04,0,0,0,0,0,0,0.04,0.16,0,0,0,0,0.04,0.04,0,0,0,0,0,0,0.04,0,0,0.08,0,0,0,0,0,0
0.076923,0,0,0,0,0,0,0,0,0,0,0,0,0,0.076923,0,0.15385,0,0,0.076923,0,0,0.076923,0,0,0,0,0,0,0,0,0,0,0.076923,0.076923,0,0,0,0,0,0,0,0,0,0,0,0.076923,0,0,0,0.076923,0,0,0,0,0,0.076923,0,0,0,0.076923,0,0.076923,0
0.0625,0.0625,0,0,0.0625,0,0,0.0625,0.0625,0,0,0,0,0,0,0,0,0,0,0.0625,0,0,0,0,0,0,0,0,0,0,0,0.0625,0,0,0,0,0.0625,0,0,0,0,0,0,0,0,0,0,0,0.125,0.0625,0,0,0,0.0625,0,0,0,0.0625,0,0,0,0.0625,0.125,0
0,0,0,0,0,0,0,0,0,0,0,0,0,0,0,0,0,0,0,0,0,0,0,0.058824,0.058824,0,0,0,0.058824,0,0,0,0,0,0,0,0.058824,0,0,0.17647,0,0,0,0,0,0.058824,0.11765,0,0,0,0,0,0.058824,0,0,0.058824,0,0.058824,0,0,0.058824,0,0.11765,0.058824
0,0,0,0,0,0,0,0,0,0,0.047619,0,0,0,0,0.095238,0,0,0.047619,0,0,0.047619,0.047619,0,0,0.14286,0,0,0,0.095238,0.047619,0,0,0,0.047619,0.047619,0,0,0,0,0,0,0,0,0,0.047619,0,0.047619,0,0,0,0,0,0,0,0.14286,0,0.047619,0,0,0,0.047619,0,0
0.032258,0.064516,0,0,0,0,0,0,0,0.032258,0,0.032258,0,0.032258,0.032258,0.064516,0.032258,0,0,0,0.032258,0,0,0,0.064516,0,0,0.032258,0,0,0,0,0,0,0,0,0,0,0,0,0,0,0,0,0,0,0.032258,0,0.064516,0,0,0.064516,0,0,0.064516,0,0,0.032258,0.032258,0.032258,0,0.032258,0.16129,0.032258
0,0.083333,0,0,0,0,0,0,0.083333,0,0,0,0,0,0,0,0,0,0,0,0.083333,0,0,0,0,0,0,0,0,0,0,0,0.083333,0,0,0,0,0,0,0,0,0,0,0,0,0,0,0,0,0,0,0.083333,0,0,0.083333,0.083333,0.083333,0.083333,0,0,0.16667,0.083333,0,0
0.076923,0,0,0,0,0.076923,0,0.076923,0,0,0,0,0,0,0,0.076923,0.076923,0,0,0,0,0,0,0,0.076923,0.076923,0.076923,0.076923,0,0,0,0,0,0,0,0,0,0,0,0,0,0,0,0,0,0,0,0,0,0,0,0.076923,0,0,0,0,0.076923,0.076923,0,0,0.076923,0,0,0
0,0,0,0,0,0.076923,0,0,0,0,0,0,0.076923,0,0,0.076923,0,0,0,0,0,0,0,0,0,0.076923,0,0,0,0,0,0,0,0,0,0.076923,0.076923,0,0,0,0,0,0,0,0,0,0,0.076923,0,0,0,0,0.076923,0.076923,0,0.076923,0,0,0,0,0,0,0.15385,0.076923
0.052632,0.052632,0,0,0.052632,0,0.052632,0,0,0.052632,0,0,0,0.052632,0,0.052632,0,0,0,0,0,0,0,0,0.052632,0,0,0.052632,0,0,0,0,0,0,0.052632,0,0,0.052632,0,0.052632,0.052632,0,0,0,0,0,0.052632,0,0.052632,0.052632,0,0.10526,0,0,0,0,0,0,0,0,0,0.052632,0,0
0,0,0,0.090909,0,0,0.090909,0,0,0,0,0,0,0,0.090909,0,0,0,0,0,0,0,0.090909,0,0,0,0,0,0.090909,0,0,0,0.090909,0,0.090909,0,0,0,0,0,0,0,0,0,0.090909,0,0,0,0.090909,0,0,0,0,0,0.090909,0,0,0,0,0,0,0,0,0.090909
0,0,0,0,0,0.041667,0,0,0,0,0,0,0.041667,0.041667,0,0,0.125,0.041667,0,0.041667,0.041667,0,0,0,0,0,0.083333,0,0.041667,0,0,0,0,0,0,0,0,0,0,0,0,0.041667,0,0,0,0,0,0.041667,0.083333,0.041667,0.041667,0.16667,0,0,0.083333,0,0,0,0,0,0,0,0,0
0,0,0,0,0.31579,0.052632,0,0,0,0.052632,0,0,0,0.052632,0.052632,0,0,0,0,0,0,0,0,0,0.052632,0,0,0,0,0.10526,0,0,0,0,0,0,0.10526,0,0.052632,0,0,0,0,0,0,0,0,0.052632,0,0,0.052632,0,0,0,0.052632,0,0,0,0,0,0,0,0,0
0,0,0,0,0.13333,0,0,0,0,0,0,0,0.066667,0,0.066667,0.066667,0,0.066667,0,0.066667,0,0,0,0,0,0.13333,0,0.066667,0,0.066667,0,0,0.066667,0,0,0,0,0,0.066667,0,0,0,0,0,0,0,0,0,0,0,0,0,0.066667,0,0,0,0,0,0,0,0,0,0,0.066667
0.064516,0.032258,0.032258,0,0,0,0.032258,0,0,0,0,0,0.064516,0,0,0.032258,0.064516,0.032258,0,0,0,0,0,0,0,0,0,0,0,0,0.032258,0,0,0,0.032258,0,0,0.032258,0.032258,0.032258,0.032258,0.032258,0,0,0.032258,0.032258,0.032258,0.032258,0.032258,0.032258,0,0,0.032258,0.032258,0.032258,0,0,0,0,0.032258,0.032258,0.032258,0.032258,0
0.055556,0,0,0,0,0,0,0,0,0,0,0,0.055556,0,0.055556,0.055556,0,0.11111,0.055556,0.11111,0,0,0,0,0.055556,0,0,0,0.055556,0,0,0.055556,0,0,0,0,0,0,0,0,0,0,0,0.055556,0.055556,0,0,0,0,0,0,0.055556,0,0,0,0,0,0,0,0,0,0,0,0.16667
0.057143,0.028571,0,0.028571,0.028571,0,0.028571,0,0,0,0.028571,0,0.028571,0,0,0.085714,0,0,0.057143,0,0,0,0,0,0.028571,0,0,0.028571,0.028571,0,0,0,0.028571,0,0,0,0.028571,0,0,0,0,0,0,0,0,0.028571,0,0,0,0.057143,0,0.057143,0.028571,0.028571,0.028571,0,0,0.028571,0.028571,0,0.057143,0.028571,0.085714,0.028571
0.066667,0.022222,0,0.044444,0,0,0,0,0,0.022222,0,0,0.022222,0.022222,0,0.022222,0,0,0.066667,0.066667,0.022222,0,0.022222,0,0,0.022222,0.022222,0,0,0.022222,0.022222,0.044444,0.022222,0,0,0,0.022222,0.022222,0.022222,0,0,0.022222,0,0,0.022222,0,0.022222,0.022222,0.022222,0.022222,0,0.088889,0,0,0,0,0,0.022222,0,0.066667,0.022222,0,0.022222,0.022222
0,0,0,0.038462,0.038462,0,0,0,0,0,0,0,0.076923,0,0,0.038462,0.038462,0,0,0,0,0,0.038462,0,0,0.038462,0,0.076923,0,0,0.038462,0.038462,0,0,0,0,0.038462,0,0.038462,0,0,0,0,0,0.038462,0,0.076923,0,0.038462,0,0,0.038462,0,0,0,0,0,0.038462,0.076923,0,0.076923,0.076923,0,0
0,0,0.058824,0,0,0.058824,0,0,0,0,0,0,0.058824,0.11765,0,0.11765,0.058824,0,0,0.058824,0.058824,0,0,0,0,0,0,0.058824,0.11765,0,0,0,0,0,0,0,0.058824,0,0,0,0,0.058824,0,0,0,0,0,0,0,0,0,0,0,0,0,0,0.058824,0,0,0,0,0.058824,0,0
0.071429,0,0,0,0,0,0.071429,0,0,0,0,0.071429,0,0.21429,0,0.071429,0,0.071429,0,0,0,0,0,0.071429,0,0,0,0,0,0,0,0,0,0,0,0,0,0,0,0.071429,0,0,0,0,0,0,0,0,0.071429,0,0,0,0,0,0.14286,0,0,0,0,0.071429,0,0,0,0
0.11765,0,0,0,0,0,0.058824,0,0.058824,0,0,0,0.058824,0.058824,0,0,0,0.058824,0,0.058824,0,0,0,0,0,0,0,0,0,0,0,0,0,0,0,0,0,0,0.11765,0,0,0,0,0,0,0,0.058824,0,0,0,0,0,0.058824,0,0,0,0.058824,0.058824,0,0.058824,0.058824,0,0,0.058824
0.10526,0.052632,0.10526,0,0.10526,0,0,0,0.052632,0.052632,0,0.052632,0,0,0,0,0.10526,0,0,0.052632,0,0,0,0,0,0,0,0,0,0,0,0,0.10526,0.052632,0,0,0.052632,0,0,0,0.052632,0,0,0,0,0,0,0,0,0,0,0,0,0,0,0,0,0,0.052632,0,0,0,0,0
0.045455,0.045455,0,0,0,0,0,0,0,0,0,0,0,0,0.045455,0,0,0,0,0,0.045455,0,0,0,0,0,0,0.13636,0,0,0,0,0,0,0,0.045455,0.090909,0,0.045455,0.090909,0.045455,0.045455,0,0.18182,0,0,0,0,0,0,0,0.045455,0,0,0,0,0,0,0.045455,0.045455,0,0,0,0
0,0.074074,0,0,0.074074,0.037037,0,0.037037,0.037037,0,0,0,0.074074,0,0.074074,0.037037,0,0,0,0,0,0.037037,0,0,0.037037,0.037037,0,0,0,0,0,0,0,0,0.037037,0,0,0,0,0,0,0.037037,0.074074,0,0,0,0.037037,0,0,0.074074,0,0,0,0.037037,0,0,0,0.074074,0,0.037037,0,0,0,0.037037
0,0,0,0.029412,0,0.058824,0.058824,0,0.029412,0,0,0.029412,0.029412,0,0,0.029412,0,0,0,0.058824,0.11765,0,0,0,0.029412,0,0.029412,0,0.029412,0.029412,0,0.029412,0,0,0.029412,0,0.088235,0,0,0,0,0,0,0,0,0,0.029412,0,0.058824,0,0,0,0,0.029412,0.029412,0,0,0.029412,0,0.029412,0.029412,0,0.029412,0.029412
0,0,0,0.076923,0,0,0,0,0,0,0,0,0,0,0.076923,0,0,0,0.076923,0.076923,0,0,0.15385,0,0.076923,0,0,0,0,0,0.076923,0.076923,0,0,0,0,0,0,0,0,0,0,0,0,0.076923,0,0,0,0.076923,0,0,0.076923,0,0,0,0.076923,0,0,0,0,0,0,0,0
0,0,0,0,0.10526,0,0,0,0,0,0,0.052632,0.052632,0,0.052632,0,0,0,0,0.052632,0,0,0,0,0,0,0,0,0,0,0,0,0,0,0,0,0.052632,0,0,0,0.052632,0.052632,0,0,0.052632,0,0.052632,0,0.052632,0,0,0.052632,0.052632,0.052632,0,0,0.052632,0.052632,0,0,0.052632,0,0.052632,0
0.076923,0,0.076923,0.15385,0,0.076923,0,0,0,0,0,0,0.076923,0,0.076923,0.076923,0,0,0,0,0,0,0,0,0,0,0,0,0,0.076923,0,0,0.076923,0,0,0,0,0,0,0,0,0,0,0,0.076923,0,0,0,0,0,0,0,0,0,0.076923,0,0,0,0,0.076923,0,0,0,0
0.034483,0.034483,0.10345,0.034483,0,0.034483,0,0,0,0,0.034483,0,0,0,0,0,0.068966,0,0.034483,0,0,0,0,0,0.034483,0.034483,0,0,0,0,0,0.034483,0.10345,0,0.034483,0,0.034483,0,0,0.034483,0.068966,0.034483,0.034483,0,0.034483,0.034483,0,0,0,0,0,0,0,0,0.034483,0,0,0.034483,0.034483,0,0,0,0,0
0.16667,0,0,0,0,0,0.083333,0,0,0,0.083333,0,0,0,0,0,0,0,0,0,0,0.16667,0,0,0,0.083333,0,0,0,0,0,0,0,0,0,0,0,0,0,0,0.083333,0.083333,0,0,0,0.083333,0,0,0,0,0.083333,0,0,0,0,0,0,0,0.083333,0,0,0,0,0
0.18182,0,0.090909,0.090909,0,0,0.090909,0,0,0,0,0.090909,0,0,0,0,0,0,0,0,0.090909,0,0,0,0,0,0,0,0,0,0.090909,0,0,0,0,0,0,0,0,0,0.090909,0,0,0,0,0,0,0,0,0,0,0,0,0,0,0,0.090909,0.090909,0,0,0,0,0,0
0,0.0625,0,0.0625,0,0,0,0,0,0,0,0,0,0,0,0.1875,0,0,0,0,0,0,0,0,0,0,0,0,0,0,0,0,0,0,0,0,0.0625,0,0.0625,0,0,0,0,0,0,0,0,0.0625,0.0625,0,0,0.0625,0.0625,0.0625,0,0,0,0,0,0.0625,0.125,0,0.0625,0
0,0,0.022727,0.022727,0,0,0,0.022727,0,0.045455,0,0.022727,0,0.068182,0,0,0.022727,0.045455,0,0.045455,0.045455,0.022727,0,0,0.022727,0.022727,0,0,0,0,0.068182,0.022727,0,0.022727,0,0,0,0.022727,0.022727,0,0,0.068182,0,0,0.045455,0,0.045455,0.022727,0,0,0,0,0.022727,0,0.022727,0,0,0.045455,0.022727,0.068182,0,0.022727,0,0.022727
0,0.047619,0.047619,0,0,0,0,0.047619,0,0.047619,0,0,0,0.047619,0,0,0,0,0,0,0.047619,0,0,0,0,0,0,0.047619,0,0,0.047619,0.047619,0,0,0,0,0,0,0.047619,0.047619,0,0,0,0,0,0,0.095238,0,0,0,0,0,0,0,0,0,0,0.047619,0.095238,0.14286,0.047619,0,0.047619,0
0.10811,0,0.027027,0.054054,0,0,0,0,0.027027,0,0,0.027027,0.027027,0,0,0.054054,0.081081,0.027027,0.10811,0,0,0,0,0,0.027027,0.027027,0,0,0,0,0,0,0,0,0.027027,0,0,0,0,0.027027,0,0.054054,0,0,0,0,0,0,0.054054,0.027027,0,0,0,0,0,0,0.027027,0.081081,0.027027,0,0,0.027027,0,0.054054
0,0,0,0,0.044444,0.088889,0,0,0,0,0,0,0,0,0.022222,0.066667,0,0.044444,0.022222,0,0.022222,0.044444,0,0,0,0.022222,0,0.066667,0.022222,0.044444,0,0,0,0.022222,0.022222,0,0.044444,0.066667,0.022222,0.066667,0,0,0,0,0,0,0,0.13333,0,0,0.022222,0,0,0.022222,0.022222,0,0,0,0,0,0,0.044444,0,0
0,0,0,0,0,0,0,0,0,0.11111,0,0,0,0.11111,0,0,0,0,0.11111,0,0,0,0,0,0.11111,0,0.11111,0,0,0,0.11111,0,0,0,0,0,0,0,0,0,0,0,0,0,0,0.11111,0,0,0,0.11111,0,0,0,0,0,0,0.11111,0,0,0,0,0,0,0
0.090909,0.022727,0.022727,0.022727,0.022727,0.022727,0.045455,0,0,0.022727,0,0,0,0.022727,0.022727,0,0.045455,0.13636,0.022727,0,0,0,0.045455,0,0,0.045455,0,0,0,0,0.022727,0,0.022727,0,0,0,0.068182,0,0.022727,0.022727,0.045455,0,0,0.022727,0,0,0,0,0.022727,0.022727,0,0,0.022727,0.022727,0.022727,0,0.022727,0,0,0,0.022727,0,0,0
0,0.06383,0.042553,0.042553,0.12766,0,0.06383,0,0.021277,0.021277,0,0,0.042553,0,0,0,0.021277,0.14894,0.021277,0.021277,0,0,0,0,0.021277,0,0,0.021277,0.021277,0,0,0,0.021277,0,0,0.021277,0.021277,0,0,0,0,0.021277,0,0,0,0,0.042553,0,0.06383,0,0.021277,0,0,0,0.021277,0,0.021277,0.021277,0,0,0,0.021277,0,0
0.030303,0,0.060606,0,0,0,0,0.030303,0,0.060606,0,0.030303,0,0,0.060606,0,0.060606,0,0,0,0,0,0,0,0,0,0.030303,0,0,0,0,0,0,0.030303,0,0,0.060606,0,0.030303,0,0,0,0.030303,0.030303,0.030303,0,0.030303,0.060606,0.030303,0.030303,0,0,0,0.030303,0.030303,0,0,0.090909,0,0,0.060606,0,0.030303,0.030303
0.025641,0.051282,0.025641,0,0.025641,0,0.025641,0,0,0,0,0,0,0.051282,0,0.025641,0.10256,0,0.12821,0.025641,0.051282,0,0,0,0,0,0,0,0.025641,0,0,0,0.025641,0,0.051282,0,0.076923,0.051282,0,0.025641,0.025641,0,0,0,0.025641,0,0,0,0.025641,0,0,0,0.025641,0,0.025641,0,0,0,0.025641,0,0.051282,0,0,0
0.03125,0,0,0.03125,0,0,0,0.03125,0,0,0.0625,0.03125,0,0,0.0625,0,0.03125,0.03125,0,0,0,0.03125,0,0.03125,0,0,0.03125,0,0,0.03125,0,0,0.03125,0,0,0,0,0.03125,0.03125,0,0,0,0,0,0,0,0,0.03125,0,0,0.03125,0,0,0.03125,0.03125,0,0.15625,0,0,0.03125,0.03125,0.0625,0.03125,0.03125
0,0,0,0,0.035714,0,0.071429,0.035714,0,0.071429,0,0,0,0,0,0,0.071429,0,0,0,0,0.035714,0,0,0,0,0,0.035714,0,0,0.035714,0,0,0,0.035714,0,0.035714,0.035714,0,0.071429,0,0.10714,0,0,0,0,0,0,0,0,0,0.035714,0,0.071429,0.035714,0,0,0.035714,0.035714,0,0.035714,0,0.071429,0
0.125,0,0,0,0,0,0,0,0.125,0,0,0,0,0,0,0,0,0,0,0,0.125,0,0.125,0,0,0.125,0,0,0,0,0,0,0,0,0,0,0,0,0,0.125,0,0,0,0,0,0.125,0,0,0.125,0,0,0,0,0,0,0,0,0,0,0,0,0,0,0
0.033333,0,0.066667,0,0,0,0,0,0,0.066667,0.033333,0,0,0.033333,0.033333,0,0,0,0,0.066667,0,0,0.033333,0,0.033333,0,0,0,0,0,0.033333,0,0,0,0,0,0,0.033333,0,0,0,0,0,0.1,0,0.1,0,0,0.033333,0,0,0.033333,0.066667,0,0.033333,0,0.033333,0.033333,0.033333,0,0,0,0.066667,0
0,0,0.060606,0,0.030303,0,0,0,0.12121,0,0,0,0,0,0,0.030303,0,0,0.030303,0,0,0,0,0,0.030303,0.030303,0,0,0,0.15152,0,0,0.060606,0,0.030303,0,0.030303,0,0,0,0.030303,0.030303,0,0,0.030303,0,0,0,0,0.030303,0.030303,0,0,0.030303,0.030303,0.090909,0,0,0,0.030303,0,0.030303,0,0.030303
0,0.013333,0,0,0.053333,0.013333,0,0,0.013333,0.04,0,0.013333,0.013333,0.026667,0,0,0.013333,0.053333,0.026667,0,0.04,0,0.026667,0,0.013333,0.026667,0.04,0,0,0.013333,0.026667,0.026667,0.04,0,0,0.013333,0.026667,0.013333,0.013333,0.013333,0.013333,0.013333,0,0.066667,0.013333,0,0.04,0.04,0.026667,0.04,0,0,0,0,0,0.013333,0.013333,0.013333,0.013333,0.013333,0.013333,0.04,0.013333,0
0,0,0,0,0,0,0,0,0,0,0,0,0,0.1,0,0,0,0,0,0,0,0,0,0.1,0,0.2,0,0,0,0,0,0.1,0,0,0,0,0,0,0,0,0,0.1,0,0,0,0,0,0,0,0.1,0,0,0,0,0,0,0,0,0,0.1,0,0,0,0.2
0.125,0,0,0.041667,0,0,0,0,0,0,0,0,0,0,0.041667,0,0,0.041667,0,0,0,0,0,0,0.041667,0,0.041667,0.041667,0,0.041667,0.041667,0.041667,0,0,0.041667,0,0.041667,0,0,0,0,0,0.041667,0,0,0.041667,0.041667,0,0,0.041667,0.083333,0,0,0,0,0.041667,0.041667,0,0,0,0,0.041667,0.041667,0
0.11765,0.058824,0,0.058824,0.058824,0.058824,0,0,0,0,0,0,0.058824,0,0.058824,0.058824,0.058824,0,0,0,0,0,0,0,0,0,0,0,0,0,0.058824,0,0,0,0,0,0,0,0,0,0.058824,0,0,0,0,0.058824,0,0,0.058824,0,0,0,0,0,0,0,0,0,0,0,0.058824,0,0,0.11765
0.095238,0,0.047619,0,0,0,0,0,0,0,0,0,0.047619,0.047619,0,0.047619,0,0,0,0.047619,0.047619,0,0,0,0,0,0,0,0,0.047619,0,0,0,0,0,0.047619,0,0,0,0,0,0,0.047619,0,0,0,0,0,0.047619,0.047619,0.047619,0,0,0,0,0,0,0,0.047619,0,0.095238,0,0,0.19048
0.068966,0,0,0.068966,0.034483,0,0.068966,0,0,0,0,0,0,0.034483,0,0.034483,0,0,0.034483,0.034483,0.034483,0,0,0.034483,0.034483,0.034483,0,0,0,0,0,0.034483,0.10345,0,0,0,0.10345,0,0,0.034483,0,0.10345,0,0,0,0,0,0,0,0,0,0,0.034483,0.034483,0,0,0,0,0,0,0.034483,0,0,0
0.04878,0.04878,0,0,0,0,0.02439,0.04878,0,0,0,0,0,0.02439,0,0,0,0,0.02439,0,0,0,0,0.02439,0.02439,0,0,0,0,0,0.04878,0.04878,0.02439,0,0.02439,0,0.04878,0.02439,0,0,0.02439,0,0.02439,0,0.04878,0.04878,0,0.02439,0.02439,0,0,0.073171,0,0.02439,0.02439,0.02439,0,0.02439,0.02439,0.02439,0,0.02439,0.02439,0.04878
0,0.047619,0.095238,0,0.095238,0,0,0,0,0,0,0,0,0,0,0.047619,0,0,0.047619,0,0,0.047619,0,0,0,0,0,0,0,0,0,0,0,0,0.095238,0,0,0,0,0,0,0,0,0,0,0,0,0,0,0.047619,0,0,0.14286,0,0.047619,0,0,0,0.095238,0,0.047619,0.047619,0.047619,0.047619
0,0,0.052632,0,0.052632,0,0,0,0,0.10526,0,0,0.052632,0,0,0,0.052632,0.052632,0,0,0,0,0,0,0,0,0,0,0,0,0,0,0,0,0,0.052632,0,0.15789,0,0.052632,0,0,0,0,0,0,0,0.052632,0,0,0.052632,0,0,0.052632,0,0,0.052632,0.10526,0.052632,0,0,0,0,0
0.090909,0,0,0,0,0,0,0,0,0.090909,0,0,0,0,0,0.090909,0,0,0,0,0,0,0,0,0,0,0,0,0,0,0,0,0,0,0,0,0,0,0,0,0,0,0,0,0,0,0.090909,0.090909,0.090909,0.090909,0,0.090909,0.090909,0,0,0,0,0,0,0.090909,0.090909,0,0,0
0,0,0,0,0,0,0,0,0.066667,0,0,0.066667,0,0,0,0,0.066667,0,0,0,0,0,0,0,0.066667,0,0,0,0,0,0,0,0,0,0,0,0,0,0.066667,0,0,0.066667,0.066667,0,0,0,0.26667,0,0,0,0,0,0,0,0,0,0,0.066667,0.066667,0.13333,0,0,0,0
0.043478,0,0,0,0.13043,0.086957,0,0,0,0.043478,0.043478,0,0,0,0,0,0,0,0.086957,0,0.086957,0,0,0.043478,0,0,0,0,0,0.086957,0,0.043478,0,0,0,0,0,0,0.043478,0.043478,0,0,0,0,0,0,0,0,0,0,0.043478,0,0,0,0.043478,0,0,0,0,0.043478,0.043478,0.043478,0,0
0.023256,0.023256,0.023256,0,0,0,0,0,0,0.023256,0,0,0.069767,0,0.023256,0.093023,0.046512,0,0.069767,0,0.023256,0,0.023256,0,0.023256,0,0.046512,0,0,0.046512,0.069767,0,0.023256,0,0,0,0.023256,0,0.023256,0,0.046512,0,0.023256,0,0,0,0.023256,0,0,0,0.023256,0.023256,0,0,0,0,0,0.046512,0.023256,0,0,0,0.069767,0.023256
0.066667,0.13333,0,0.066667,0,0.066667,0,0,0,0,0,0.066667,0.066667,0.066667,0,0,0,0,0,0,0.066667,0,0,0,0.066667,0,0,0,0,0,0,0,0,0,0,0,0,0,0,0,0,0,0,0.066667,0,0.066667,0,0,0.066667,0,0.066667,0,0,0,0,0,0,0.066667,0,0,0,0,0,0
0.033333,0.033333,0.033333,0.066667,0.033333,0.033333,0.033333,0,0,0,0,0,0,0,0.033333,0,0.066667,0.033333,0,0,0,0.033333,0,0,0,0.033333,0,0,0,0,0,0,0,0,0.033333,0,0.066667,0,0,0.033333,0,0,0,0,0,0.033333,0,0.066667,0,0,0,0,0,0,0.066667,0,0,0.066667,0.033333,0,0.033333,0.033333,0.033333,0.033333
0,0.058824,0,0.11765,0,0,0,0.058824,0,0.058824,0,0,0,0,0,0,0.17647,0,0,0,0,0,0.058824,0,0.058824,0,0,0,0,0,0,0,0,0.11765,0.058824,0,0,0,0,0,0,0,0,0,0,0,0,0.058824,0.058824,0,0.058824,0,0,0,0,0,0,0,0.058824,0,0,0,0,0
0.066667,0,0,0,0,0,0,0,0.13333,0,0.066667,0,0,0,0.066667,0,0,0.066667,0,0,0.066667,0,0,0,0,0.066667,0,0.066667,0,0,0,0,0.066667,0,0,0,0,0.066667,0,0,0.066667,0,0,0,0,0.066667,0,0,0,0.066667,0,0,0,0,0,0.066667,0,0,0,0,0,0,0,0
0.11429,0.085714,0,0.028571,0,0,0,0,0.028571,0.028571,0,0,0,0.028571,0.057143,0,0,0,0,0,0,0,0,0,0,0.028571,0,0,0,0,0,0,0.028571,0.028571,0,0,0.028571,0.028571,0.057143,0,0.028571,0.057143,0,0,0.028571,0,0.057143,0,0.028571,0,0,0.028571,0.028571,0,0.057143,0,0,0.028571,0,0.028571,0.028571,0.028571,0,0
0.13235,0.029412,0.029412,0.044118,0.029412,0.014706,0,0.014706,0.014706,0.014706,0,0.014706,0,0.029412,0,0.029412,0.014706,0,0.029412,0.014706,0.014706,0,0.014706,0.029412,0,0.014706,0.029412,0.014706,0,0.014706,0,0,0.044118,0.014706,0.014706,0,0,0,0,0,0,0,0,0,0.029412,0.029412,0.029412,0,0,0.014706,0,0.029412,0.044118,0.029412,0,0.044118,0.014706,0,0,0,0.014706,0.014706,0.029412,0.014706
0,0,0,0,0,0,0.043478,0,0,0,0,0.043478,0,0,0,0.043478,0,0.043478,0,0.043478,0,0,0.043478,0,0,0,0,0,0,0,0,0.043478,0,0,0,0.043478,0.043478,0,0.043478,0,0,0.043478,0,0,0,0.086957,0.086957,0,0,0,0.043478,0,0.086957,0,0.043478,0,0.043478,0,0,0,0.043478,0,0,0.086957
0.13333,0,0.066667,0.066667,0,0,0,0,0,0,0,0,0,0,0,0,0,0,0.066667,0,0,0,0,0,0,0,0,0,0,0,0,0,0.066667,0,0,0,0.066667,0,0.13333,0,0,0.066667,0.2,0,0,0,0,0,0,0,0,0,0.066667,0,0,0,0.066667,0,0,0,0,0,0,0
0.125,0.1875,0.0625,0.0625,0.0625,0,0.125,0,0,0,0,0,0,0,0.0625,0,0,0,0,0,0,0,0,0,0,0,0,0,0,0,0,0,0,0,0.125,0,0,0,0,0,0.0625,0,0,0,0,0,0,0,0.0625,0,0,0,0,0,0,0,0,0,0,0.0625,0,0,0,0
0,0,0,0,0,0,0,0.071429,0,0.071429,0.071429,0,0,0,0,0,0,0,0.071429,0,0.071429,0,0,0,0,0,0,0,0,0,0.071429,0.071429,0,0,0,0,0,0,0.071429,0.071429,0.071429,0,0.071429,0,0,0,0,0,0,0,0,0,0,0,0,0.071429,0.071429,0,0,0,0,0,0.071429,0
0,0,0,0,0,0,0.1,0,0,0,0,0.1,0,0,0,0,0,0,0.1,0,0,0,0.1,0.1,0,0,0,0,0,0,0,0,0,0,0,0,0,0,0,0.1,0,0,0.1,0,0,0,0,0,0,0,0,0,0,0,0,0,0,0.2,0,0,0,0,0,0.1
0,0.014493,0,0.028986,0.014493,0.014493,0.014493,0,0.014493,0.028986,0,0.028986,0,0.028986,0,0.014493,0.014493,0.014493,0.014493,0.028986,0,0.028986,0,0,0.014493,0,0,0.043478,0,0.028986,0.028986,0.014493,0.014493,0,0.014493,0.043478,0.028986,0.014493,0,0,0,0,0.043478,0.014493,0,0.014493,0,0.028986,0.014493,0.028986,0,0,0.014493,0.028986,0.014493,0.014493,0.028986,0,0.014493,0.043478,0.028986,0.043478,0.014493,0.057971
0,0,0.023256,0,0,0,0,0,0.023256,0,0.069767,0,0.046512,0.023256,0,0.046512,0,0,0,0,0.023256,0.023256,0.023256,0,0.046512,0,0.023256,0,0,0,0.023256,0.069767,0.023256,0,0.023256,0.023256,0.023256,0,0,0,0,0,0.046512,0,0.023256,0,0,0.023256,0.023256,0,0,0,0.046512,0.023256,0.046512,0,0.023256,0,0,0,0,0.023256,0.069767,0.093023
0.055556,0.055556,0.055556,0,0.055556,0,0,0,0.11111,0,0,0,0,0,0.055556,0,0,0.055556,0.055556,0,0,0,0,0,0.055556,0.055556,0,0,0,0,0,0,0,0,0,0,0,0.055556,0,0,0,0,0,0,0,0.055556,0.055556,0,0.055556,0,0.055556,0,0,0,0,0,0,0,0.055556,0,0.055556,0,0,0
0.064516,0.032258,0.064516,0.032258,0.032258,0,0,0,0,0,0,0.032258,0,0,0.032258,0,0.096774,0.032258,0,0.032258,0,0,0.032258,0,0,0.032258,0,0,0,0.032258,0,0,0,0.032258,0.096774,0,0,0,0,0,0,0,0.032258,0,0,0.032258,0,0,0.032258,0,0,0.032258,0,0,0.032258,0,0.032258,0,0.064516,0.032258,0,0.032258,0,0
0,0,0,0,0,0,0,0,0,0,0,0.052632,0,0.052632,0.10526,0.10526,0,0,0.052632,0,0.052632,0,0,0,0,0,0.052632,0,0,0,0,0,0.052632,0,0,0,0,0,0,0,0,0,0,0,0,0,0,0,0,0,0,0,0,0.052632,0.052632,0,0.052632,0.10526,0,0.052632,0,0,0.10526,0.052632
0,0,0,0,0,0,0.0625,0,0,0,0,0,0,0,0,0.1875,0,0,0,0,0,0,0,0,0.125,0,0,0.0625,0.0625,0,0.0625,0,0,0,0,0,0,0,0,0,0,0,0,0,0.0625,0,0,0,0,0.125,0,0.0625,0,0,0.0625,0.0625,0,0.0625,0,0,0,0,0,0
0.1,0,0,0,0,0,0,0,0,0,0,0,0,0,0,0,0.1,0,0,0.1,0,0,0,0,0,0.2,0.1,0,0,0,0,0,0,0,0,0.1,0,0,0,0,0,0,0,0,0,0,0.1,0,0.2,0,0,0,0,0,0,0,0,0,0,0,0,0,0,0
0,0,0.0625,0,0,0,0,0,0,0,0,0,0,0,0.125,0,0,0.0625,0,0,0,0,0,0,0.0625,0,0,0,0,0,0,0,0,0,0,0,0,0.0625,0,0,0,0,0,0.0625,0,0,0,0.125,0,0,0,0.0625,0,0,0,0,0.0625,0,0.0625,0.0625,0.0625,0.0625,0,0.0625
0.11111,0,0,0,0.055556,0,0.055556,0,0.055556,0.055556,0,0,0,0.055556,0,0,0,0,0,0.055556,0,0,0,0,0,0,0,0.055556,0,0.055556,0,0,0,0,0,0.055556,0,0,0.055556,0,0,0,0.055556,0,0,0.055556,0.055556,0,0,0,0,0,0,0.11111,0,0.055556,0,0,0,0,0,0,0,0
0.23077,0.076923,0,0.038462,0.11538,0,0.038462,0.019231,0,0.057692,0,0,0.019231,0,0,0.019231,0.038462,0.019231,0,0,0.019231,0,0,0,0,0.019231,0.019231,0,0.019231,0,0,0,0.038462,0.019231,0,0.019231,0.019231,0,0.019231,0,0.019231,0.019231,0,0,0,0,0,0,0.019231,0,0.038462,0,0,0,0,0,0,0,0,0,0.019231,0,0,0.019231
0.16667,0,0,0,0,0,0,0,0,0,0,0,0,0,0.083333,0,0,0,0,0,0,0,0.083333,0,0.083333,0,0,0.083333,0.083333,0,0,0,0,0,0,0,0,0,0,0,0,0,0,0,0,0,0,0.083333,0.083333,0,0,0,0,0,0,0,0,0,0,0,0.083333,0.16667,0,0
0.083333,0,0,0,0,0,0,0,0,0,0,0,0.055556,0.027778,0,0.11111,0.055556,0.027778,0,0.027778,0,0.027778,0,0,0.027778,0,0,0,0,0,0,0.027778,0,0,0,0,0.027778,0,0.027778,0.027778,0,0,0,0,0,0.055556,0.027778,0,0.055556,0.027778,0,0,0.027778,0.055556,0,0,0.027778,0,0,0,0.16667,0,0,0
0.10714,0.035714,0.035714,0.035714,0.071429,0,0.035714,0,0,0,0,0,0,0.035714,0,0.035714,0,0,0.035714,0,0.035714,0.035714,0,0,0,0.035714,0,0,0,0.035714,0.035714,0,0.035714,0,0,0.035714,0.035714,0,0.035714,0,0,0,0,0,0,0.035714,0.035714,0,0,0,0.035714,0,0,0,0.035714,0,0,0,0.035714,0,0.071429,0,0,0
0.052632,0.010526,0,0.021053,0.010526,0.010526,0.010526,0.021053,0.010526,0.010526,0,0.021053,0,0.042105,0,0,0.031579,0,0.021053,0.021053,0.031579,0.021053,0.042105,0.021053,0.010526,0.010526,0,0,0.010526,0,0,0.010526,0.021053,0.021053,0.021053,0,0.021053,0.021053,0,0,0.031579,0.021053,0.021053,0,0,0.010526,0.031579,0,0.010526,0.010526,0.021053,0,0.010526,0.021053,0,0.021053,0.031579,0.021053,0.021053,0,0.031579,0.031579,0.042105,0.052632
0.066667,0,0,0,0.066667,0,0,0,0,0,0,0,0,0,0,0,0,0,0,0,0.066667,0,0,0,0.066667,0,0,0,0,0,0,0.066667,0,0,0,0,0.066667,0,0,0.2,0,0.066667,0,0,0.066667,0,0,0,0,0,0,0,0,0.066667,0,0,0,0,0.066667,0,0,0,0.066667,0.066667
0,0,0,0.043478,0,0.043478,0,0,0,0.043478,0,0,0.043478,0.043478,0,0.043478,0.043478,0.043478,0.043478,0.043478,0,0,0,0,0,0,0,0,0,0,0.086957,0,0.043478,0,0,0,0,0.043478,0,0,0,0,0,0,0,0,0.21739,0,0,0.043478,0,0,0,0,0,0,0,0,0.043478,0.043478,0,0,0,0.043478
0,0.071429,0.071429,0.14286,0,0,0,0,0,0,0,0,0,0,0,0,0,0,0,0,0,0,0.071429,0,0,0,0,0.071429,0,0,0,0,0,0,0,0,0,0,0,0,0,0,0.071429,0,0,0,0,0,0.071429,0,0.071429,0.071429,0,0,0.071429,0,0,0,0,0,0.071429,0,0.071429,0.071429
0,0,0,0.020833,0.14583,0,0.020833,0.020833,0,0,0,0,0.020833,0,0,0,0,0.020833,0,0.020833,0,0.020833,0.0625,0.125,0.020833,0.020833,0,0,0.020833,0.0625,0,0.14583,0,0,0,0,0.020833,0,0,0.041667,0,0.020833,0,0,0,0,0,0,0,0.020833,0,0,0.041667,0,0,0.020833,0,0.020833,0,0,0.020833,0.020833,0.020833,0
0.055556,0,0,0.055556,0,0,0,0,0.055556,0,0,0,0,0,0,0.11111,0.055556,0.055556,0,0.055556,0.055556,0.055556,0,0,0.055556,0,0,0,0,0,0,0.055556,0,0,0,0,0,0,0,0,0,0,0,0,0,0,0,0,0,0,0.055556,0,0.11111,0,0,0,0,0,0,0,0,0.055556,0,0.11111
0,0.055556,0,0,0,0,0,0,0,0.055556,0,0,0,0,0.055556,0.055556,0.055556,0,0,0,0.055556,0,0,0.055556,0,0.055556,0,0.055556,0,0,0,0,0,0,0.055556,0,0,0.055556,0,0,0,0,0,0,0,0,0.11111,0,0,0,0,0,0,0.055556,0,0,0,0.11111,0.055556,0.055556,0,0,0,0
0,0.0625,0,0,0,0,0,0,0.0625,0,0,0,0.0625,0,0,0,0,0,0.0625,0,0,0.0625,0,0,0,0,0,0,0,0,0,0.0625,0,0,0.0625,0,0,0.125,0.0625,0,0.125,0,0,0,0,0.0625,0.0625,0,0,0,0,0,0,0,0,0,0,0,0,0.0625,0,0,0.0625,0
0,0,0,0,0.05,0,0,0,0.05,0,0,0,0,0,0.1,0,0,0,0,0,0,0,0,0,0,0,0.05,0.05,0,0.05,0.05,0,0,0,0,0,0,0,0,0.05,0,0.05,0,0.05,0,0.05,0,0.05,0,0,0,0,0,0,0,0,0,0.05,0,0.05,0,0.1,0.1,0.05
0.10526,0,0,0,0,0,0,0,0.052632,0.21053,0,0,0,0,0,0,0,0,0,0,0,0,0,0.052632,0,0,0,0,0,0,0,0,0,0,0,0,0,0,0,0,0.052632,0.10526,0.10526,0,0,0,0,0,0.052632,0,0.052632,0,0,0,0,0,0.052632,0,0,0,0.10526,0,0,0.052632
0,0,0,0,0,0,0,0,0,0,0,0,0,0,0.035714,0,0.035714,0.071429,0,0,0,0,0.035714,0,0,0,0.035714,0,0,0.071429,0.035714,0,0,0,0,0,0,0,0.035714,0,0,0,0,0.035714,0,0.035714,0,0,0,0,0,0.035714,0.071429,0,0.071429,0,0,0,0.035714,0.17857,0,0.071429,0,0.10714
0.05,0.05,0,0,0,0,0,0,0.1,0,0,0,0.05,0,0.1,0,0.1,0,0,0,0,0,0.05,0,0,0.05,0,0,0,0,0,0,0,0,0,0,0.05,0,0,0,0,0,0,0,0,0,0,0.05,0.05,0,0,0,0.1,0,0,0,0,0,0,0.05,0,0.05,0.1,0
0,0,0.076923,0,0,0.076923,0.076923,0,0,0,0,0,0,0,0,0,0,0,0,0,0,0,0,0,0,0,0,0,0,0,0,0,0,0,0,0,0.076923,0.15385,0,0,0,0,0,0,0,0,0,0.076923,0,0,0,0,0.23077,0,0.076923,0,0,0,0,0.076923,0.076923,0,0,0
0,0.055556,0,0.055556,0,0,0,0,0,0.055556,0,0,0,0.055556,0,0.055556,0.11111,0,0.055556,0,0.055556,0,0,0.11111,0,0.055556,0,0,0,0,0,0,0,0,0,0.055556,0.055556,0.055556,0.055556,0.055556,0,0,0,0,0,0,0,0,0,0,0,0,0,0,0.055556,0,0,0,0,0,0,0,0,0
0,0,0,0,0,0,0,0,0,0,0,0,0.076923,0,0,0,0.15385,0,0,0,0,0.076923,0.076923,0,0,0,0.076923,0,0,0,0,0.076923,0,0,0.076923,0,0,0,0.076923,0,0,0,0,0,0,0,0.076923,0,0,0,0,0.076923,0,0,0,0.076923,0,0,0,0,0,0,0.076923,0
0.125,0,0,0,0,0,0.0625,0,0,0,0,0,0,0.0625,0,0,0,0.1875,0,0,0,0.0625,0,0,0,0,0,0,0,0,0,0,0,0,0.0625,0.0625,0,0,0.0625,0.0625,0.125,0,0,0,0,0,0,0,0.0625,0,0,0,0,0,0,0,0.0625,0,0,0,0,0,0,0
0,0,0,0,0.076923,0.076923,0,0,0,0,0,0.076923,0.076923,0,0,0.076923,0,0,0,0,0,0,0,0,0,0,0,0,0,0,0,0.076923,0.076923,0,0,0,0,0,0,0,0,0,0.076923,0,0.076923,0,0,0,0,0,0,0,0.076923,0.076923,0.076923,0,0.076923,0,0,0,0,0,0,0
0.046154,0.015385,0.015385,0.030769,0.015385,0,0.015385,0.015385,0.015385,0,0.030769,0,0.046154,0,0.030769,0.046154,0.030769,0,0.030769,0.015385,0.030769,0.015385,0,0,0.015385,0.030769,0.015385,0,0.015385,0,0.015385,0.030769,0.030769,0,0.015385,0.030769,0,0,0,0,0,0,0,0,0.030769,0.015385,0.015385,0,0.015385,0.015385,0.030769,0,0,0,0,0.046154,0.015385,0,0.015385,0.030769,0.046154,0.030769,0.015385,0.030769
0.028986,0.014493,0.043478,0,0.014493,0.014493,0,0,0,0,0,0.014493,0.057971,0.014493,0,0.043478,0,0.014493,0.028986,0.014493,0.014493,0,0.014493,0.043478,0.028986,0.014493,0,0.014493,0,0.014493,0,0.028986,0.028986,0,0,0,0.014493,0,0,0,0.028986,0,0,0.014493,0,0.057971,0,0.10145,0.014493,0.014493,0.014493,0.043478,0.014493,0.014493,0.043478,0,0.014493,0.014493,0,0.043478,0.014493,0,0.014493,0.014493
0,0,0.090909,0,0,0,0.090909,0,0,0,0,0,0,0,0.090909,0,0,0,0.090909,0.090909,0,0,0,0,0,0,0,0.090909,0,0,0,0,0.090909,0,0,0,0,0,0,0,0,0,0,0,0,0,0.090909,0,0,0,0,0,0,0,0,0,0.090909,0,0,0.090909,0,0,0.090909,0
0,0,0,0,0.05,0,0.05,0,0,0,0,0.05,0,0,0,0,0,0,0,0.05,0.05,0,0,0,0,0,0,0.15,0.05,0,0,0.05,0,0,0,0,0,0.05,0,0.05,0,0,0.05,0,0.05,0,0.05,0,0,0.05,0,0.05,0.05,0,0.05,0,0,0,0,0.05,0,0,0,0
0,0,0,0.055556,0,0,0.055556,0.055556,0,0,0,0,0.055556,0,0.055556,0,0,0,0,0,0,0,0,0.055556,0,0.055556,0,0,0,0.055556,0,0,0,0,0,0,0,0,0.055556,0,0,0.055556,0,0,0.055556,0,0,0,0.055556,0.11111,0,0,0.055556,0,0.055556,0,0,0,0.055556,0.055556,0,0,0,0
0,0.032258,0.016129,0.032258,0.048387,0.016129,0,0.032258,0.048387,0.032258,0.016129,0,0.048387,0,0,0.016129,0.016129,0.016129,0.016129,0.016129,0,0,0.016129,0.032258,0.016129,0,0.016129,0.016129,0,0,0,0,0.032258,0,0.016129,0.016129,0.064516,0,0.048387,0,0.016129,0.016129,0.016129,0,0.016129,0,0.032258,0.032258,0.016129,0,0.032258,0,0.016129,0,0.048387,0,0.016129,0,0.032258,0.016129,0,0.016129,0,0
0.15385,0.076923,0,0,0,0,0,0,0.076923,0,0,0.076923,0,0,0,0.076923,0,0.076923,0,0,0,0,0,0,0,0,0,0,0,0,0,0,0,0,0,0,0,0,0,0,0,0,0,0,0,0,0,0,0.076923,0.076923,0,0.076923,0.076923,0,0,0,0,0.076923,0,0,0,0,0.076923,0
0.054054,0.040541,0.013514,0.027027,0.013514,0,0,0,0.027027,0.040541,0.027027,0,0,0.013514,0,0,0.067568,0,0.054054,0.013514,0.040541,0,0,0,0.013514,0.040541,0,0,0.013514,0.013514,0.027027,0,0,0,0.013514,0,0.013514,0.013514,0,0.013514,0.054054,0.013514,0,0,0.013514,0.027027,0.013514,0,0,0.013514,0.040541,0,0,0.027027,0.027027,0.013514,0,0.013514,0.027027,0.013514,0.013514,0,0.054054,0.040541
0.29412,0.058824,0,0.058824,0,0,0,0,0,0,0,0,0.058824,0,0,0,0.058824,0,0.058824,0,0.058824,0,0,0,0,0,0,0,0,0,0.058824,0,0,0,0,0,0,0,0,0,0,0,0,0,0,0.058824,0.058824,0,0,0,0.058824,0,0,0,0,0,0,0.058824,0,0,0,0,0.058824,0
0.037037,0.037037,0,0,0,0,0,0,0,0,0.037037,0,0,0,0,0.037037,0,0.037037,0,0,0.074074,0,0,0,0,0.037037,0.037037,0,0.037037,0,0,0,0.037037,0,0,0,0.11111,0,0.037037,0.037037,0.074074,0.037037,0.037037,0,0,0.037037,0.037037,0.074074,0,0,0,0,0.037037,0,0,0,0,0,0,0.037037,0,0,0,0.037037
0,0,0,0,0,0,0.041667,0,0,0,0,0,0,0,0,0,0,0,0,0,0,0,0,0,0,0,0.041667,0,0,0,0.083333,0,0,0.041667,0.041667,0,0,0,0.083333,0,0,0,0,0,0.041667,0,0.16667,0.041667,0,0,0,0,0,0,0,0,0.041667,0,0.041667,0.33333,0,0,0,0
0,0,0.055556,0,0.055556,0,0,0.055556,0,0,0,0,0,0.055556,0,0,0,0,0.055556,0,0,0,0,0,0,0,0,0,0,0,0,0.055556,0,0,0,0,0,0,0,0,0,0,0,0,0.055556,0.055556,0,0.11111,0,0,0,0.055556,0,0,0.055556,0,0,0.055556,0,0,0.055556,0.055556,0,0.16667
0,0,0,0.11765,0.11765,0.058824,0,0,0,0,0,0,0.17647,0,0,0,0,0,0,0,0,0,0,0,0.058824,0.058824,0,0,0,0,0,0,0.058824,0,0.058824,0,0,0,0,0,0,0,0,0,0,0.058824,0,0,0.058824,0,0,0.058824,0,0,0,0,0,0,0.058824,0.058824,0,0,0,0
0,0,0,0,0,0,0,0,0.047619,0,0,0,0,0.047619,0,0.047619,0.095238,0,0.047619,0,0.095238,0.047619,0,0,0.047619,0.047619,0,0,0.047619,0,0.047619,0,0,0,0,0,0.047619,0,0,0,0,0,0,0,0,0.047619,0,0,0.095238,0,0,0,0.047619,0,0.047619,0,0,0,0.047619,0,0,0,0.047619,0
0.045455,0,0,0.045455,0,0,0.045455,0,0,0,0,0,0,0.090909,0.045455,0,0,0.045455,0,0,0,0,0,0,0,0,0,0,0,0.045455,0,0.090909,0.045455,0,0,0,0,0,0,0,0,0.045455,0,0,0,0,0.090909,0,0,0,0.045455,0,0,0,0.045455,0,0,0.045455,0,0.045455,0.045455,0.045455,0,0.090909
0.026667,0.013333,0.013333,0.026667,0.013333,0.026667,0,0.013333,0.013333,0.04,0.013333,0.013333,0,0.013333,0.026667,0.04,0.013333,0.026667,0,0,0,0.053333,0.053333,0.013333,0,0.04,0.013333,0.026667,0,0.013333,0.04,0.013333,0.013333,0,0,0,0.013333,0.053333,0.013333,0.013333,0,0,0,0,0,0,0.013333,0.013333,0.013333,0,0.013333,0.013333,0,0.013333,0.04,0,0.013333,0.013333,0.013333,0.026667,0.026667,0.04,0,0.04
0.022727,0.022727,0,0.022727,0.045455,0,0.022727,0.022727,0,0,0,0.045455,0.045455,0.022727,0,0.045455,0,0,0.022727,0.022727,0,0,0.022727,0,0,0,0,0,0.022727,0.022727,0,0.045455,0.022727,0,0,0,0,0,0,0.022727,0.022727,0,0,0.045455,0,0,0.022727,0,0.022727,0,0.045455,0.045455,0.022727,0,0,0,0,0.022727,0,0,0.045455,0.022727,0.022727,0.13636
0,0.058824,0.058824,0,0,0,0,0,0,0,0,0,0,0.058824,0,0.058824,0.11765,0,0,0,0,0,0,0,0,0.058824,0,0.058824,0,0,0,0,0,0,0,0,0,0.058824,0,0,0,0,0,0,0,0,0.058824,0,0,0,0,0,0,0,0,0,0.058824,0.17647,0,0,0,0,0.058824,0.11765
0.1,0,0.05,0,0,0,0,0,0.05,0,0,0,0,0,0,0.1,0,0,0,0.05,0.05,0,0,0,0,0,0,0.2,0,0,0.05,0.05,0.05,0,0,0,0,0,0,0.05,0,0,0,0,0,0,0.05,0,0,0,0,0,0,0,0,0.05,0,0,0,0,0,0.1,0,0
0,0,0,0,0,0,0.125,0,0,0,0,0,0,0,0,0,0.0625,0,0,0.0625,0,0,0,0,0,0,0,0,0,0,0,0.0625,0.0625,0.0625,0.0625,0,0,0.0625,0,0,0.0625,0,0,0,0,0,0,0,0,0.0625,0,0,0,0.1875,0,0,0,0,0.0625,0,0,0.0625,0,0
0.1,0,0,0,0,0,0.033333,0,0,0,0.033333,0.033333,0.033333,0,0.066667,0.033333,0.033333,0.033333,0,0,0.033333,0.033333,0,0,0,0.033333,0,0.033333,0,0,0,0,0.033333,0,0,0,0,0,0.033333,0,0.033333,0,0.066667,0.033333,0,0,0,0.066667,0.033333,0,0,0,0.033333,0,0,0,0,0.13333,0,0,0,0,0,0
0,0,0,0,0,0,0,0,0,0,0.1,0,0.1,0,0,0,0,0,0,0,0,0,0.1,0,0,0,0,0,0,0,0,0,0,0,0.1,0,0.1,0.1,0,0,0,0,0,0,0,0,0.1,0,0,0,0,0,0,0.1,0,0.1,0,0.1,0,0,0,0,0,0
0.057143,0,0.028571,0.028571,0,0,0,0,0.028571,0.028571,0.028571,0,0,0.028571,0,0,0.028571,0.028571,0.028571,0,0.028571,0,0.057143,0.028571,0.028571,0,0,0.028571,0,0,0.028571,0,0.028571,0.028571,0,0,0.057143,0.028571,0.028571,0,0,0.057143,0.028571,0,0,0,0.085714,0,0,0,0,0,0.057143,0,0,0,0,0,0.028571,0.028571,0.028571,0,0,0
0.020408,0.040816,0,0,0,0.040816,0.020408,0,0,0.18367,0,0.020408,0,0.061224,0,0,0,0.040816,0.020408,0,0,0,0,0,0,0,0,0,0.020408,0.040816,0,0,0,0.020408,0,0,0,0.040816,0,0.020408,0,0.020408,0,0.040816,0,0,0.020408,0,0,0,0.020408,0,0.040816,0.020408,0.040816,0,0,0.081633,0,0.040816,0,0.020408,0,0.061224
0,0,0,0,0,0,0,0,0.12,0.04,0,0,0,0,0,0.04,0.08,0.04,0,0,0,0,0,0,0.04,0.04,0.04,0,0.04,0,0,0,0,0,0,0,0,0,0.04,0,0,0.04,0,0,0,0.12,0,0,0,0.04,0,0,0.12,0.04,0,0,0,0.04,0,0,0,0.04,0,0.04
0,0,0.076923,0,0.076923,0.076923,0,0,0,0.23077,0,0,0.076923,0,0,0,0,0,0,0,0,0,0,0,0,0,0,0,0,0,0,0,0,0,0,0.076923,0,0,0.076923,0,0,0,0,0,0,0,0,0.076923,0,0,0,0,0,0,0.076923,0,0,0,0.076923,0.076923,0,0,0,0
0,0,0,0.060606,0,0,0,0.030303,0,0,0,0,0,0,0.030303,0.060606,0.030303,0,0.030303,0,0.030303,0.030303,0,0.030303,0,0,0,0,0,0.030303,0,0.060606,0.030303,0.030303,0,0,0.060606,0,0,0.030303,0,0,0,0.060606,0.030303,0,0,0.030303,0.030303,0,0,0,0,0.030303,0.030303,0,0.030303,0.030303,0.030303,0,0,0.060606,0.030303,0.030303
0,0.15385,0.076923,0,0,0.076923,0,0,0.076923,0,0,0.076923,0,0,0,0.076923,0,0,0,0,0,0,0,0,0,0,0,0,0,0,0,0,0,0,0,0,0.076923,0,0.076923,0,0,0.076923,0,0,0,0,0,0,0.076923,0,0,0,0,0,0,0,0.076923,0,0,0,0,0,0,0.076923
0.1,0,0,0,0,0,0,0,0,0,0,0,0,0,0,0,0,0.1,0,0.1,0,0,0,0,0,0,0,0,0,0,0.1,0,0,0.1,0,0,0,0,0,0.1,0,0,0,0,0,0,0,0,0.1,0,0.1,0,0,0,0,0,0,0,0,0,0,0.1,0.1,0
0,0,0,0,0,0,0,0,0,0,0.1,0,0.1,0,0,0,0,0,0,0,0,0,0,0,0,0,0,0,0,0,0.2,0,0,0,0.1,0,0.1,0,0,0,0,0,0,0,0.1,0,0,0,0,0.1,0,0,0,0,0,0,0,0,0,0,0.1,0,0.1,0
0.10714,0,0,0,0.071429,0.035714,0,0,0,0,0,0.035714,0.035714,0.071429,0,0.035714,0.071429,0.035714,0,0.035714,0.035714,0.035714,0,0,0.035714,0.035714,0,0.035714,0.035714,0,0.035714,0,0,0,0,0.035714,0,0,0,0,0,0.035714,0.035714,0,0,0,0,0,0.035714,0,0,0,0,0,0,0,0,0.035714,0,0.035714,0,0,0,0
0.1875,0,0,0,0,0.0625,0,0,0.0625,0,0,0,0,0,0,0,0.0625,0,0,0,0,0,0,0,0,0.0625,0,0,0,0,0,0,0.0625,0.0625,0,0,0,0,0,0,0.125,0,0,0,0,0,0.0625,0,0.0625,0,0.0625,0,0,0.0625,0,0,0.0625,0,0,0,0,0,0,0
0,0,0,0,0.055556,0,0,0,0,0,0,0,0,0,0,0.055556,0,0,0,0.055556,0,0,0,0,0,0.055556,0,0.055556,0,0,0,0,0,0.055556,0,0,0,0,0,0.055556,0,0,0,0,0,0.055556,0.055556,0.22222,0.055556,0,0.055556,0,0,0,0,0,0.055556,0.055556,0,0.055556,0,0,0,0
0,0,0,0.055556,0,0,0,0,0,0.055556,0,0.055556,0,0,0,0.11111,0.055556,0.055556,0,0,0.055556,0,0,0,0.055556,0,0,0,0,0,0,0,0,0,0,0,0,0,0,0.055556,0,0,0,0,0,0,0,0,0.055556,0,0.055556,0,0,0,0.055556,0,0,0,0,0,0.055556,0.11111,0,0.11111
0,0.090909,0,0,0.090909,0,0,0,0,0,0,0,0.090909,0,0,0,0,0.090909,0,0,0.090909,0,0,0,0,0,0,0.090909,0,0,0,0,0,0,0,0,0,0,0,0,0,0,0,0,0,0,0,0,0,0,0,0,0,0,0,0.090909,0.090909,0,0.090909,0,0.090909,0,0.090909,0
0.052632,0,0,0,0.052632,0,0,0,0,0,0,0,0,0,0,0.052632,0,0,0,0.15789,0,0,0,0,0,0,0,0.052632,0,0,0,0,0,0,0,0,0,0,0,0,0,0,0,0,0,0,0.10526,0.052632,0,0.052632,0,0,0,0.052632,0.052632,0,0,0,0,0.10526,0.052632,0.052632,0,0.10526
0.11765,0,0.058824,0,0.17647,0,0,0,0,0,0,0,0,0,0,0,0.058824,0,0,0,0,0,0,0,0,0,0.058824,0,0,0,0.058824,0,0.058824,0,0,0,0.058824,0,0,0,0,0.058824,0,0,0,0,0.058824,0,0,0,0,0,0,0,0,0,0.058824,0,0.058824,0.058824,0,0,0,0.058824
0,0.066667,0.066667,0,0,0,0,0,0,0.066667,0,0,0,0,0,0,0.066667,0,0,0,0,0,0,0,0,0,0,0.066667,0,0,0,0,0,0.066667,0,0.066667,0,0,0.066667,0,0,0,0,0,0,0.066667,0.066667,0,0.066667,0,0,0,0,0,0,0.066667,0,0.066667,0,0,0,0.066667,0.066667,0
0,0,0.04,0,0.08,0,0.04,0,0,0,0,0,0.04,0,0,0,0,0,0,0,0,0.04,0,0.04,0,0,0,0,0.04,0,0.24,0,0,0,0,0,0,0.04,0,0,0,0,0,0,0,0,0.04,0,0.04,0,0,0.04,0,0,0.04,0,0,0,0,0,0,0,0.08,0.16
0.068966,0,0.034483,0.034483,0,0,0,0,0,0,0,0.034483,0,0,0,0,0,0.034483,0,0.034483,0.034483,0,0,0,0.068966,0.034483,0,0,0,0.034483,0,0.034483,0,0.034483,0,0,0,0,0.068966,0,0,0,0,0,0,0,0.10345,0,0.068966,0,0,0,0,0,0.034483,0.034483,0,0,0,0.10345,0.034483,0,0.034483,0.034483
0.071429,0.071429,0,0,0,0,0.071429,0,0.071429,0,0,0,0,0,0,0,0,0,0,0,0,0,0,0,0.071429,0,0.14286,0,0,0,0.071429,0,0.071429,0,0,0,0.14286,0.071429,0.071429,0,0,0,0,0,0,0,0,0,0,0,0,0,0.071429,0,0,0,0,0,0,0,0,0,0,0
0.032787,0.016393,0,0,0.04918,0,0.016393,0,0.032787,0.016393,0,0,0.04918,0,0,0,0.016393,0.032787,0.016393,0.04918,0.04918,0,0.032787,0,0.016393,0,0.016393,0,0,0,0.016393,0.032787,0,0,0.016393,0,0,0.016393,0.04918,0,0,0,0.016393,0.016393,0.032787,0.016393,0,0.081967,0,0.016393,0.016393,0.032787,0.016393,0,0.032787,0.04918,0,0,0,0,0.065574,0.016393,0.016393,0
0,0,0,0.15385,0,0.076923,0.076923,0,0,0,0,0,0,0,0,0.076923,0.076923,0,0.076923,0,0,0,0,0,0,0,0.076923,0,0.076923,0,0.076923,0,0,0,0,0,0,0,0,0,0,0,0,0,0,0,0.076923,0.076923,0,0,0,0,0,0,0.076923,0,0,0,0,0,0,0,0,0
0.058824,0,0,0,0.058824,0,0,0,0,0,0,0.058824,0,0.11765,0,0,0.058824,0,0,0,0.058824,0,0,0,0,0,0,0,0,0,0,0,0.058824,0,0,0,0,0.058824,0.058824,0,0,0,0,0,0,0,0.058824,0.058824,0,0,0,0.058824,0,0,0,0,0,0.11765,0,0.058824,0,0.058824,0,0
0.052632,0.10526,0,0,0,0,0,0,0.052632,0,0.052632,0,0,0,0,0.052632,0,0,0.052632,0.052632,0,0,0,0,0,0,0,0,0,0.052632,0,0.052632,0.052632,0.052632,0,0,0,0,0.052632,0,0.10526,0.052632,0,0,0,0,0,0,0,0,0.052632,0,0,0,0,0,0,0,0,0,0,0.10526,0,0
0.22222,0.055556,0,0,0,0,0,0,0,0,0,0,0,0,0,0,0.11111,0,0,0,0.055556,0,0,0,0,0,0,0,0,0,0.055556,0,0.11111,0,0.055556,0,0,0,0,0,0,0,0,0,0.055556,0,0.055556,0,0,0,0,0.055556,0,0,0,0,0,0,0.055556,0,0.055556,0.055556,0,0
0.16667,0,0,0.041667,0.041667,0,0,0,0.041667,0.041667,0,0,0.083333,0,0.083333,0.041667,0.083333,0,0,0.041667,0,0,0,0,0,0,0,0,0,0,0,0,0,0,0,0,0.041667,0,0,0,0,0,0,0,0,0,0.083333,0,0,0.041667,0,0.041667,0.041667,0,0,0,0.041667,0,0,0,0.041667,0,0,0
0,0.083333,0,0,0,0,0,0,0,0,0,0,0,0,0.083333,0,0,0,0,0,0,0,0,0,0,0,0,0,0,0,0,0,0,0.083333,0,0,0.083333,0.083333,0,0,0,0,0,0,0.083333,0,0,0,0,0.16667,0,0,0,0,0.083333,0,0,0.083333,0,0,0,0,0.16667,0
0.0625,0,0,0,0,0.125,0,0.0625,0,0,0,0,0,0,0.0625,0,0,0,0.0625,0,0,0,0,0.0625,0,0,0,0,0,0,0,0,0,0.0625,0,0,0.0625,0,0,0,0,0,0,0,0,0,0,0.0625,0,0.125,0,0.125,0,0,0,0,0,0,0,0,0,0,0.0625,0.0625
0,0,0,0.10526,0,0,0,0.10526,0.052632,0,0,0.052632,0,0,0,0,0,0,0,0,0.052632,0,0,0,0.052632,0.052632,0,0,0,0,0,0.052632,0,0,0,0,0,0,0.052632,0.052632,0.052632,0,0,0.052632,0,0.052632,0,0,0,0,0,0.052632,0.052632,0,0,0,0.052632,0.052632,0,0,0,0,0,0
0.041667,0,0.041667,0.041667,0.083333,0.041667,0,0,0,0,0.041667,0.041667,0.041667,0,0,0,0.041667,0.041667,0,0.083333,0,0,0,0,0,0,0,0,0,0,0,0,0.041667,0,0,0,0.041667,0.041667,0.041667,0,0,0,0,0,0,0,0,0,0.041667,0,0,0.041667,0,0,0.083333,0.041667,0,0,0.041667,0,0.041667,0,0,0
0,0.066667,0,0,0,0,0.066667,0,0,0,0,0.066667,0,0,0,0.066667,0,0.066667,0,0,0,0,0,0,0,0,0,0,0,0,0,0.066667,0,0,0.066667,0,0,0.13333,0,0.066667,0,0,0,0,0,0,0,0,0,0.066667,0,0,0.066667,0,0.13333,0,0,0,0,0,0,0,0.066667,0
0.055556,0,0.055556,0,0,0,0,0.055556,0,0,0,0.055556,0,0,0,0.055556,0,0,0.055556,0,0,0,0,0,0.11111,0,0,0,0,0,0,0.055556,0.055556,0,0,0,0.055556,0,0,0,0,0.055556,0.055556,0,0,0,0.055556,0,0,0,0,0,0.11111,0.055556,0,0,0,0,0,0,0,0.055556,0,0
0.081081,0,0.027027,0,0.027027,0,0.027027,0.054054,0,0,0,0,0,0,0,0,0,0.054054,0.027027,0.081081,0,0,0.054054,0,0.027027,0.027027,0.027027,0,0,0,0,0,0,0,0,0.027027,0,0,0,0,0.027027,0.027027,0.027027,0,0,0,0,0.027027,0,0,0.027027,0.054054,0,0,0.054054,0.027027,0.027027,0.081081,0,0.027027,0.027027,0,0.027027,0
0.066667,0,0,0,0.066667,0,0,0,0,0,0,0.066667,0,0,0,0,0,0,0,0.066667,0.066667,0.13333,0,0.066667,0,0,0,0,0,0,0,0,0,0,0,0,0.066667,0,0,0.066667,0,0,0.066667,0,0,0.066667,0,0,0,0,0.066667,0,0,0,0.066667,0,0,0.066667,0,0,0,0,0,0
0.10345,0,0,0.068966,0.034483,0,0,0,0.034483,0,0,0,0,0,0.034483,0.034483,0,0.10345,0,0,0.034483,0,0,0,0.034483,0,0,0,0,0,0.034483,0,0.034483,0,0.034483,0,0,0.034483,0.10345,0,0,0,0,0,0,0,0.17241,0.034483,0,0,0,0,0,0,0,0,0,0,0,0.034483,0,0,0.034483,0
0,0.055556,0,0,0,0,0,0.027778,0,0.055556,0,0,0,0,0,0,0,0,0.11111,0,0.027778,0,0,0,0,0.11111,0,0,0,0.055556,0.027778,0,0,0,0.027778,0,0.027778,0.083333,0.027778,0,0,0.027778,0,0.027778,0,0,0,0.027778,0.027778,0,0,0,0.027778,0.027778,0,0,0.027778,0.055556,0,0.027778,0.027778,0.027778,0.027778,0
0.2,0,0,0,0.1,0,0,0,0,0,0,0.1,0,0,0,0,0,0,0,0,0,0.2,0,0,0,0.1,0,0,0,0,0.1,0,0,0,0,0,0,0,0,0,0.1,0,0,0,0,0,0,0,0,0,0,0,0,0,0,0,0,0,0,0,0,0.1,0,0
0.11765,0,0,0,0.058824,0,0.058824,0,0.058824,0,0,0,0,0,0,0.11765,0,0,0.058824,0,0,0,0.058824,0,0.058824,0,0,0,0,0.058824,0,0,0,0,0,0,0,0,0,0.058824,0,0,0,0,0,0,0,0,0,0,0,0,0,0.058824,0,0.058824,0.058824,0.058824,0,0,0,0,0,0.058824
0,0,0,0,0.058824,0,0,0,0,0.058824,0.11765,0,0,0,0,0,0,0,0.058824,0,0,0.058824,0,0,0.058824,0,0,0.058824,0,0,0,0.058824,0,0.058824,0,0,0,0,0,0,0,0,0,0,0,0,0,0,0,0,0,0.11765,0,0,0.058824,0.058824,0,0,0.058824,0.058824,0,0.058824,0,0
0.2,0.12,0,0.04,0.04,0,0,0.08,0,0,0,0,0.04,0.04,0,0,0,0,0.04,0,0.04,0,0,0,0,0.04,0,0.04,0,0,0,0,0.04,0,0,0,0.04,0,0,0,0,0,0,0,0.04,0.04,0,0,0.04,0,0,0,0.04,0,0,0,0,0,0,0,0,0.04,0,0
0.058824,0,0,0,0,0.058824,0,0,0,0,0.058824,0.11765,0,0,0,0,0.058824,0,0,0,0.058824,0,0,0,0,0,0,0,0,0,0,0,0.058824,0.058824,0,0,0.058824,0,0,0,0,0,0,0,0,0,0,0,0.058824,0,0,0,0,0.058824,0,0,0.058824,0,0.11765,0.058824,0,0.058824,0,0
0.058824,0.029412,0,0.029412,0,0,0.058824,0,0,0.029412,0,0.058824,0,0.029412,0,0.058824,0.029412,0.029412,0.029412,0,0.058824,0,0.029412,0,0.029412,0,0.058824,0,0,0,0.029412,0,0,0,0.029412,0,0,0,0.029412,0.029412,0,0.029412,0,0.029412,0,0,0.029412,0,0,0,0.029412,0,0,0,0.029412,0,0,0.058824,0,0,0.058824,0,0,0
0,0,0,0,0,0,0,0,0,0,0,0,0,0,0,0.0625,0.0625,0,0,0,0.0625,0,0,0,0.0625,0,0,0.0625,0,0,0,0.0625,0,0,0,0,0,0,0,0,0,0,0,0,0,0,0.0625,0,0,0,0,0,0,0.0625,0,0,0.0625,0,0,0.125,0,0,0.125,0.1875
0.064516,0,0,0,0,0,0,0.032258,0,0.032258,0.032258,0,0.064516,0,0,0,0,0,0,0,0.032258,0,0,0,0.032258,0,0,0,0.064516,0,0,0.032258,0,0,0,0,0.032258,0,0.032258,0.032258,0,0,0,0,0,0,0.032258,0,0.096774,0,0,0.064516,0,0.032258,0,0,0,0.096774,0.032258,0.064516,0.064516,0,0.032258,0
0.034483,0,0.034483,0,0.13793,0.034483,0,0,0,0.034483,0.034483,0,0.068966,0,0,0,0.034483,0,0,0,0.034483,0,0,0.034483,0,0,0,0,0,0,0.034483,0,0,0,0,0,0.10345,0,0,0,0,0,0,0,0,0,0.034483,0.068966,0,0.034483,0,0,0.068966,0.068966,0,0,0,0,0,0,0,0,0.034483,0.068966
0.05,0.05,0,0,0,0,0,0,0,0,0,0.1,0,0,0,0,0,0,0,0,0,0,0.05,0.05,0.05,0,0,0.05,0,0,0.05,0,0,0,0,0.05,0.1,0,0,0,0,0,0,0,0.05,0,0,0.05,0.05,0,0,0,0.05,0,0.05,0,0,0,0.05,0,0.05,0,0.05,0
0.0625,0,0,0,0.0625,0,0,0,0,0,0,0.0625,0,0.0625,0,0.0625,0.1875,0,0.0625,0,0,0,0,0,0,0,0,0.0625,0,0,0,0,0.0625,0,0,0,0,0,0,0,0,0,0,0,0,0,0.0625,0,0.0625,0,0,0,0,0,0.125,0,0,0,0,0,0,0.0625,0,0
0.043478,0,0,0,0.043478,0,0,0.043478,0,0,0,0,0,0,0,0.086957,0,0,0,0.043478,0,0,0,0,0.043478,0.043478,0,0,0,0,0,0,0,0,0.043478,0,0.043478,0,0,0,0,0,0,0,0.043478,0,0,0.043478,0,0.086957,0,0,0,0,0,0,0,0.043478,0.043478,0,0.13043,0.043478,0.043478,0.086957
0.052632,0,0,0,0,0,0,0.052632,0.052632,0,0,0.052632,0,0,0,0,0.052632,0,0.052632,0,0.052632,0,0,0,0.052632,0.052632,0,0,0,0.052632,0.052632,0,0,0,0,0,0,0.052632,0,0,0,0.052632,0.052632,0,0,0.052632,0,0.052632,0,0,0,0,0,0.052632,0,0.052632,0,0,0,0,0,0,0.052632,0
0.026316,0.026316,0,0,0,0,0.052632,0.026316,0.026316,0.026316,0,0,0,0.10526,0.026316,0,0,0,0,0.026316,0.078947,0,0,0,0,0.052632,0,0,0.026316,0.052632,0.026316,0,0.026316,0,0.026316,0,0.078947,0.026316,0,0.026316,0.10526,0,0,0,0,0.052632,0,0,0,0,0,0,0,0,0,0.026316,0.026316,0,0.026316,0,0,0,0,0
0.066667,0.033333,0,0,0.033333,0,0,0.033333,0,0,0,0.033333,0.033333,0.033333,0,0.13333,0,0,0,0.033333,0,0,0,0,0.066667,0,0,0,0,0,0,0,0,0,0,0,0.033333,0,0,0,0.033333,0,0.033333,0,0.033333,0.033333,0,0,0,0,0,0,0.033333,0,0.066667,0,0.033333,0,0,0,0.033333,0.033333,0.066667,0.066667
0.17391,0,0,0.043478,0,0,0.086957,0.043478,0.043478,0,0,0,0,0,0,0,0.043478,0,0,0,0.043478,0,0.043478,0,0,0,0.043478,0,0.043478,0,0,0,0.086957,0.043478,0,0,0,0,0,0,0.086957,0,0,0,0,0,0,0,0.043478,0,0,0,0,0,0,0,0,0.086957,0.043478,0,0,0,0,0
0.04918,0,0.016393,0,0.016393,0.016393,0.016393,0,0.016393,0,0.016393,0.016393,0.016393,0,0.098361,0,0.065574,0.016393,0.016393,0.016393,0.016393,0,0,0,0.016393,0.032787,0.016393,0,0,0.016393,0.04918,0.016393,0.016393,0.016393,0.016393,0.032787,0.032787,0.016393,0,0,0,0,0.016393,0.016393,0,0,0.032787,0,0,0.016393,0,0.032787,0,0,0,0,0,0.032787,0,0.016393,0.016393,0.065574,0,0.065574
0.029412,0.088235,0,0.088235,0,0,0,0,0.029412,0,0,0,0,0,0,0,0,0.088235,0,0,0.058824,0.029412,0,0,0.088235,0.029412,0.029412,0.029412,0,0.029412,0,0,0.029412,0,0.088235,0.029412,0,0,0,0,0,0.029412,0,0,0.029412,0,0,0.029412,0.029412,0,0,0,0,0,0.029412,0,0.029412,0,0,0,0.029412,0,0.029412,0
0.045455,0.045455,0,0.045455,0,0,0,0,0.045455,0.045455,0.045455,0,0.045455,0,0,0.045455,0,0,0.045455,0,0.045455,0,0,0,0,0,0.045455,0,0.045455,0,0,0,0,0,0,0,0.045455,0,0,0,0.045455,0,0,0.045455,0,0,0,0,0.090909,0,0,0.13636,0,0,0,0,0,0,0,0,0,0,0,0.090909
0,0,0,0,0,0,0,0,0.18182,0,0,0,0,0,0,0.090909,0,0,0,0,0,0,0.090909,0,0,0,0,0,0,0,0,0,0,0.18182,0,0,0.090909,0.090909,0,0,0,0.090909,0.090909,0,0,0,0,0,0.090909,0,0,0,0,0,0,0,0,0,0,0,0,0,0,0
0.1,0.1,0,0,0.1,0,0,0,0.1,0,0,0,0,0,0.1,0,0,0,0,0.1,0,0,0,0,0,0,0,0.1,0,0,0,0,0,0,0,0,0,0,0,0,0,0,0,0,0,0,0,0,0,0,0,0.1,0,0,0,0,0.1,0,0,0,0,0,0,0.1
0,0.1,0,0,0,0,0,0,0.3,0.1,0,0,0,0.1,0,0.1,0,0,0,0,0,0,0,0,0,0,0,0,0,0,0,0,0,0,0,0,0,0,0,0,0,0,0,0,0.1,0.1,0,0,0,0,0,0,0,0,0,0,0,0,0,0,0,0.1,0,0
0.045455,0,0,0,0,0,0,0,0,0,0,0,0,0,0.045455,0.045455,0.045455,0,0.045455,0,0,0,0,0,0,0.045455,0.045455,0,0,0,0,0,0.045455,0,0,0,0,0.045455,0,0,0,0,0,0.045455,0.090909,0,0,0.045455,0.045455,0,0,0.045455,0,0,0,0.18182,0,0.090909,0,0,0,0,0.045455,0
0.041667,0,0.041667,0.041667,0,0,0,0.041667,0,0.041667,0,0,0,0.041667,0,0,0,0,0,0,0.041667,0.041667,0,0.041667,0.083333,0.041667,0,0,0,0.041667,0,0,0.041667,0.041667,0,0,0.041667,0,0,0.041667,0,0,0,0,0.041667,0,0,0,0,0,0,0,0,0.083333,0,0.083333,0,0,0.041667,0,0,0.041667,0,0
0,0.043478,0.043478,0,0,0,0,0,0,0.043478,0.086957,0,0,0.043478,0,0,0,0,0,0,0,0,0.043478,0,0.043478,0,0,0.043478,0,0,0,0,0,0,0,0,0.086957,0,0.086957,0,0,0.043478,0,0,0,0.043478,0.043478,0,0.043478,0,0,0,0,0,0,0,0,0.043478,0.043478,0.043478,0,0,0.086957,0.043478
0,0,0,0,0,0,0.071429,0,0,0.071429,0.14286,0.071429,0.071429,0.071429,0,0,0,0,0,0,0,0,0,0,0,0.071429,0,0,0,0,0,0,0,0,0,0,0.071429,0.071429,0.071429,0,0.071429,0,0,0.071429,0,0,0,0,0,0,0,0,0,0,0,0,0.071429,0,0,0,0,0,0,0
0,0,0,0,0.086957,0,0,0,0.043478,0,0,0,0.086957,0,0,0,0,0.086957,0.043478,0,0,0,0,0.043478,0,0.043478,0,0,0,0,0,0,0,0.043478,0,0.086957,0.043478,0,0.086957,0.043478,0.043478,0,0,0,0,0.043478,0,0,0,0.13043,0,0,0,0,0,0,0,0,0,0,0,0,0,0.043478
0.018868,0.037736,0.018868,0.018868,0,0.037736,0,0,0.037736,0,0,0.018868,0.018868,0,0.018868,0.056604,0.018868,0.037736,0,0,0,0,0,0.018868,0,0,0,0.018868,0,0.018868,0,0.018868,0.018868,0,0,0,0,0,0,0,0.018868,0.018868,0,0,0,0.037736,0.018868,0.018868,0.075472,0,0,0.018868,0.018868,0.018868,0,0,0.018868,0.037736,0,0.037736,0.09434,0.018868,0.018868,0.09434
0.071429,0,0.035714,0,0,0.071429,0,0.035714,0,0,0,0.035714,0,0,0.035714,0,0.035714,0.071429,0,0,0,0,0,0.035714,0,0,0.035714,0,0.035714,0,0,0.035714,0,0,0,0,0,0,0,0,0,0,0,0.035714,0,0,0,0,0.035714,0,0,0,0,0,0,0,0.071429,0.071429,0,0,0.071429,0.035714,0,0.14286
0.05,0.05,0,0,0.05,0,0,0,0,0,0.05,0,0,0.05,0,0.1,0,0,0,0.05,0,0.05,0,0.05,0,0,0,0.05,0,0,0,0,0,0.05,0,0,0.05,0,0,0,0,0,0,0,0.05,0,0,0,0.1,0,0,0,0,0,0,0,0,0.05,0.05,0.05,0,0,0,0.05
0.2,0.1,0,0,0,0,0,0,0,0,0,0,0,0,0,0,0,0,0,0,0.1,0,0,0,0,0.1,0,0,0,0,0,0,0,0,0,0,0,0,0.1,0,0,0,0,0,0,0,0.1,0,0,0,0,0,0,0,0.2,0,0,0,0,0,0.1,0,0,0
0.043478,0.043478,0.13043,0,0,0,0,0.043478,0,0,0,0.043478,0,0,0,0,0.043478,0,0,0,0,0,0,0,0.043478,0,0,0,0,0.043478,0,0,0.043478,0,0,0.043478,0.043478,0,0.086957,0,0,0,0,0,0,0,0.043478,0.086957,0,0,0,0,0.043478,0,0.043478,0,0.043478,0,0,0,0.043478,0,0.043478,0
0.090909,0.060606,0.060606,0,0,0.030303,0,0,0,0,0,0,0.030303,0.030303,0,0.030303,0.030303,0.030303,0.030303,0,0.090909,0.030303,0,0,0,0,0.030303,0.030303,0.030303,0,0.060606,0,0.030303,0,0,0,0,0,0,0,0,0,0,0,0.030303,0,0,0,0,0,0,0.030303,0,0.030303,0,0,0.060606,0.030303,0,0,0.030303,0.030303,0.030303,0
0.055556,0.018519,0.11111,0,0.092593,0.018519,0.037037,0,0,0,0,0.018519,0.055556,0,0,0.018519,0.055556,0.037037,0.018519,0,0.018519,0,0,0,0,0.018519,0,0,0.018519,0.018519,0,0.037037,0.037037,0.018519,0,0.018519,0.018519,0,0.018519,0,0,0,0,0.018519,0,0.018519,0,0.018519,0.074074,0,0,0,0,0,0.018519,0,0,0.018519,0.055556,0,0,0,0,0.018519
0,0,0,0,0,0,0.071429,0,0,0,0.071429,0,0,0,0,0.071429,0.071429,0,0.071429,0.071429,0,0,0,0,0,0,0,0.071429,0,0,0,0,0,0,0,0.071429,0,0,0,0,0,0.071429,0,0.071429,0.14286,0,0.071429,0,0,0,0,0,0,0,0.071429,0,0,0,0,0,0,0,0,0
0,0,0,0.090909,0,0,0.090909,0,0.090909,0,0,0,0,0.090909,0,0,0,0,0,0,0,0,0,0.090909,0,0,0,0,0,0,0,0.090909,0,0,0,0,0,0.090909,0,0.090909,0.090909,0,0,0,0,0,0,0.090909,0,0,0,0,0,0,0.090909,0,0,0,0,0,0,0,0,0
0.073171,0.02439,0.04878,0,0,0,0,0,0,0.02439,0,0,0.02439,0,0.02439,0,0.073171,0,0.02439,0,0.02439,0,0,0,0.02439,0,0.02439,0,0.02439,0,0,0,0.02439,0,0,0,0,0.02439,0,0,0,0,0,0.02439,0.04878,0,0.073171,0.02439,0,0,0.04878,0,0.02439,0,0.04878,0,0,0.02439,0,0.097561,0,0.02439,0.04878,0.04878
0,0,0,0,0.11111,0,0.11111,0,0,0,0,0,0.11111,0,0,0,0.11111,0,0,0,0,0,0,0,0,0,0,0,0,0,0,0,0.11111,0,0,0,0,0,0.11111,0,0,0.11111,0,0,0,0,0,0,0.11111,0,0,0,0,0.11111,0,0,0,0,0,0,0,0,0,0
0,0,0,0,0,0,0,0.083333,0,0,0,0,0,0,0,0.083333,0,0,0,0.083333,0,0.083333,0.083333,0,0,0.083333,0,0,0.083333,0,0,0,0,0,0,0,0.083333,0,0,0,0,0.083333,0,0,0,0,0,0,0,0,0,0,0,0,0,0,0,0.083333,0,0,0.083333,0,0.083333,0
0,0,0.029412,0.029412,0,0,0.088235,0,0,0.029412,0.029412,0,0,0,0,0.029412,0.029412,0,0,0,0,0,0,0,0,0,0.058824,0.029412,0.029412,0,0,0,0,0.029412,0,0,0.029412,0,0.029412,0.029412,0.088235,0.029412,0,0,0.029412,0.058824,0,0,0.029412,0,0,0.029412,0.029412,0,0,0,0.058824,0.029412,0.088235,0,0,0,0.029412,0
0.042553,0.06383,0,0,0.021277,0,0,0,0.042553,0.042553,0,0.021277,0,0.021277,0.042553,0.021277,0.021277,0.06383,0.021277,0,0.021277,0.021277,0.042553,0.06383,0,0,0.021277,0.021277,0.06383,0.021277,0,0,0,0,0.021277,0.021277,0,0,0.021277,0.042553,0,0,0.021277,0,0,0.021277,0.042553,0,0,0,0,0,0.021277,0,0,0,0,0.021277,0.042553,0,0,0,0.021277,0
0,0,0,0.055556,0,0,0,0.027778,0.055556,0.055556,0,0,0,0,0,0.055556,0,0.055556,0,0,0,0,0,0,0.083333,0,0,0.027778,0.027778,0,0.027778,0,0,0,0,0,0,0.027778,0,0,0,0,0.027778,0,0,0,0.055556,0.055556,0,0,0.027778,0.027778,0.027778,0,0.027778,0,0,0.027778,0.055556,0,0.027778,0,0.027778,0.11111
0,0,0,0,0,0,0,0,0,0.18182,0,0,0,0,0,0,0.090909,0,0,0,0,0,0,0,0,0,0,0,0.090909,0,0,0.090909,0,0,0,0,0,0,0,0,0,0,0,0,0.090909,0,0.090909,0,0,0,0,0,0.090909,0.090909,0,0,0,0,0,0,0,0,0.090909,0.090909
0.13333,0,0.022222,0,0.044444,0.044444,0.022222,0,0.022222,0,0.022222,0,0.022222,0,0,0,0.066667,0,0.044444,0,0,0,0,0.044444,0.044444,0,0.022222,0,0,0,0,0,0.088889,0,0,0.022222,0,0,0.022222,0,0,0,0.022222,0,0.022222,0,0,0,0.022222,0.022222,0.022222,0.022222,0,0,0,0,0.044444,0.022222,0.022222,0.022222,0,0.022222,0.044444,0
0.14286,0.028571,0.028571,0.028571,0.057143,0,0,0,0,0.028571,0,0,0,0.057143,0,0,0.14286,0,0.028571,0,0,0,0,0,0.028571,0.057143,0.028571,0,0.028571,0.028571,0.028571,0,0,0,0.028571,0.028571,0.028571,0,0,0,0.028571,0,0,0,0,0,0.028571,0,0,0,0,0,0,0,0,0,0.028571,0.028571,0.028571,0,0,0,0.028571,0
0,0.1,0,0,0.1,0,0.1,0,0,0,0,0,0,0,0,0.1,0.1,0,0,0,0,0,0,0,0,0,0,0,0.1,0,0.1,0,0,0,0,0,0,0,0,0,0,0,0,0,0,0,0,0,0,0,0.1,0.1,0,0,0,0,0,0,0.1,0,0,0,0,0
0.028571,0.028571,0,0,0,0.028571,0,0,0,0,0.028571,0.028571,0,0,0.028571,0.057143,0.028571,0.028571,0.028571,0.028571,0,0,0.085714,0,0,0.028571,0,0,0,0,0.028571,0,0,0,0.057143,0,0.028571,0.028571,0.085714,0.028571,0.028571,0,0,0.028571,0,0,0,0.028571,0.028571,0,0.028571,0,0,0,0.028571,0,0.028571,0,0.028571,0,0,0.028571,0.028571,0
0.076923,0,0.038462,0,0,0,0,0,0,0.038462,0,0,0,0,0,0.038462,0,0,0.038462,0.076923,0.038462,0,0,0,0.076923,0.038462,0,0,0,0.038462,0,0,0.038462,0,0.076923,0,0,0,0,0.038462,0,0,0,0,0.038462,0,0,0,0.038462,0.038462,0,0.038462,0,0,0,0,0,0,0,0.038462,0.076923,0.038462,0,0.038462
0.076923,0,0,0,0.076923,0,0,0,0,0,0,0,0.076923,0,0,0,0.076923,0,0,0.15385,0,0.076923,0,0.076923,0,0,0,0,0,0,0,0,0,0,0,0,0,0,0.076923,0,0,0,0,0,0,0,0,0.076923,0.076923,0,0,0,0,0,0,0,0.076923,0,0,0,0.076923,0,0,0
0,0,0,0,0.125,0,0,0,0,0.25,0,0,0,0,0,0,0,0,0,0,0,0,0,0,0,0,0,0,0,0,0,0,0,0,0,0,0,0,0,0,0,0,0,0,0.125,0,0,0.125,0,0.125,0,0,0,0,0,0,0.125,0,0,0,0,0,0.125,0
0.090909,0.090909,0,0,0,0,0,0,0,0,0,0,0,0,0,0,0,0,0,0,0,0,0,0,0,0,0,0.090909,0,0,0,0,0,0,0,0,0,0,0,0,0.090909,0,0,0,0,0.090909,0,0,0,0,0,0,0,0,0,0.090909,0,0,0,0.18182,0.090909,0,0.090909,0.090909
0,0,0,0,0,0,0,0,0,0,0,0,0,0,0,0,0,0,0,0,0,0,0,0,0,0,0,0.076923,0,0,0,0,0,0,0,0,0.076923,0,0,0,0,0,0,0,0,0,0.23077,0.076923,0.076923,0,0,0,0,0,0,0,0.15385,0,0.076923,0.23077,0,0,0,0
0.055556,0,0.055556,0.055556,0,0,0,0,0,0,0,0,0,0,0,0,0.055556,0,0,0,0,0,0,0,0,0,0,0,0,0,0.055556,0.055556,0,0,0.055556,0,0.055556,0.055556,0.055556,0,0,0.055556,0,0,0,0,0,0.055556,0,0,0.055556,0,0,0,0,0.055556,0,0.11111,0.055556,0,0,0,0,0.055556
0.13636,0.045455,0,0,0,0,0,0,0,0,0.045455,0.045455,0,0,0,0,0,0,0,0,0,0,0.045455,0,0,0,0,0.090909,0,0,0,0,0,0,0,0,0.045455,0,0.045455,0,0.045455,0,0,0.045455,0,0.090909,0,0,0.045455,0,0.045455,0,0.090909,0,0,0.045455,0.045455,0,0,0,0,0,0.045455,0
0.11538,0,0,0.038462,0.038462,0,0.038462,0,0,0,0,0,0,0,0,0.076923,0,0,0.038462,0,0,0,0.038462,0,0.038462,0.076923,0,0.038462,0.038462,0,0,0,0.076923,0,0,0,0.038462,0.038462,0.038462,0,0.038462,0,0,0,0,0.038462,0,0,0.038462,0,0,0,0,0,0,0,0.038462,0,0,0,0.038462,0,0,0.038462
0,0,0,0,0.051282,0,0.012821,0.012821,0.064103,0.051282,0,0.012821,0,0.051282,0,0.025641,0.012821,0,0.038462,0,0,0,0,0,0.025641,0,0.012821,0,0,0,0.038462,0.012821,0,0,0,0.051282,0.051282,0.012821,0.038462,0.012821,0.038462,0.076923,0.012821,0.025641,0,0.025641,0,0.012821,0.012821,0,0.012821,0,0,0.051282,0.012821,0.012821,0.025641,0.038462,0.012821,0,0,0.012821,0.012821,0.012821
0.0375,0.0125,0.0375,0.0125,0.0375,0,0.0375,0.0375,0.0125,0.0375,0.0125,0.025,0.025,0.0125,0,0.025,0.0375,0.0125,0.0125,0,0,0.05,0,0,0.025,0.0125,0.025,0.025,0.0125,0.0125,0,0,0.025,0,0.0125,0.0375,0.05,0.025,0,0.0125,0.0125,0,0,0.0125,0,0.0125,0,0.0375,0.0125,0,0,0,0,0,0,0.025,0.025,0.0125,0.025,0.0125,0.0125,0,0.0125,0.0375
0,0.18182,0,0,0.045455,0.090909,0,0.045455,0,0,0,0,0,0.045455,0.045455,0,0,0,0,0,0,0,0,0,0,0.045455,0,0,0,0,0,0.045455,0,0.045455,0,0,0,0.045455,0,0.045455,0,0,0,0,0,0,0.045455,0,0,0,0,0.13636,0,0,0,0,0,0.045455,0,0,0.045455,0.045455,0,0
0.047619,0.047619,0,0,0,0,0,0,0.047619,0,0,0,0,0,0,0.047619,0.047619,0,0,0,0,0,0,0.047619,0.095238,0,0.047619,0,0,0.095238,0,0,0.047619,0,0,0,0,0.047619,0,0,0,0,0,0,0.047619,0.047619,0.047619,0.047619,0,0,0,0,0,0,0.047619,0,0,0,0,0,0,0.047619,0.047619,0.047619
0.125,0,0,0.041667,0,0.083333,0,0.041667,0.083333,0,0,0,0,0,0,0,0,0,0,0,0,0,0.041667,0,0.041667,0.041667,0.041667,0,0,0.041667,0,0,0,0,0,0,0,0,0,0,0,0,0,0,0.041667,0.041667,0,0.041667,0,0,0,0.041667,0,0,0.083333,0.041667,0,0.041667,0,0,0,0,0.041667,0.041667
0.085714,0.057143,0,0.028571,0,0,0.028571,0,0.028571,0.028571,0.028571,0,0,0.085714,0,0,0,0,0,0.028571,0,0.028571,0,0,0,0,0,0.028571,0.028571,0,0.028571,0.028571,0,0.028571,0,0,0.028571,0.057143,0,0,0.057143,0.028571,0,0.028571,0,0,0.028571,0.057143,0.028571,0,0,0,0,0,0.028571,0,0,0.028571,0,0,0.028571,0,0.028571,0
0.052632,0.10526,0.052632,0,0,0,0,0,0.052632,0,0,0,0.052632,0,0.10526,0,0.052632,0,0,0,0,0,0,0,0,0,0,0,0,0,0,0,0.052632,0,0,0,0,0,0.052632,0,0,0,0,0,0.052632,0,0,0,0,0,0,0,0,0,0,0,0.052632,0,0,0.15789,0.10526,0.052632,0,0
0.034483,0,0,0.068966,0,0.034483,0.034483,0,0.034483,0.034483,0,0,0,0,0.068966,0,0,0,0.034483,0.034483,0.034483,0.068966,0.034483,0,0.034483,0.034483,0,0,0,0.034483,0.034483,0,0.034483,0,0.034483,0.034483,0.034483,0,0,0,0,0,0,0,0,0,0.068966,0,0.034483,0,0,0,0.034483,0,0,0,0,0.034483,0,0,0,0.034483,0,0
0,0,0,0.090909,0.18182,0,0,0,0,0,0,0,0,0,0,0,0,0,0,0,0,0,0,0,0,0.18182,0,0,0,0,0,0,0,0,0,0,0,0,0,0,0,0,0,0,0.18182,0,0,0.090909,0,0,0,0,0,0,0,0,0,0.090909,0,0.18182,0,0,0,0
0.066667,0.066667,0.066667,0,0.066667,0,0,0,0,0,0,0,0,0,0.13333,0,0,0,0,0,0,0,0,0,0,0,0,0,0.066667,0,0,0,0,0,0.066667,0,0.066667,0.066667,0,0,0,0,0,0,0,0,0,0.066667,0.066667,0,0,0.066667,0,0,0,0,0.066667,0.066667,0,0,0,0,0,0
0.052632,0,0,0,0,0,0,0.052632,0.052632,0,0,0,0.10526,0,0,0,0.10526,0,0,0,0,0,0,0.052632,0,0.10526,0,0,0,0,0,0,0,0,0,0.052632,0.052632,0,0,0,0,0.052632,0,0,0,0.052632,0,0,0.052632,0,0.052632,0,0,0,0.052632,0,0,0,0.052632,0,0,0,0,0.052632
0,0,0,0,0,0.1,0,0,0,0,0,0.1,0.1,0.1,0,0.1,0,0,0,0.1,0,0,0,0,0,0,0,0,0,0,0.1,0,0,0,0,0,0,0,0,0,0,0,0,0,0,0,0,0,0,0,0,0,0,0,0,0,0,0,0,0,0.1,0,0,0.2
0.02381,0,0,0,0,0.02381,0,0.02381,0.02381,0,0,0.071429,0.02381,0.02381,0.02381,0,0,0,0,0,0.02381,0,0.02381,0,0.02381,0.047619,0,0.047619,0,0.02381,0.02381,0.02381,0.047619,0,0,0,0,0,0,0,0.047619,0,0,0,0,0,0,0.02381,0.02381,0.02381,0.047619,0.02381,0,0.02381,0.02381,0.047619,0.047619,0.02381,0,0.02381,0.02381,0,0.02381,0.047619
0.15385,0.076923,0,0,0.15385,0,0,0,0,0,0,0,0,0,0,0,0,0,0,0,0,0,0,0,0,0.076923,0,0,0,0,0,0,0,0,0,0,0,0,0,0,0,0,0,0,0,0,0,0.076923,0,0,0,0,0,0.15385,0,0,0,0.076923,0.15385,0,0,0,0.076923,0
0.057143,0,0,0.028571,0.057143,0,0.028571,0.057143,0.028571,0,0,0.028571,0,0,0,0,0.085714,0,0.028571,0.028571,0.028571,0.057143,0.028571,0,0.028571,0,0,0,0,0,0,0.057143,0,0,0.028571,0,0,0,0,0.028571,0,0,0,0,0,0,0,0,0,0.057143,0,0.028571,0,0,0.028571,0,0.028571,0,0.028571,0.028571,0,0,0.057143,0.057143
0.056604,0.018868,0.018868,0,0.056604,0.018868,0,0.018868,0.018868,0.037736,0,0,0,0.018868,0,0.056604,0.037736,0.037736,0.018868,0,0,0,0,0,0.056604,0.018868,0,0,0,0,0,0,0.037736,0,0.037736,0.037736,0.056604,0.018868,0.056604,0,0.018868,0.018868,0,0,0,0,0,0,0.037736,0,0,0,0.018868,0.018868,0.018868,0,0,0.037736,0,0.037736,0,0.037736,0,0.018868
0,0,0,0,0.043478,0.021739,0,0.021739,0,0,0,0,0.086957,0.021739,0.065217,0,0.043478,0,0,0.065217,0.043478,0.021739,0.043478,0,0,0.021739,0,0.043478,0,0.021739,0,0,0.021739,0,0,0.043478,0,0,0,0.021739,0,0,0.021739,0,0.043478,0,0,0,0.021739,0.021739,0,0.086957,0.021739,0.021739,0,0,0,0.065217,0,0,0,0.021739,0,0.021739
0,0,0,0,0,0,0,0,0,0,0,0,0.083333,0,0,0,0,0,0.16667,0.083333,0,0,0,0,0,0,0,0,0,0,0.083333,0,0,0,0,0,0,0.083333,0,0,0.083333,0,0,0,0,0,0.083333,0.083333,0,0,0,0,0,0,0,0.083333,0,0.083333,0,0,0,0,0,0.083333
0,0.04,0,0.04,0,0.04,0,0.08,0,0.04,0,0.08,0.04,0,0,0,0,0.04,0,0,0,0,0,0,0,0.04,0,0,0,0,0.04,0,0.08,0,0,0,0,0,0,0.04,0.08,0,0.08,0,0,0,0.08,0.04,0.08,0,0,0,0,0,0,0,0,0,0,0,0,0.04,0,0
0.125,0,0,0,0,0.041667,0,0,0.041667,0,0,0,0.041667,0,0,0.041667,0.041667,0,0,0,0.041667,0,0,0.041667,0.041667,0,0,0,0,0,0,0.041667,0.083333,0,0.041667,0,0.041667,0,0.041667,0,0,0,0,0,0.083333,0,0,0.041667,0,0.041667,0,0,0,0,0.041667,0,0,0,0,0.041667,0,0,0.041667,0
0,0,0,0.090909,0,0,0,0,0,0,0,0,0.18182,0.090909,0,0,0,0,0.090909,0,0,0,0,0,0,0,0,0,0.090909,0,0,0,0,0,0,0,0,0,0,0,0,0,0,0,0,0,0,0,0,0,0,0.090909,0,0,0,0.090909,0,0,0,0,0.090909,0.090909,0,0.090909
0,0,0,0.076923,0,0,0,0,0,0.076923,0,0,0,0,0,0.076923,0.076923,0.076923,0,0,0.076923,0,0,0,0,0,0,0,0,0,0,0,0,0,0,0,0.076923,0,0.076923,0,0,0,0,0,0,0,0,0,0,0,0,0,0,0,0,0,0.076923,0.076923,0,0,0,0,0.076923,0.15385
0.032787,0.016393,0,0,0.032787,0,0.032787,0,0,0.016393,0.016393,0.016393,0,0.032787,0,0.016393,0,0.032787,0.032787,0.016393,0.032787,0,0.032787,0,0.016393,0.04918,0.016393,0.032787,0,0.016393,0.04918,0.016393,0,0.016393,0.032787,0,0,0.016393,0.016393,0.04918,0,0.032787,0.016393,0,0.032787,0.016393,0.04918,0.032787,0,0.032787,0.016393,0,0,0,0.032787,0,0.016393,0,0,0,0,0,0.016393,0.016393
0.1,0,0,0,0,0,0,0,0,0,0,0,0,0,0,0,0,0,0,0,0,0,0,0,0,0,0,0.1,0,0,0,0,0,0,0,0,0.1,0,0.1,0,0,0,0,0,0,0,0.1,0.1,0.1,0,0,0.1,0,0,0.1,0,0,0.1,0,0,0,0,0,0
0,0,0.071429,0,0,0,0,0,0,0,0.071429,0.071429,0.071429,0,0,0,0,0,0,0,0,0,0,0,0.071429,0,0,0,0.071429,0,0.071429,0,0,0.071429,0,0,0,0.14286,0.071429,0,0,0,0,0,0,0,0.071429,0.071429,0,0,0,0,0,0,0,0,0,0,0,0,0.071429,0,0,0
0.02381,0,0.02381,0,0.02381,0,0,0,0,0.02381,0.02381,0.047619,0.071429,0,0.02381,0.047619,0,0,0,0.02381,0.02381,0.047619,0.02381,0,0,0,0,0,0.02381,0.02381,0,0,0.047619,0,0,0,0,0,0.047619,0.02381,0,0.02381,0.02381,0,0,0,0.047619,0,0,0.047619,0,0,0.095238,0,0,0,0.02381,0.071429,0,0.02381,0,0.02381,0.02381,0
0,0,0,0,0,0,0.18182,0,0,0.090909,0,0,0,0,0,0,0,0,0,0,0,0,0,0.090909,0.090909,0,0,0,0,0,0,0,0,0,0,0.090909,0,0,0,0.090909,0,0,0,0,0,0,0,0,0,0,0.090909,0,0,0,0,0,0.090909,0,0,0,0,0.090909,0,0.090909
0,0.066667,0,0,0.13333,0,0.066667,0,0,0,0,0,0,0,0,0.13333,0.066667,0.066667,0,0,0,0,0,0,0,0,0,0.066667,0,0,0,0,0,0,0,0,0,0,0,0,0,0.066667,0,0.066667,0,0,0,0,0.066667,0,0,0.066667,0,0,0,0,0,0.066667,0.066667,0,0,0,0,0
0.039216,0.058824,0,0.019608,0,0.039216,0.019608,0,0.019608,0,0.019608,0,0,0.019608,0,0,0.019608,0.13725,0.058824,0.039216,0.039216,0.019608,0.019608,0,0.039216,0.039216,0.019608,0,0.019608,0,0.039216,0,0.058824,0,0,0,0,0,0,0.019608,0,0.039216,0,0,0,0,0,0,0.039216,0,0.058824,0,0,0,0,0,0,0.019608,0.019608,0,0,0,0.019608,0
0.033898,0.11864,0,0.016949,0.18644,0.016949,0.033898,0.050847,0,0.016949,0,0,0,0,0,0,0,0,0,0,0.050847,0.016949,0.084746,0,0.016949,0,0,0,0,0,0.016949,0,0.016949,0,0,0,0.10169,0.016949,0,0,0,0,0,0,0,0,0,0,0.016949,0,0,0,0.067797,0,0.016949,0,0,0.033898,0.016949,0,0.016949,0.016949,0.016949,0
0,0,0,0,0,0,0.11765,0,0,0,0,0,0.058824,0,0,0.058824,0,0,0,0,0,0,0,0,0,0,0,0,0,0,0,0,0.058824,0,0.058824,0,0,0.058824,0,0,0,0,0,0,0,0,0.058824,0,0.11765,0,0,0.11765,0.11765,0,0,0.058824,0,0,0,0,0.058824,0,0,0.058824
0,0,0.1,0,0,0,0.2,0,0,0,0,0,0,0,0,0,0,0,0,0,0.1,0,0,0,0,0,0,0,0,0,0,0,0,0,0,0,0,0.1,0,0,0,0.2,0,0,0,0,0,0,0,0,0,0.1,0,0,0,0,0,0,0,0,0,0,0,0.2
0,0.083333,0.083333,0.083333,0,0,0,0,0,0,0,0,0,0,0.083333,0,0.16667,0,0,0,0,0,0,0,0,0,0,0,0,0,0,0,0,0,0,0,0,0,0,0,0,0,0,0.083333,0.083333,0,0,0,0.16667,0,0,0.083333,0,0,0,0,0,0,0,0,0,0,0.083333,0
0.090909,0,0,0,0.090909,0,0,0,0.090909,0,0,0,0.090909,0,0,0,0,0,0.090909,0.090909,0,0,0,0,0,0,0,0,0.090909,0,0,0,0,0,0,0,0,0,0,0,0,0,0,0,0,0,0.090909,0,0.090909,0,0,0,0,0,0,0,0,0,0.090909,0,0,0,0,0.090909
0.070423,0.042254,0.028169,0.028169,0.014085,0.042254,0.014085,0.028169,0,0,0,0.028169,0,0.042254,0.014085,0,0,0.014085,0,0,0,0.042254,0.014085,0,0.028169,0.014085,0.014085,0.014085,0.042254,0.028169,0.028169,0.028169,0.014085,0,0,0,0.014085,0.014085,0.014085,0,0,0,0,0.014085,0.014085,0,0.028169,0.014085,0.014085,0,0,0.042254,0.028169,0,0.042254,0.014085,0,0.014085,0,0.014085,0.028169,0.028169,0.014085,0.014085
0.035714,0.035714,0.035714,0,0,0,0,0,0,0.035714,0,0.035714,0,0,0,0,0.035714,0,0,0,0.035714,0,0,0,0,0,0,0,0,0.035714,0.035714,0,0,0,0.035714,0,0.071429,0,0.071429,0,0,0,0.035714,0,0,0.035714,0.14286,0.035714,0,0,0,0,0,0,0.035714,0.035714,0,0.035714,0,0.14286,0,0,0,0
0.13333,0.1,0.033333,0,0.033333,0,0.033333,0,0.066667,0.066667,0.033333,0,0,0,0,0.033333,0,0,0,0,0.033333,0,0.033333,0,0,0.033333,0,0,0,0.033333,0,0,0.033333,0,0,0.033333,0,0.066667,0.033333,0,0,0.033333,0,0,0,0,0,0,0.033333,0,0.033333,0,0,0.033333,0,0,0,0,0,0.033333,0,0,0,0
0.047619,0,0,0,0.02381,0,0.02381,0,0.02381,0,0,0,0.11905,0,0.02381,0.047619,0.047619,0.071429,0,0.02381,0,0,0,0,0,0,0,0,0,0.047619,0.02381,0.047619,0,0,0,0,0,0.02381,0,0,0,0,0,0,0,0.02381,0.02381,0.02381,0.02381,0,0,0.11905,0.02381,0,0,0,0.047619,0.02381,0.02381,0.02381,0,0,0.02381,0.02381
0.016393,0.016393,0,0.016393,0,0,0,0,0.032787,0.016393,0,0,0,0.016393,0,0,0.016393,0.016393,0.032787,0.016393,0.065574,0.065574,0.04918,0.04918,0,0.032787,0,0,0,0.032787,0.016393,0.016393,0.016393,0,0,0.032787,0.032787,0.016393,0,0.065574,0,0,0,0,0,0.032787,0.016393,0.016393,0.016393,0,0,0.016393,0.016393,0,0.016393,0,0,0.016393,0.016393,0.016393,0.016393,0.016393,0,0.098361
0.125,0.0625,0,0,0,0.0625,0.0625,0,0,0,0,0,0,0,0,0,0,0,0,0.0625,0,0.0625,0,0,0,0,0,0,0,0.0625,0,0,0.0625,0,0,0.0625,0,0.0625,0,0,0,0,0,0,0,0,0,0.0625,0.0625,0,0,0,0,0,0,0,0.0625,0,0,0,0,0.0625,0,0.0625
0.11111,0,0,0.11111,0,0,0,0,0,0,0,0,0,0,0,0,0,0,0,0,0,0,0.11111,0.11111,0,0,0.22222,0,0,0,0,0,0.11111,0,0,0,0,0,0,0,0,0,0,0,0,0,0,0.11111,0,0.11111,0,0,0,0,0,0,0,0,0,0,0,0,0,0
0.0625,0,0,0,0,0,0.0625,0,0.0625,0,0,0,0,0.0625,0.0625,0,0,0,0.0625,0,0.0625,0,0,0,0,0,0,0,0.0625,0,0,0,0.0625,0,0,0.0625,0,0.0625,0,0,0.0625,0,0,0,0,0,0,0,0,0,0.0625,0,0,0,0.0625,0,0,0,0,0,0,0,0.0625,0.0625
0.022222,0.044444,0,0,0.066667,0.022222,0.022222,0,0,0.022222,0.088889,0,0,0.022222,0,0,0,0.022222,0,0.022222,0.044444,0.022222,0,0.044444,0,0.066667,0.022222,0,0,0,0,0,0,0,0,0.022222,0.022222,0.022222,0.022222,0.088889,0.022222,0.022222,0,0.022222,0,0,0,0.022222,0.022222,0,0,0,0.044444,0,0.022222,0,0,0,0.066667,0.022222,0,0,0,0
0.14286,0,0.071429,0,0,0,0,0.035714,0.035714,0,0,0,0,0,0,0,0,0,0.035714,0,0.035714,0.035714,0,0,0,0.035714,0,0,0,0,0,0,0.035714,0.035714,0.035714,0,0,0.035714,0.035714,0,0,0.071429,0.035714,0.035714,0,0,0,0,0,0,0,0,0,0,0.035714,0,0,0.035714,0.071429,0.071429,0,0,0,0.035714
0.045455,0,0,0,0,0.045455,0.090909,0,0,0,0,0,0,0,0,0,0.045455,0,0.045455,0,0.045455,0,0,0,0,0,0,0.045455,0.045455,0,0,0,0,0,0.045455,0,0,0.090909,0,0,0.045455,0,0.045455,0,0,0,0.18182,0.045455,0,0,0,0.045455,0,0,0,0,0,0.045455,0.045455,0,0,0,0,0
0.29412,0,0,0,0,0,0,0,0.058824,0,0,0,0,0,0,0,0,0,0,0.058824,0,0,0,0,0,0,0,0,0.058824,0,0.058824,0.058824,0,0,0,0,0.058824,0,0,0,0.058824,0,0.058824,0,0,0,0,0,0,0,0,0,0,0,0.058824,0,0,0.058824,0,0,0.058824,0,0.058824,0
0,0.12,0,0,0,0.04,0.04,0,0.08,0,0,0,0.08,0,0,0,0.04,0,0,0.04,0,0,0,0,0,0,0,0,0.08,0,0,0,0.04,0.04,0,0.04,0,0,0.04,0,0,0,0.04,0,0,0,0,0.04,0.08,0.04,0,0,0,0,0,0,0.04,0,0,0,0.08,0,0,0
0.04,0,0.04,0,0.08,0,0.04,0,0,0,0,0,0,0,0,0,0.32,0,0.08,0,0.04,0,0.04,0,0,0,0,0.04,0,0,0,0,0,0.04,0.04,0,0.16,0,0,0,0,0,0,0,0,0,0,0,0.04,0,0,0,0,0,0,0,0,0,0,0,0,0,0,0
0,0,0,0.083333,0.16667,0,0.083333,0,0,0,0,0,0,0,0,0,0,0,0,0.083333,0,0,0,0,0,0,0,0,0,0,0,0,0.083333,0,0,0,0,0,0,0,0,0,0,0,0,0,0,0.083333,0.083333,0.083333,0.083333,0,0,0,0.16667,0,0,0,0,0,0,0,0,0
0,0,0.066667,0,0.066667,0.066667,0,0,0,0,0,0,0,0,0,0,0,0,0,0.066667,0,0,0,0,0,0.066667,0,0,0,0.066667,0.066667,0,0,0.066667,0,0,0.066667,0,0.066667,0,0,0,0,0,0,0,0.066667,0,0,0,0.066667,0.066667,0,0,0,0,0.066667,0.066667,0,0,0,0,0,0
0,0.018182,0.018182,0,0.036364,0,0,0.018182,0.018182,0.018182,0.018182,0,0,0.018182,0,0,0.090909,0.018182,0.018182,0,0.018182,0,0,0,0.036364,0.018182,0.054545,0,0,0.018182,0.036364,0,0.018182,0.018182,0,0.018182,0.036364,0.018182,0.072727,0.018182,0.054545,0,0.018182,0,0.018182,0.018182,0.018182,0.018182,0.018182,0,0,0.018182,0.018182,0.018182,0.036364,0,0,0,0,0.018182,0.036364,0,0,0.018182
0,0.029412,0,0,0.088235,0,0,0,0,0.029412,0,0,0.088235,0.058824,0,0,0.058824,0.088235,0.058824,0.058824,0.058824,0,0,0,0,0,0.058824,0,0,0,0,0.058824,0,0.029412,0,0,0,0,0,0,0.029412,0,0,0,0.029412,0,0,0,0,0.029412,0.058824,0.029412,0,0,0.029412,0,0,0,0,0,0.029412,0,0,0
0,0.028571,0,0,0.057143,0.028571,0,0,0,0,0,0,0.057143,0.028571,0,0.057143,0,0.057143,0.028571,0.028571,0.028571,0.028571,0.028571,0,0,0,0.028571,0,0,0,0,0.057143,0.028571,0,0,0,0.028571,0,0.057143,0,0,0,0,0.028571,0,0,0.028571,0,0.028571,0.028571,0.028571,0.028571,0.028571,0,0,0.028571,0,0,0.085714,0,0,0,0.028571,0
0.076923,0.076923,0,0.076923,0,0.076923,0,0,0,0,0,0,0,0,0,0,0,0,0,0.076923,0,0,0,0,0,0,0,0.076923,0,0,0,0,0,0,0,0,0,0,0,0,0.076923,0,0,0,0,0,0,0,0,0,0,0,0.076923,0,0.15385,0,0.15385,0.076923,0,0,0,0,0,0
0.041667,0.041667,0.041667,0.041667,0.041667,0,0,0,0,0,0,0,0.041667,0,0,0.041667,0,0,0,0,0.041667,0,0,0,0,0.083333,0,0,0,0,0,0,0,0,0,0,0.041667,0.041667,0,0,0,0,0,0,0.083333,0,0.041667,0,0.083333,0,0.041667,0,0,0.041667,0.041667,0,0.041667,0,0,0.041667,0.083333,0,0,0
0,0,0,0,0.1,0,0,0.033333,0,0.066667,0,0,0.13333,0.066667,0.033333,0,0,0,0,0.066667,0.033333,0,0,0,0,0,0.033333,0,0,0.033333,0,0,0.033333,0,0,0,0,0,0,0,0,0,0.033333,0,0,0,0.066667,0.033333,0.033333,0.066667,0,0.1,0.033333,0,0,0,0,0,0,0,0,0,0,0
0.064516,0.096774,0.032258,0.032258,0.12903,0,0,0,0,0,0,0.032258,0.032258,0,0.032258,0,0.096774,0,0.032258,0.032258,0,0,0,0,0.032258,0,0,0,0,0,0.032258,0,0.032258,0,0,0,0.032258,0,0,0,0,0.064516,0,0,0,0,0,0,0.064516,0,0,0,0,0,0,0,0.032258,0.064516,0.032258,0,0,0,0,0
0,0,0.071429,0,0,0,0,0,0,0,0,0,0.071429,0,0,0,0,0,0,0,0,0,0,0,0,0,0,0,0.071429,0.071429,0,0,0,0,0,0,0.071429,0,0,0,0,0.071429,0,0,0,0,0,0,0.21429,0,0.071429,0.14286,0,0,0,0,0.071429,0,0,0,0,0,0.071429,0
0.076923,0,0,0,0.15385,0,0,0,0,0,0,0,0,0.076923,0,0,0.15385,0,0,0,0,0,0,0,0,0,0,0,0.076923,0,0,0,0.076923,0,0,0,0,0,0,0.076923,0,0,0,0,0,0.076923,0,0,0,0,0,0,0.076923,0,0,0,0,0,0,0.076923,0,0.076923,0,0
0.055556,0,0.055556,0,0,0,0,0,0,0,0,0,0,0,0,0.055556,0,0,0.055556,0,0,0,0,0,0,0,0,0,0.055556,0,0,0.055556,0.11111,0,0,0.055556,0,0,0,0,0,0,0,0,0,0,0.11111,0,0.055556,0,0,0.055556,0,0,0,0,0,0.055556,0,0.055556,0,0.055556,0.055556,0.055556
0,0,0,0,0,0,0.1,0,0.1,0,0,0,0,0,0,0,0,0,0,0,0,0,0,0,0,0,0,0,0,0,0,0,0.1,0,0,0,0.2,0,0,0,0.1,0,0.1,0,0,0,0.1,0,0,0,0,0,0,0,0,0,0.1,0,0,0,0,0.1,0,0
0,0,0,0,0.05,0,0,0,0,0.05,0,0.05,0,0,0,0,0,0,0,0,0.05,0,0,0,0,0.05,0,0,0,0,0,0.05,0.05,0,0.05,0,0,0,0.05,0,0,0,0,0,0.05,0.1,0,0,0.15,0.05,0,0.05,0.05,0,0,0,0,0,0,0,0.05,0,0.05,0
0.088889,0,0,0.022222,0,0,0,0,0,0,0,0.022222,0.022222,0,0,0.066667,0,0,0.022222,0.022222,0.022222,0.044444,0,0,0,0,0,0.022222,0,0,0.044444,0.022222,0.044444,0.044444,0,0,0.11111,0,0,0,0.022222,0,0,0,0.022222,0.044444,0,0,0.044444,0,0.044444,0,0.044444,0,0,0,0.022222,0.044444,0,0.022222,0,0.022222,0.022222,0.022222
0.028571,0,0.057143,0.085714,0,0,0,0.057143,0,0,0,0,0,0.028571,0,0.057143,0.057143,0,0.028571,0,0.028571,0,0.028571,0,0,0.028571,0,0.057143,0,0.057143,0.057143,0,0,0,0,0,0,0,0.057143,0,0,0,0,0.028571,0,0,0,0.028571,0.057143,0,0,0,0.028571,0.028571,0.028571,0,0,0,0,0,0.028571,0.028571,0.028571,0
0.23077,0,0,0,0,0,0.15385,0,0,0,0.076923,0,0,0,0,0,0.15385,0,0,0,0,0,0,0,0,0.076923,0,0,0,0,0,0,0.15385,0,0,0,0,0,0,0,0,0,0,0,0,0,0,0,0,0,0,0,0,0,0,0,0,0,0,0,0,0.076923,0.076923,0
0.25,0.1,0,0.05,0.15,0,0,0,0.05,0.05,0,0.05,0.05,0,0,0,0,0,0.05,0,0,0,0,0,0.05,0,0,0,0,0,0,0,0.05,0,0,0,0,0,0,0,0,0,0,0,0.05,0,0,0,0,0,0,0,0,0,0,0,0,0,0,0,0,0,0.05,0
0,0,0.066667,0,0,0,0,0,0,0,0.066667,0.066667,0,0,0,0,0,0,0,0.066667,0,0.066667,0,0,0,0,0,0.066667,0.066667,0,0.066667,0.066667,0,0,0,0,0,0,0,0,0.066667,0,0,0,0.066667,0,0,0,0,0,0,0,0,0,0,0,0.13333,0,0,0,0,0,0,0.13333
0.14286,0.085714,0.057143,0,0.028571,0.028571,0.028571,0,0.028571,0.085714,0,0,0,0,0,0,0,0,0.057143,0,0,0,0,0,0,0.028571,0,0,0,0,0.057143,0,0.028571,0,0.11429,0,0,0.028571,0.057143,0,0,0,0.028571,0,0,0,0,0,0,0,0,0,0,0,0,0,0.028571,0,0,0,0,0.028571,0.057143,0
0,0,0,0,0.11111,0,0,0,0,0,0,0,0,0,0,0.055556,0,0,0,0.055556,0.055556,0.055556,0,0,0,0,0,0,0,0.11111,0.055556,0.055556,0,0,0,0,0.055556,0,0.16667,0.055556,0,0,0,0,0,0,0,0,0,0,0,0.055556,0,0,0.055556,0,0.055556,0,0,0,0,0,0,0
0,0.090909,0,0,0,0,0,0,0.090909,0,0,0,0.090909,0,0,0,0,0,0,0,0,0,0,0,0,0,0,0,0,0,0,0,0,0,0.18182,0,0.18182,0,0.090909,0,0,0.090909,0,0,0.090909,0,0,0,0.090909,0,0,0,0,0,0,0,0,0,0,0,0,0,0,0
0.03125,0,0,0.03125,0.03125,0.03125,0,0,0.03125,0,0,0.03125,0.0625,0,0.03125,0,0,0,0,0,0.0625,0,0,0,0,0.0625,0,0.03125,0,0,0,0,0,0.03125,0.0625,0.03125,0.09375,0,0,0.03125,0,0,0,0,0,0,0.09375,0.03125,0,0,0,0,0.03125,0,0,0,0,0.03125,0,0.0625,0,0,0.0625,0
0.012658,0,0.012658,0.10127,0.050633,0.012658,0.025316,0.012658,0.012658,0,0.012658,0.012658,0.037975,0.012658,0,0,0,0.012658,0,0,0.050633,0.012658,0,0,0.012658,0.012658,0.025316,0.012658,0.012658,0.012658,0,0,0.050633,0.012658,0,0,0.050633,0.025316,0.012658,0.012658,0.025316,0.012658,0.012658,0,0.025316,0,0.025316,0.012658,0,0.037975,0.025316,0.012658,0,0,0.037975,0,0.012658,0.050633,0,0.012658,0.012658,0.012658,0.025316,0
0,0,0,0,0,0,0,0,0,0,0.090909,0,0,0,0,0.090909,0,0.090909,0,0.090909,0,0,0,0,0,0,0.090909,0,0.090909,0,0,0,0.18182,0,0,0,0,0,0.090909,0,0,0,0,0,0,0,0,0,0.090909,0,0,0,0,0,0,0,0,0,0,0,0,0.090909,0,0
0,0,0,0,0,0,0,0,0,0,0,0,0.076923,0,0,0.076923,0,0,0,0,0,0,0,0,0,0.076923,0,0,0,0,0,0.076923,0,0,0,0.15385,0,0,0,0,0,0,0,0,0.076923,0,0,0,0.23077,0,0,0,0.076923,0,0,0,0.076923,0,0,0,0.076923,0,0,0
0.090909,0,0,0,0,0,0,0,0,0,0,0,0.090909,0.090909,0,0,0.090909,0.090909,0.090909,0,0,0,0,0,0,0,0,0,0,0,0,0,0.090909,0,0,0,0,0,0,0,0,0,0,0,0,0,0,0.090909,0,0,0,0.090909,0,0,0,0,0,0.090909,0,0,0,0.090909,0,0
0,0,0,0,0,0.071429,0,0.071429,0.035714,0.035714,0,0,0,0.10714,0,0,0,0,0,0,0,0,0,0,0.071429,0,0,0,0,0.071429,0,0.035714,0.035714,0,0,0,0,0,0,0,0,0,0,0.035714,0.035714,0.035714,0,0.035714,0,0,0.035714,0,0.071429,0,0,0.035714,0,0,0.071429,0.071429,0.035714,0,0,0
0.025641,0,0,0,0,0.025641,0.025641,0.051282,0.025641,0.025641,0.025641,0,0.025641,0.025641,0,0.025641,0,0.025641,0.025641,0,0.076923,0.10256,0.076923,0.025641,0,0,0,0,0.051282,0.051282,0,0,0,0,0,0,0.025641,0,0.025641,0,0,0.025641,0,0,0,0,0,0,0,0,0.051282,0,0,0.025641,0,0.025641,0,0.025641,0.025641,0,0,0.025641,0,0.025641
0.125,0.0625,0,0.125,0,0,0,0,0,0,0,0,0,0,0.0625,0.0625,0,0,0.0625,0,0.0625,0,0,0,0.0625,0,0,0,0,0,0,0,0,0,0,0.0625,0,0,0,0,0,0.0625,0,0,0,0,0.0625,0,0,0.0625,0.0625,0,0,0,0,0,0,0,0,0,0,0,0,0.0625
0.1,0,0.1,0,0,0,0,0,0,0,0,0,0,0,0,0.1,0,0,0,0,0,0,0,0,0,0,0,0,0,0,0.1,0,0,0,0,0,0,0,0,0,0,0,0,0,0,0,0,0,0.1,0,0,0,0.1,0,0,0,0.1,0,0,0,0,0,0.1,0.2
0.047619,0.095238,0,0,0,0,0,0,0.047619,0.047619,0,0.047619,0,0.047619,0.095238,0.047619,0.047619,0,0,0,0.047619,0,0,0.047619,0,0,0,0,0,0,0,0,0,0,0,0,0.047619,0,0,0,0,0,0,0,0,0,0,0.047619,0.047619,0,0,0.047619,0,0,0,0,0,0,0.047619,0.047619,0,0.047619,0.047619,0
0.066667,0,0,0,0.033333,0,0,0.033333,0,0,0,0,0,0.033333,0,0.033333,0.033333,0.066667,0,0,0,0.033333,0,0,0,0,0,0,0.033333,0.033333,0,0.033333,0,0,0,0.066667,0,0.033333,0,0.066667,0.033333,0.033333,0,0,0.033333,0,0,0.066667,0,0,0,0,0.033333,0,0,0.066667,0,0,0.033333,0,0,0.033333,0,0.066667
0,0,0.058824,0,0.058824,0,0,0,0,0,0,0,0,0,0,0,0,0,0,0,0.058824,0.058824,0,0,0,0.11765,0.058824,0,0,0.058824,0.058824,0,0,0,0,0.058824,0,0.058824,0,0,0,0,0,0,0.058824,0,0,0,0,0,0,0,0,0,0,0,0.17647,0.11765,0,0,0,0,0,0
0,0.037037,0.074074,0,0.037037,0,0,0,0,0,0,0.037037,0.074074,0.037037,0,0.074074,0,0.037037,0.037037,0.037037,0,0.037037,0,0,0,0.037037,0,0.037037,0,0,0,0,0,0.11111,0.037037,0,0,0,0,0.037037,0,0,0,0,0,0,0,0,0,0.037037,0,0,0,0.037037,0,0,0,0.037037,0,0.037037,0,0,0.074074,0
0.068966,0.034483,0,0,0,0,0.068966,0,0.034483,0.068966,0,0,0,0,0,0,0.034483,0.034483,0,0,0,0,0,0.034483,0.034483,0.034483,0.034483,0,0,0,0.034483,0,0.034483,0,0.034483,0.034483,0.034483,0,0,0.034483,0,0,0.034483,0,0,0.034483,0,0,0.034483,0,0,0,0.034483,0,0,0.068966,0,0.034483,0,0,0,0.034483,0.034483,0
0.085106,0.021277,0,0,0.021277,0,0,0,0.021277,0.042553,0,0,0,0,0.021277,0.021277,0.042553,0.021277,0,0,0,0,0.021277,0.021277,0.021277,0.021277,0,0,0,0,0,0.021277,0,0,0,0,0.021277,0,0.021277,0.042553,0.042553,0.042553,0,0.042553,0,0.042553,0.021277,0.06383,0.021277,0,0,0,0.042553,0.042553,0,0.042553,0,0.042553,0,0,0,0.021277,0.021277,0.021277
0.045455,0.045455,0,0,0,0,0,0,0,0,0,0.045455,0,0,0.045455,0,0,0,0,0.045455,0.045455,0,0,0,0,0.045455,0,0.045455,0.045455,0,0,0,0,0,0,0.045455,0,0,0.045455,0,0,0,0,0,0,0,0.090909,0,0.045455,0,0,0.045455,0.045455,0.045455,0,0,0,0,0,0.045455,0.090909,0.045455,0,0.045455
0,0,0.066667,0,0,0,0.066667,0,0,0,0,0,0.13333,0.066667,0,0.13333,0.066667,0,0,0,0,0,0.066667,0,0,0,0,0,0,0,0,0,0.13333,0,0.066667,0,0,0,0.066667,0,0,0,0,0,0,0,0,0,0,0,0,0,0,0,0,0,0,0,0,0,0,0,0.13333,0
0,0,0,0,0,0,0.083333,0,0,0,0,0,0,0,0,0,0,0.16667,0,0,0.083333,0.083333,0,0,0.083333,0,0,0.083333,0,0,0,0,0,0,0,0,0.083333,0,0,0,0,0.16667,0,0,0,0,0,0,0,0.083333,0,0,0,0,0.083333,0,0,0,0,0,0,0,0,0
0,0.071429,0.071429,0.071429,0.071429,0.14286,0,0,0,0,0.071429,0.071429,0,0,0,0,0,0,0,0,0,0,0,0,0,0.071429,0,0,0,0,0,0,0,0,0,0,0.071429,0.14286,0,0,0,0,0,0,0,0,0,0,0,0.071429,0,0,0,0.071429,0,0,0,0,0,0,0,0,0,0
0,0,0,0,0,0,0,0,0,0,0,0,0.090909,0.090909,0,0.090909,0,0,0.18182,0.090909,0,0.090909,0,0,0,0,0.090909,0.090909,0,0,0,0.090909,0,0,0,0,0,0,0,0,0,0,0,0,0,0,0,0,0,0,0,0,0,0,0,0,0,0,0,0.090909,0,0,0,0
0.076923,0,0,0.076923,0.076923,0,0,0,0,0,0,0,0.076923,0,0.076923,0,0.076923,0,0,0,0,0,0,0,0,0,0,0,0,0,0,0,0,0,0,0,0.076923,0,0,0,0,0.076923,0,0,0.076923,0,0,0,0.076923,0,0,0,0,0,0,0,0,0,0,0,0.076923,0,0.076923,0.076923
0.11765,0,0.058824,0,0,0,0,0,0.058824,0,0,0,0,0.058824,0,0.058824,0,0.058824,0,0,0.058824,0,0,0.058824,0,0,0,0,0,0,0,0.058824,0,0,0,0,0.058824,0,0,0,0,0.058824,0,0.058824,0,0,0,0,0,0,0,0,0,0,0,0,0,0.11765,0,0,0.058824,0,0,0.058824
0,0,0,0,0,0,0,0,0,0,0.125,0,0.125,0.125,0,0,0,0,0,0,0,0,0,0,0,0,0,0,0,0,0,0,0,0,0,0,0,0.125,0,0,0.125,0,0,0,0,0,0,0,0,0,0,0.125,0,0,0,0,0,0.125,0,0,0,0,0,0.125
0.029412,0,0,0,0.029412,0.058824,0.029412,0,0.029412,0.058824,0.029412,0,0,0.058824,0,0,0,0.029412,0.11765,0.029412,0.11765,0,0.029412,0,0,0.058824,0,0.029412,0,0,0,0,0.029412,0.029412,0.058824,0,0,0,0,0,0,0.029412,0.029412,0,0,0,0,0,0,0,0,0,0,0,0.029412,0.029412,0,0,0.029412,0,0,0,0,0
0.11765,0,0,0.058824,0,0,0.058824,0,0,0.058824,0,0,0,0,0.058824,0.058824,0.058824,0,0,0,0,0,0,0,0,0,0,0,0,0,0,0,0.058824,0,0,0,0.058824,0,0.058824,0,0,0,0,0,0.058824,0,0,0.058824,0,0.058824,0,0,0,0,0,0,0,0.058824,0,0.058824,0,0,0.058824,0
0,0,0.052632,0.052632,0,0.052632,0,0.052632,0,0,0,0.052632,0,0,0.052632,0.052632,0.052632,0,0,0.052632,0.052632,0,0,0,0.052632,0,0,0,0,0,0,0,0,0,0,0,0.10526,0,0,0,0,0,0,0,0,0,0.10526,0.052632,0.052632,0.052632,0,0,0,0,0,0,0,0,0,0.052632,0,0,0,0
0,0,0,0,0.076923,0,0,0,0,0.076923,0,0,0,0,0,0,0,0,0.076923,0,0,0,0,0,0,0,0,0,0,0,0,0,0,0,0,0,0,0.076923,0,0.076923,0,0.076923,0.076923,0.076923,0,0.076923,0.15385,0,0,0,0.076923,0,0,0,0,0,0,0,0,0,0,0,0.076923,0
0,0.076923,0,0,0,0,0.076923,0,0,0,0,0,0,0,0,0,0.076923,0.076923,0,0,0,0,0.076923,0,0,0,0,0,0.076923,0,0,0.076923,0,0,0,0.076923,0,0.076923,0,0,0,0,0,0,0,0,0,0.23077,0,0,0,0,0,0,0,0,0,0,0,0,0,0,0.076923,0
0.028571,0,0.028571,0.028571,0,0,0,0,0.028571,0,0,0,0,0,0,0,0,0,0,0.028571,0,0.028571,0.057143,0,0.057143,0,0,0,0.028571,0,0,0,0,0,0,0,0.057143,0,0.085714,0.057143,0,0,0.028571,0,0,0.028571,0.028571,0.057143,0.057143,0,0,0,0,0.085714,0,0,0.057143,0.028571,0,0.057143,0,0.028571,0,0.028571
0,0,0,0,0,0,0.071429,0,0,0,0,0,0.14286,0,0,0.14286,0.071429,0,0,0.071429,0,0,0,0,0,0,0,0.071429,0,0,0,0,0,0,0.071429,0,0.071429,0,0,0,0,0,0,0,0.071429,0,0.071429,0,0.071429,0,0.071429,0,0,0,0,0,0,0,0,0,0,0,0,0
0.034483,0,0,0,0,0,0,0,0.034483,0.068966,0,0.034483,0,0,0,0,0.034483,0,0,0,0,0,0,0,0,0,0.034483,0,0,0.034483,0,0.034483,0,0,0,0,0,0,0.068966,0.034483,0.034483,0,0,0,0.068966,0,0,0.034483,0,0.034483,0,0,0,0,0,0.068966,0.068966,0.10345,0.034483,0,0.068966,0.034483,0,0.034483
0,0,0,0,0,0,0,0.083333,0,0,0,0,0.083333,0,0.083333,0.16667,0,0,0,0,0.083333,0,0,0,0,0,0,0,0,0,0,0,0,0,0,0,0.083333,0,0,0,0,0,0,0,0,0,0,0.083333,0.16667,0,0,0,0.083333,0,0,0,0,0.083333,0,0,0,0,0,0
0,0.0625,0,0,0,0,0,0,0,0,0,0.0625,0,0.0625,0,0,0,0,0,0,0.0625,0,0,0,0,0,0,0,0,0,0,0,0,0,0,0.0625,0.125,0,0.0625,0,0.0625,0,0,0,0.0625,0,0,0.0625,0.0625,0,0,0,0,0,0,0,0,0,0,0,0,0.1875,0.0625,0
0.076923,0,0.076923,0.076923,0.23077,0,0,0,0,0,0,0,0.15385,0,0,0,0,0,0,0,0,0,0,0,0,0,0,0.076923,0,0,0,0,0,0,0,0,0,0,0,0,0,0,0,0,0.076923,0,0,0,0.076923,0.15385,0,0,0,0,0,0,0,0,0,0,0,0,0,0
0.1,0.1,0,0,0,0,0,0,0,0,0,0,0,0,0,0.05,0,0,0,0,0,0,0,0,0,0.05,0.05,0.05,0,0,0,0,0.05,0,0,0,0,0,0.15,0,0.1,0,0,0,0,0,0,0,0,0.05,0,0,0.05,0,0,0,0.05,0,0,0.1,0,0.05,0,0
0.078431,0,0.039216,0,0,0,0,0,0.019608,0.019608,0.058824,0,0.039216,0,0.039216,0,0,0,0.019608,0,0.019608,0,0,0,0.039216,0.019608,0,0,0,0,0.039216,0,0,0.039216,0.058824,0.039216,0.019608,0.039216,0.019608,0,0.058824,0.019608,0.039216,0,0,0,0.039216,0,0,0.019608,0.019608,0.019608,0,0,0,0,0.078431,0,0.019608,0.019608,0.019608,0,0,0
0.02381,0,0,0.047619,0.047619,0,0,0.02381,0,0.02381,0,0,0.02381,0,0,0,0.047619,0,0,0,0,0,0,0,0.071429,0.02381,0.02381,0,0.02381,0,0,0,0,0,0.02381,0.02381,0.047619,0,0,0.02381,0.047619,0.02381,0,0,0,0,0.02381,0,0.047619,0,0,0,0.02381,0.047619,0,0,0,0.02381,0,0,0.047619,0.095238,0.02381,0.095238
0.05,0.05,0,0,0,0,0,0,0,0,0,0,0,0,0,0,0,0,0,0,0,0,0,0.05,0.05,0,0.05,0.05,0,0,0.1,0.05,0,0,0,0,0,0.05,0,0.05,0,0,0,0,0,0.05,0.05,0,0.05,0,0,0,0,0,0,0,0,0.1,0,0,0,0,0.05,0.15
0,0,0,0,0.1,0.1,0,0,0,0,0.1,0,0,0,0,0,0.1,0,0.1,0,0,0,0,0,0,0,0.1,0,0,0,0,0,0.1,0,0,0,0,0,0,0,0,0,0,0,0.1,0,0,0,0,0,0,0,0.1,0,0,0,0,0,0,0.1,0,0,0,0
0.095238,0.059524,0.02381,0.02381,0.011905,0,0,0.011905,0.011905,0.035714,0.011905,0,0.011905,0.02381,0.02381,0.035714,0.10714,0,0.011905,0.02381,0,0,0,0,0.011905,0.02381,0.02381,0.011905,0,0,0,0,0,0.02381,0,0.011905,0.02381,0,0.011905,0,0,0.011905,0.011905,0.011905,0.011905,0.011905,0.011905,0.011905,0.02381,0,0,0.011905,0.02381,0,0.011905,0,0.035714,0.02381,0.035714,0.011905,0.02381,0,0.035714,0.011905
0,0,0,0,0,0,0,0,0.125,0,0,0,0,0,0,0,0.125,0,0,0,0,0,0,0,0,0,0,0,0.125,0,0,0,0,0,0,0,0.125,0,0,0,0,0,0,0,0,0.125,0,0,0,0.125,0.125,0,0,0,0,0,0,0,0,0,0,0,0.125,0
0,0,0,0,0.027778,0,0,0.027778,0,0.027778,0,0,0,0,0,0,0.027778,0.16667,0,0,0,0,0.027778,0,0,0.027778,0,0,0,0.16667,0.055556,0,0,0.027778,0,0.027778,0,0.055556,0,0.027778,0,0,0,0,0,0,0,0,0,0.027778,0,0,0.027778,0,0.083333,0.027778,0,0,0.027778,0.027778,0,0.055556,0.027778,0
0,0.032258,0.064516,0,0,0,0,0,0,0.032258,0,0,0.064516,0,0,0,0,0.032258,0,0.032258,0,0,0,0,0,0.032258,0,0,0,0,0,0,0,0,0.064516,0,0.064516,0,0,0,0,0.032258,0,0,0,0,0.096774,0,0,0.032258,0,0,0.032258,0,0,0,0,0.096774,0,0.16129,0,0.032258,0.064516,0.032258
0.125,0,0.041667,0,0.041667,0,0.125,0,0,0,0,0.041667,0,0.041667,0,0,0.083333,0,0,0,0,0,0,0,0,0.041667,0,0,0,0,0,0,0.041667,0,0,0,0,0,0,0.041667,0,0,0,0,0,0,0.041667,0,0.041667,0,0.041667,0.041667,0.041667,0,0,0.041667,0,0.041667,0,0,0.041667,0,0,0.041667
0.04918,0.032787,0,0,0,0,0,0,0,0,0.016393,0,0,0,0,0.04918,0.081967,0.032787,0.032787,0,0.016393,0,0,0,0.016393,0.065574,0,0.016393,0.016393,0.016393,0,0,0.032787,0,0,0,0,0.032787,0.032787,0,0,0,0,0.016393,0.016393,0.032787,0.032787,0,0,0,0,0.016393,0.016393,0,0.04918,0.016393,0.016393,0.04918,0.016393,0.016393,0.016393,0.04918,0.065574,0.032787
0,0,0,0,0.071429,0,0,0,0,0,0,0,0.071429,0,0,0.071429,0.071429,0,0.071429,0,0.071429,0,0.14286,0,0,0,0,0,0,0,0,0,0,0,0,0,0,0,0,0,0,0,0,0,0,0,0,0,0.071429,0,0.071429,0.071429,0,0,0,0,0.071429,0,0,0.071429,0,0,0,0.071429
0,0,0,0.058824,0,0,0,0,0,0,0.058824,0,0,0,0,0,0.058824,0.058824,0.17647,0,0.058824,0,0,0,0,0,0,0,0,0.058824,0,0,0,0.058824,0,0,0.058824,0,0.11765,0,0,0,0,0.058824,0,0.058824,0,0,0,0,0,0.058824,0,0,0,0,0,0.058824,0,0,0,0,0,0
0,0.055556,0,0,0,0,0,0,0.055556,0.055556,0,0,0.055556,0.055556,0.055556,0,0.11111,0,0,0,0,0,0,0,0,0,0,0,0.055556,0,0,0.055556,0.055556,0,0,0,0,0,0,0,0,0,0.11111,0,0,0.055556,0,0,0.055556,0,0,0,0.055556,0,0,0,0,0,0,0,0,0,0.055556,0.055556
0.071429,0,0,0,0,0,0,0,0.071429,0,0,0,0.071429,0,0.071429,0.14286,0.071429,0,0,0,0,0,0,0,0,0,0,0,0,0,0,0,0,0,0,0,0,0,0.071429,0,0,0,0,0,0,0,0,0,0,0,0,0,0,0,0.071429,0.071429,0,0.071429,0.071429,0,0,0.14286,0,0
0.1,0,0,0.1,0.1,0,0,0,0,0,0,0,0,0,0,0,0,0,0,0,0,0,0,0,0,0,0,0,0,0,0,0,0,0,0,0,0,0,0,0,0.1,0.1,0,0,0.1,0,0,0,0,0,0,0,0,0.1,0.1,0,0.1,0,0,0,0,0,0,0.1
0,0,0,0,0.13333,0,0.066667,0,0.066667,0,0,0,0.13333,0,0,0,0,0,0,0,0,0,0,0,0,0,0,0,0.066667,0,0,0.066667,0.066667,0,0,0,0,0,0,0,0,0,0,0,0.066667,0,0,0,0.066667,0,0,0,0,0,0,0,0.066667,0.066667,0.066667,0,0.066667,0,0,0
0,0.021277,0.021277,0,0.042553,0.042553,0,0,0,0,0,0.042553,0.021277,0.021277,0.042553,0.021277,0.021277,0.021277,0.042553,0.021277,0.021277,0,0.021277,0,0,0,0,0.021277,0.021277,0.021277,0.042553,0.042553,0,0,0,0,0.042553,0,0,0,0,0.085106,0.021277,0,0.042553,0.021277,0.021277,0.021277,0,0.042553,0,0.021277,0,0,0,0,0,0,0.021277,0.021277,0.021277,0,0.021277,0.021277
0.025,0,0.025,0,0,0,0.05,0,0.025,0,0.025,0,0,0,0.05,0,0,0.1,0.025,0,0.025,0.025,0.025,0,0.025,0,0,0,0,0,0,0,0,0,0,0,0.05,0.05,0,0,0.025,0,0.025,0,0.025,0.025,0.025,0.025,0,0.025,0.075,0,0,0.025,0.025,0,0.025,0.025,0.025,0,0,0.025,0.05,0.025
0.034884,0.023256,0.023256,0.034884,0,0.023256,0,0.023256,0.023256,0.011628,0.011628,0,0.011628,0.046512,0,0.011628,0.069767,0.011628,0,0,0.034884,0.011628,0.011628,0,0.011628,0,0,0,0.034884,0.011628,0.034884,0.034884,0.011628,0.011628,0.023256,0,0.034884,0,0.034884,0,0.011628,0.034884,0.023256,0,0,0.023256,0.011628,0.011628,0.011628,0,0,0.011628,0.011628,0.034884,0.011628,0,0,0.034884,0.011628,0.023256,0.046512,0,0.011628,0.011628
0.052632,0,0.052632,0,0,0,0,0,0,0.052632,0,0.052632,0,0,0,0,0.10526,0,0,0,0.052632,0.052632,0,0,0,0,0,0,0,0,0,0,0.052632,0,0,0,0,0,0,0.10526,0,0.052632,0,0,0,0,0,0.052632,0,0,0,0,0.052632,0,0,0.052632,0,0,0.052632,0.052632,0,0,0.10526,0
0.15789,0,0,0.052632,0,0,0.052632,0,0.10526,0,0,0,0,0,0.052632,0,0.052632,0,0.10526,0,0,0,0,0,0.052632,0,0,0,0,0,0,0,0,0,0,0,0,0,0,0,0,0,0,0,0,0,0.052632,0,0,0,0,0,0,0,0,0,0.10526,0.21053,0,0,0,0,0,0
0.10345,0.068966,0.034483,0,0,0,0,0,0.034483,0,0,0.13793,0,0,0.034483,0,0,0,0,0,0.068966,0,0,0,0.034483,0.034483,0,0,0,0,0,0,0,0,0,0.034483,0.10345,0,0.034483,0,0,0,0,0,0,0,0.034483,0,0.10345,0,0,0,0,0,0,0,0.034483,0,0,0.034483,0.068966,0,0,0
0.076923,0,0,0,0.076923,0,0.076923,0,0,0,0,0,0,0,0,0,0,0,0,0,0,0,0,0,0,0,0,0,0,0,0.076923,0,0,0,0,0,0.076923,0.076923,0,0,0,0,0,0,0,0,0,0,0,0,0.076923,0.076923,0,0.076923,0,0,0.076923,0,0.076923,0,0.076923,0,0,0.076923
0.025,0.025,0,0.025,0.05,0,0.025,0,0,0,0,0,0,0,0.075,0.075,0,0.025,0,0.05,0.05,0,0,0.025,0,0,0,0.05,0.025,0,0.1,0,0.025,0,0,0,0.025,0,0,0,0,0,0,0,0.025,0,0,0,0,0,0,0,0.075,0,0.075,0,0.025,0,0,0.025,0,0,0.1,0
0,0,0,0.066667,0,0.066667,0,0,0.066667,0,0,0,0,0,0.066667,0,0,0,0,0,0,0,0,0,0,0,0,0.066667,0,0,0.066667,0,0,0,0,0.066667,0,0,0,0,0,0.066667,0,0,0.066667,0,0,0,0,0,0,0,0.066667,0,0.13333,0,0,0,0,0,0.066667,0,0.066667,0.066667
0,0,0,0,0.068966,0,0.034483,0,0,0,0,0.034483,0,0,0.034483,0.034483,0.068966,0,0,0,0.034483,0,0,0,0,0.034483,0.034483,0,0,0,0,0,0,0,0,0.034483,0.068966,0.034483,0,0,0,0,0,0,0.034483,0.034483,0,0.10345,0.034483,0,0,0.034483,0.034483,0,0.068966,0,0,0,0,0,0.034483,0,0.068966,0.034483
0,0,0,0,0,0,0,0.0625,0,0,0,0.0625,0,0,0,0.125,0,0.0625,0.0625,0.0625,0,0,0,0,0,0,0,0,0,0,0,0,0,0,0,0,0,0.0625,0.0625,0,0,0,0,0,0,0,0,0.0625,0.0625,0,0,0.0625,0,0,0,0,0,0.0625,0.0625,0,0,0,0.0625,0.0625
0.13043,0,0,0.043478,0,0,0,0.086957,0,0,0.043478,0,0,0.043478,0,0.086957,0.043478,0.043478,0.043478,0,0,0,0,0,0,0,0,0,0,0,0,0,0.043478,0,0,0.043478,0.043478,0.086957,0,0,0,0,0,0,0,0,0.043478,0.086957,0,0,0,0.043478,0,0,0,0,0,0,0,0,0.043478,0,0,0
0,0,0,0,0.21053,0,0,0,0,0,0,0,0.052632,0.052632,0,0,0.052632,0,0.052632,0,0.052632,0,0,0,0,0,0,0.10526,0.052632,0,0,0,0,0,0,0.052632,0,0,0,0.052632,0,0,0,0,0,0,0,0,0,0,0,0.052632,0,0.052632,0.052632,0,0,0,0,0,0,0.052632,0.052632,0
0,0,0,0,0,0.066667,0,0,0,0,0,0,0.066667,0,0,0,0,0.066667,0,0,0,0,0,0,0.13333,0.066667,0,0,0,0,0.066667,0,0,0,0,0,0.13333,0,0.066667,0,0,0,0,0,0,0,0,0,0,0,0,0.066667,0,0,0.066667,0,0,0.066667,0,0,0.066667,0,0.066667,0
0,0,0,0,0.041667,0.041667,0,0.041667,0,0,0,0.041667,0,0,0,0,0.041667,0.041667,0,0,0.041667,0,0,0,0,0.041667,0.083333,0,0,0.041667,0,0,0.083333,0.041667,0,0,0,0,0.083333,0,0,0,0,0.083333,0,0.083333,0.041667,0,0.041667,0,0,0,0,0,0,0,0,0,0,0,0,0,0.041667,0.041667
0.13636,0.045455,0,0.090909,0,0,0.045455,0,0,0,0,0.045455,0,0,0,0.090909,0.045455,0,0,0,0,0,0,0,0,0.045455,0,0,0,0,0.090909,0,0,0,0,0,0,0,0,0,0,0,0,0,0.090909,0,0,0,0,0,0,0,0,0,0,0,0.045455,0.090909,0,0,0,0.045455,0.090909,0
0,0,0,0.045455,0,0,0,0,0.045455,0.045455,0,0.045455,0.045455,0.045455,0,0.045455,0,0,0,0.045455,0,0,0,0,0,0,0,0.045455,0,0,0,0,0,0,0,0,0,0.045455,0.090909,0,0,0,0,0.045455,0,0,0.090909,0.045455,0,0,0,0,0,0,0,0,0,0.13636,0,0.045455,0,0,0.045455,0.045455
0.16667,0,0,0,0.055556,0,0,0,0,0,0,0,0,0,0,0.11111,0.055556,0,0,0.055556,0,0,0,0,0.11111,0.055556,0,0,0,0,0,0,0,0,0,0,0,0.055556,0,0,0,0,0,0,0,0,0,0,0,0,0.055556,0,0.11111,0,0,0,0,0,0,0,0.055556,0,0.055556,0.055556
0,0,0,0,0,0,0,0,0,0,0,0,0.1,0,0.1,0,0,0.1,0.1,0,0.2,0,0.2,0,0,0.1,0,0,0,0,0,0,0,0,0,0,0,0,0,0,0,0,0,0,0,0,0,0,0,0,0,0,0,0,0,0,0,0.1,0,0,0,0,0,0
0.0625,0,0,0,0,0,0.0625,0.0625,0,0,0,0,0,0,0,0,0,0,0,0.0625,0.0625,0.125,0,0,0,0.0625,0,0,0,0.0625,0.0625,0,0.0625,0,0,0,0,0.0625,0,0,0,0,0,0,0,0,0,0,0,0,0.0625,0,0,0.0625,0,0,0,0.0625,0.0625,0,0,0,0,0
0,0,0,0,0,0,0,0,0,0,0,0,0,0,0.1,0,0,0,0,0,0,0.1,0,0,0,0,0.1,0.1,0,0,0,0,0,0,0,0,0,0,0,0,0,0,0,0,0.1,0,0,0.1,0.1,0,0,0,0,0,0,0.1,0.1,0,0,0,0,0,0,0.1
0.055556,0.055556,0,0.055556,0.055556,0,0.055556,0,0,0,0,0,0,0.055556,0.055556,0.11111,0,0,0,0,0.055556,0,0,0,0,0,0,0,0,0,0,0,0,0,0,0,0.055556,0,0,0,0,0,0,0,0,0,0.11111,0.055556,0,0,0,0,0,0,0.055556,0,0,0,0,0,0.11111,0,0,0.055556
0,0.076923,0,0,0,0,0.076923,0,0,0,0,0.076923,0,0,0,0,0,0,0,0,0,0,0,0,0,0,0,0,0,0.076923,0,0,0,0,0,0,0,0,0,0.076923,0,0,0.076923,0,0,0,0,0.076923,0,0.076923,0,0.076923,0,0,0,0,0,0.076923,0,0.076923,0.076923,0,0,0.076923
0.08,0,0,0.04,0.08,0.04,0.04,0,0.12,0,0,0,0,0.04,0,0.04,0,0,0,0,0,0,0,0.04,0.04,0.04,0,0,0.04,0,0.04,0,0,0,0.04,0,0,0,0,0,0,0,0,0,0,0,0,0,0.04,0,0,0,0,0,0.04,0.04,0,0,0.04,0,0.04,0,0.04,0.04
0,0,0,0,0,0,0,0,0,0.0625,0,0,0.0625,0.0625,0,0.0625,0,0.0625,0,0,0,0,0,0,0,0.0625,0,0,0,0.0625,0,0,0,0,0,0,0,0,0,0,0,0.0625,0,0,0,0,0.0625,0,0.0625,0.125,0,0,0,0,0,0.0625,0,0,0.0625,0.0625,0.0625,0,0,0
0,0,0.071429,0,0,0,0,0,0,0,0.071429,0.071429,0.071429,0,0,0,0.071429,0.071429,0,0,0,0,0,0,0.071429,0,0,0.071429,0,0,0,0,0,0,0.071429,0,0,0,0,0,0,0,0,0,0.071429,0,0,0,0,0,0.071429,0.071429,0,0.071429,0,0,0,0,0,0,0.071429,0,0,0
0,0.22222,0,0,0,0,0,0,0,0.11111,0,0.11111,0,0,0,0,0,0,0,0,0,0.11111,0,0,0,0.11111,0,0,0.11111,0,0,0,0,0,0,0,0,0,0,0,0,0,0,0,0,0,0,0,0,0,0,0,0,0,0,0,0,0,0,0,0.11111,0.11111,0,0
0,0,0,0,0.041667,0,0,0,0,0,0,0.041667,0,0.041667,0.041667,0.041667,0,0.041667,0,0.041667,0,0,0,0,0.041667,0,0,0,0,0,0.083333,0.041667,0,0,0,0.041667,0.041667,0,0.041667,0,0,0,0,0.041667,0,0,0,0.083333,0,0,0.041667,0,0,0.041667,0.041667,0.041667,0,0,0,0,0,0.041667,0.041667,0.041667
0.078947,0,0.026316,0.026316,0.10526,0,0,0.026316,0.026316,0.026316,0.026316,0.026316,0,0,0,0.026316,0.052632,0,0,0,0.026316,0,0.026316,0,0.052632,0,0,0.026316,0,0.026316,0,0,0,0,0,0,0,0.026316,0.026316,0,0,0.026316,0.026316,0,0.026316,0,0.026316,0.026316,0,0.026316,0.026316,0.026316,0,0.026316,0,0,0,0.026316,0.026316,0.026316,0,0.026316,0,0
0,0,0.125,0,0,0,0,0,0,0,0,0,0,0,0,0,0,0.125,0,0,0,0,0,0,0,0,0,0,0,0,0,0,0,0,0,0,0,0,0,0,0,0,0,0.125,0.125,0.125,0,0,0,0,0,0.125,0,0.125,0,0,0.125,0,0,0,0,0,0,0
0.095238,0,0.047619,0,0,0.047619,0.047619,0,0,0,0,0.047619,0.047619,0,0.047619,0.095238,0.047619,0,0,0,0,0,0,0.047619,0,0,0,0,0,0.047619,0,0,0,0.047619,0,0,0,0,0,0,0,0,0,0,0.047619,0,0,0.095238,0.047619,0,0,0,0,0,0,0.047619,0,0,0,0,0.047619,0,0,0.047619
0,0,0,0,0,0,0.125,0,0,0,0,0,0,0,0,0,0.125,0,0,0,0.125,0,0,0,0,0,0,0.125,0.125,0,0,0,0,0,0,0,0,0,0,0,0,0,0,0.125,0,0,0,0,0,0,0,0,0,0,0,0,0,0,0,0,0.25,0,0,0
0,0,0,0,0,0,0,0,0,0,0,0,0,0.16667,0,0.083333,0.083333,0,0.083333,0.083333,0.083333,0,0,0,0,0,0,0,0,0,0,0,0.083333,0,0,0.083333,0,0,0.083333,0,0,0,0,0.083333,0,0,0,0,0,0,0,0,0,0,0,0,0,0,0,0,0,0,0.083333,0
0.13333,0.066667,0,0,0,0,0,0,0.066667,0.066667,0,0,0.066667,0,0,0,0.066667,0,0,0,0,0,0,0,0,0,0,0,0,0,0.066667,0,0,0,0,0,0,0,0,0,0.066667,0.066667,0,0,0,0,0,0,0.066667,0,0,0,0.066667,0.13333,0,0,0.066667,0,0,0,0,0,0,0
0.033333,0.033333,0.033333,0.033333,0.066667,0,0.033333,0,0,0,0,0,0.033333,0,0.033333,0,0.033333,0.033333,0.033333,0,0.033333,0.033333,0,0,0,0,0,0,0.066667,0.033333,0,0,0.033333,0,0,0,0.033333,0,0,0.033333,0.033333,0.033333,0.033333,0,0,0,0,0,0.033333,0.033333,0.033333,0,0,0,0,0,0.033333,0.033333,0.033333,0,0,0,0.033333,0
0.29412,0,0.058824,0,0,0,0,0,0.058824,0,0,0,0,0.058824,0.058824,0,0,0,0.058824,0,0,0.11765,0,0,0,0,0,0,0,0,0,0,0.058824,0,0,0,0.11765,0,0,0,0,0,0,0,0,0,0,0,0,0,0,0,0,0,0,0,0.058824,0,0.058824,0,0,0,0,0
0.25,0,0,0,0.083333,0,0,0.083333,0,0,0,0,0,0,0,0,0.083333,0,0,0,0,0.083333,0,0,0,0,0,0,0,0,0,0,0,0,0,0,0,0,0,0.083333,0,0.083333,0,0,0,0,0,0,0.083333,0,0,0,0,0,0,0,0.083333,0,0,0,0,0,0,0.083333
0.03125,0.0625,0,0,0.09375,0,0.03125,0,0,0.03125,0,0,0,0,0,0.03125,0,0,0.0625,0.03125,0.03125,0.03125,0,0,0.03125,0,0,0,0,0.03125,0,0.03125,0,0,0,0.03125,0.15625,0,0.0625,0,0.03125,0,0,0,0,0,0.03125,0,0.03125,0.03125,0,0,0.0625,0,0,0.03125,0,0,0,0,0,0,0,0
0.12195,0,0.02439,0,0,0,0,0,0,0,0,0,0.04878,0.04878,0.02439,0.02439,0.04878,0.02439,0.02439,0,0,0,0,0,0,0,0,0.02439,0,0.02439,0,0.04878,0,0,0,0,0.02439,0.02439,0,0,0,0,0,0.02439,0.04878,0,0.02439,0.02439,0.04878,0.02439,0,0,0,0.02439,0.02439,0.02439,0.02439,0.02439,0.04878,0.02439,0,0.02439,0.02439,0.02439
0.0625,0,0,0.0625,0,0,0,0,0,0,0,0,0,0,0,0,0,0.0625,0,0,0,0,0,0,0,0,0,0.0625,0,0,0.0625,0,0,0,0,0.0625,0,0,0.0625,0,0.0625,0.0625,0.0625,0.0625,0,0,0,0.0625,0,0,0.0625,0,0,0,0,0,0,0,0.125,0,0.0625,0,0,0
0,0,0,0,0,0,0,0,0,0.1,0,0.1,0,0,0.2,0,0.2,0,0,0,0.1,0,0,0,0,0,0,0,0,0,0,0,0,0,0,0,0,0,0.2,0,0,0,0,0.1,0,0,0,0,0,0,0,0,0,0,0,0,0,0,0,0,0,0,0,0
0.055556,0,0,0.11111,0,0.055556,0,0,0,0,0,0,0,0,0,0,0,0,0,0,0,0,0,0,0,0.11111,0,0,0,0,0,0,0,0,0,0,0,0,0.11111,0,0,0,0,0,0,0,0.22222,0,0,0.055556,0,0,0,0,0,0,0,0.055556,0.055556,0.16667,0,0,0,0
0,0,0,0,0,0,0,0,0.04,0.04,0,0,0,0,0,0,0,0,0,0,0,0,0,0,0,0.04,0,0.08,0,0,0,0,0.08,0,0,0,0.04,0,0.12,0,0,0.04,0,0,0.12,0,0.2,0,0,0,0.04,0,0,0,0,0,0.04,0,0,0.12,0,0,0,0
0.11224,0,0.040816,0.030612,0.010204,0.010204,0.030612,0,0.020408,0,0,0.010204,0.010204,0.010204,0.010204,0.010204,0.061224,0,0.010204,0.020408,0,0,0.020408,0.010204,0.020408,0.010204,0,0.010204,0,0.010204,0.010204,0.030612,0.020408,0,0.010204,0.010204,0.010204,0,0.010204,0.020408,0.020408,0,0,0.010204,0.020408,0.020408,0.020408,0.010204,0.010204,0.030612,0,0,0.010204,0.020408,0.040816,0.05102,0.010204,0.020408,0,0.010204,0.020408,0.020408,0.020408,0.030612
0.13636,0.045455,0.045455,0.045455,0,0,0,0.045455,0,0,0,0,0,0,0,0.045455,0,0.045455,0,0,0,0,0,0,0.045455,0,0,0.045455,0,0,0,0,0,0,0,0,0,0,0,0,0,0,0,0,0,0.090909,0,0,0.045455,0.090909,0,0,0.090909,0,0.045455,0,0,0,0,0,0.045455,0.045455,0.045455,0
0,0.05,0.05,0.05,0,0,0,0,0,0.05,0,0,0.05,0,0.05,0,0,0.05,0.05,0,0,0,0.05,0,0.05,0,0,0,0,0,0,0,0,0.05,0,0,0,0.05,0,0,0,0.05,0.05,0,0,0,0,0.05,0,0,0,0,0,0,0,0.05,0,0.05,0,0.05,0,0,0.05,0.05
0.074074,0,0,0.037037,0,0,0,0,0,0,0,0,0,0,0.037037,0.037037,0,0,0,0,0,0,0,0.037037,0,0.037037,0,0,0,0.037037,0.037037,0.037037,0,0,0,0,0,0,0,0,0.037037,0,0,0.074074,0.037037,0,0.037037,0.037037,0.11111,0.037037,0,0.037037,0.037037,0,0,0,0.037037,0.11111,0,0,0.037037,0,0,0
0,0,0,0,0,0,0,0,0.066667,0,0,0,0,0,0.066667,0,0,0,0,0,0,0,0,0,0,0,0,0,0,0,0.066667,0.066667,0,0,0,0,0.066667,0,0,0.066667,0,0,0.066667,0,0,0,0,0.13333,0,0,0.066667,0,0,0,0,0,0.13333,0,0,0,0.066667,0.066667,0.066667,0
0,0.1,0,0,0,0.1,0,0,0,0,0,0,0,0,0,0,0,0,0,0.1,0,0,0,0,0,0,0,0,0,0,0,0,0,0,0,0.1,0,0,0,0,0,0,0,0,0,0.2,0,0,0.1,0,0.1,0,0,0,0,0,0.1,0,0,0,0.1,0,0,0
0.054054,0,0,0.054054,0.054054,0,0,0,0.027027,0,0,0.027027,0.027027,0,0,0.054054,0.027027,0,0,0.054054,0,0,0.027027,0,0,0.027027,0,0.027027,0,0,0,0,0,0,0.027027,0,0.027027,0.027027,0,0.027027,0,0.027027,0,0.027027,0.054054,0,0,0,0.027027,0.081081,0,0,0.027027,0,0,0,0,0,0.054054,0,0.054054,0,0.027027,0.054054
0,0,0.03125,0.03125,0,0,0,0.03125,0,0,0,0,0,0,0,0,0,0.03125,0,0.03125,0.03125,0.03125,0.03125,0,0.09375,0,0,0,0,0,0.03125,0,0.03125,0,0,0,0,0,0.0625,0.03125,0,0.03125,0,0.03125,0,0.09375,0.03125,0,0.03125,0,0,0,0,0,0,0,0,0,0.09375,0,0,0.03125,0.0625,0.09375
0.064516,0,0.096774,0.032258,0.032258,0,0.032258,0.032258,0.064516,0,0,0.032258,0,0,0,0,0.032258,0,0.032258,0,0.032258,0,0,0,0,0,0,0,0,0,0,0,0.064516,0,0.032258,0,0,0,0,0,0,0.032258,0.032258,0,0,0.032258,0.032258,0,0.064516,0,0,0,0.064516,0,0,0.032258,0,0,0,0.032258,0,0.032258,0.064516,0
0,0.071429,0,0,0,0,0,0,0,0,0,0,0,0,0.071429,0,0.071429,0,0.071429,0,0.071429,0,0,0,0,0.071429,0.071429,0,0,0.071429,0,0,0.071429,0,0,0,0,0,0,0.14286,0.071429,0,0,0,0,0,0,0.071429,0,0,0,0,0,0,0,0,0,0.071429,0,0,0,0,0,0
0.1,0,0,0,0,0,0,0,0,0,0,0,0,0,0.1,0,0.1,0.1,0.1,0,0,0,0,0,0.1,0,0,0,0.1,0,0,0,0,0.1,0,0,0,0,0,0,0,0,0,0,0,0,0,0,0,0,0,0,0,0,0,0.2,0,0,0,0,0,0,0,0
0.0625,0,0.03125,0,0.0625,0,0,0,0.03125,0,0,0,0.09375,0.03125,0.03125,0,0.03125,0,0,0.03125,0,0.09375,0,0,0,0.03125,0,0,0,0.03125,0,0,0.0625,0,0.0625,0,0.0625,0.03125,0,0,0,0,0,0,0.03125,0,0,0,0.03125,0.03125,0,0.0625,0,0,0,0,0,0,0,0.03125,0.03125,0,0,0
0.088235,0,0,0.058824,0.029412,0,0,0.029412,0,0,0,0.029412,0.029412,0,0,0.029412,0,0.029412,0,0,0.058824,0,0,0,0,0,0,0,0.029412,0,0,0.058824,0,0.029412,0,0.029412,0.029412,0,0,0,0,0.029412,0,0,0,0.029412,0.029412,0.029412,0.029412,0,0,0.029412,0.029412,0,0.029412,0,0.029412,0,0,0.029412,0.058824,0.029412,0,0.058824
0.14286,0,0.028571,0.042857,0.014286,0,0.028571,0.014286,0.028571,0,0,0.014286,0.014286,0,0.014286,0.014286,0.028571,0.057143,0,0,0.014286,0.057143,0,0.014286,0,0.014286,0,0,0,0,0,0.014286,0,0,0.014286,0,0.014286,0.028571,0,0,0,0.057143,0.014286,0.014286,0,0,0.028571,0.014286,0.057143,0.014286,0.014286,0,0.042857,0.014286,0,0,0.014286,0.014286,0,0.028571,0,0.028571,0.028571,0
0,0.030303,0,0.12121,0,0,0.030303,0,0.060606,0,0,0,0,0,0.030303,0.030303,0,0,0.060606,0,0,0,0,0,0.030303,0.030303,0.060606,0.030303,0.060606,0,0,0,0.030303,0,0,0,0,0,0,0,0.030303,0,0,0,0,0.030303,0,0,0.030303,0,0,0,0,0,0.060606,0,0.030303,0,0,0,0,0.060606,0.060606,0.090909
0.15385,0,0.076923,0,0,0,0,0,0,0,0,0,0,0,0,0.076923,0,0,0,0.15385,0,0,0,0,0.076923,0,0.076923,0,0,0,0.15385,0,0,0,0,0,0,0,0.076923,0,0,0,0,0,0,0,0,0,0.076923,0,0,0,0.076923,0,0,0,0,0,0,0,0,0,0,0
0.036364,0.090909,0,0,0.036364,0.018182,0,0.036364,0,0.090909,0,0,0.018182,0.072727,0,0.036364,0.036364,0.018182,0,0,0.018182,0.036364,0.018182,0,0,0,0,0.036364,0,0,0,0,0,0,0,0,0.036364,0,0,0.018182,0,0.054545,0,0.018182,0,0,0.072727,0,0,0.036364,0,0,0.018182,0,0.018182,0,0.036364,0.018182,0,0,0,0.036364,0.018182,0.018182
0.028571,0.028571,0,0,0.057143,0.028571,0.057143,0.028571,0.028571,0,0.028571,0,0.028571,0,0,0,0.028571,0.11429,0,0,0.085714,0,0,0,0.028571,0.057143,0,0,0.028571,0,0.028571,0,0.085714,0,0.028571,0,0.028571,0,0.028571,0,0,0,0,0,0,0,0,0,0,0.057143,0.028571,0,0,0.057143,0,0,0,0,0,0,0,0,0,0
0.16667,0,0,0,0,0,0,0,0.083333,0,0,0.083333,0.16667,0,0,0,0,0,0,0,0,0,0,0,0,0,0.083333,0,0,0,0,0,0,0,0,0,0,0,0.083333,0,0.083333,0.083333,0.083333,0,0,0,0,0,0,0,0,0,0.083333,0,0,0,0,0,0,0,0,0,0,0
0.027778,0.027778,0,0,0,0,0,0,0,0,0,0,0.083333,0,0,0,0,0.027778,0.027778,0,0,0,0,0,0.027778,0.027778,0,0.055556,0,0,0,0.027778,0,0,0.027778,0.027778,0.055556,0,0.027778,0.055556,0,0,0.027778,0,0.027778,0,0,0,0,0,0.027778,0.083333,0,0.027778,0,0,0.027778,0,0.027778,0.027778,0.027778,0.055556,0.027778,0.083333
0,0,0.055556,0.055556,0.055556,0.055556,0.055556,0,0.055556,0,0,0,0,0,0,0.055556,0,0,0,0,0,0,0.055556,0,0.055556,0,0,0,0.055556,0,0,0,0,0,0,0,0,0.055556,0,0,0,0,0,0,0,0,0.055556,0.11111,0,0.055556,0,0,0,0.055556,0,0,0.055556,0,0,0,0.055556,0,0,0
0,0,0.0625,0,0,0.0625,0.0625,0,0,0,0,0.0625,0,0,0,0,0,0,0.0625,0,0.125,0.0625,0,0,0,0,0,0,0,0,0.0625,0,0,0,0.0625,0,0,0,0.125,0,0,0,0,0,0.0625,0.0625,0,0,0,0,0,0,0,0.0625,0.0625,0,0,0,0,0,0,0,0,0
0,0,0,0.16667,0,0,0,0,0,0,0,0,0,0,0,0.16667,0.083333,0,0,0,0,0,0,0,0.083333,0,0,0,0,0,0,0,0,0,0,0,0,0,0,0,0,0,0.083333,0,0.083333,0,0,0,0.16667,0,0,0,0.083333,0,0,0,0,0,0,0.083333,0,0,0,0
0,0,0,0,0,0.083333,0,0.083333,0,0,0,0,0,0.083333,0,0,0.083333,0.083333,0.083333,0,0,0,0,0,0,0,0,0,0,0,0,0,0,0.083333,0,0,0.083333,0,0,0,0,0.083333,0,0,0,0,0,0.083333,0,0,0,0,0,0.083333,0,0,0,0,0,0,0,0,0,0.083333
0,0,0,0,0,0,0,0,0.047619,0,0,0,0,0.095238,0.047619,0,0,0,0,0,0,0,0,0,0.047619,0.095238,0.047619,0,0,0.047619,0,0,0,0,0.095238,0,0,0,0,0.047619,0.047619,0,0.047619,0,0.047619,0,0,0.047619,0,0,0,0,0,0,0,0,0.047619,0,0.047619,0.047619,0,0,0.047619,0.047619
0,0,0,0.058824,0,0,0.058824,0,0.058824,0,0,0,0.058824,0,0,0,0,0,0,0,0,0,0,0,0,0,0,0,0,0.058824,0,0,0,0,0,0,0,0,0.058824,0,0,0,0,0.058824,0,0,0,0.058824,0.058824,0,0,0,0.058824,0,0,0.058824,0,0,0,0.058824,0,0.058824,0.17647,0.058824
0.071429,0.071429,0,0.071429,0,0,0,0,0.071429,0,0,0,0.071429,0,0.071429,0.071429,0.071429,0,0,0,0,0,0,0.071429,0,0.071429,0,0,0,0,0,0,0,0,0,0,0.071429,0,0,0.071429,0.071429,0,0,0,0,0,0,0.071429,0,0,0,0,0,0,0,0,0,0,0,0,0,0,0,0
0.076923,0,0,0,0,0,0,0,0,0,0,0,0,0,0,0,0,0,0,0,0.076923,0,0,0,0,0,0.076923,0,0.076923,0,0,0.076923,0,0,0,0,0.076923,0,0,0,0,0,0,0,0.076923,0,0,0,0.076923,0.076923,0,0,0,0,0.076923,0,0,0,0,0,0.076923,0,0.15385,0
0.13333,0,0.066667,0,0,0.066667,0,0,0.066667,0,0,0.066667,0,0.066667,0,0,0,0,0,0,0,0,0,0,0.066667,0,0,0.066667,0.066667,0,0,0.066667,0,0,0,0,0,0,0,0.066667,0,0,0,0,0,0,0,0,0.066667,0,0.066667,0,0,0,0,0,0,0,0,0,0,0.066667,0,0
0,0,0,0,0,0,0,0,0,0,0,0.11111,0,0,0,0,0,0,0,0,0,0,0,0,0,0,0,0,0,0,0,0,0,0,0,0,0.11111,0,0,0,0,0,0,0,0,0,0.11111,0,0,0,0,0,0.11111,0.22222,0,0,0.11111,0,0.11111,0,0,0,0,0.11111
0.11905,0.047619,0,0,0.02381,0.02381,0,0,0.02381,0.047619,0,0.095238,0.02381,0.047619,0,0,0,0.02381,0,0,0,0.02381,0,0,0.047619,0,0.02381,0.02381,0,0,0.02381,0,0.047619,0.02381,0,0.02381,0.02381,0,0,0,0,0.047619,0,0,0,0,0,0.02381,0.02381,0,0,0,0,0,0,0,0.02381,0,0.02381,0.02381,0.02381,0.047619,0.02381,0
0.033333,0.033333,0,0,0,0,0,0,0,0.033333,0.033333,0,0.066667,0,0,0.033333,0.066667,0,0.033333,0.033333,0,0,0,0,0,0,0,0,0,0,0,0.033333,0,0,0,0,0,0.033333,0.033333,0,0.033333,0.033333,0,0,0,0,0.1,0,0,0,0.033333,0.066667,0,0,0.033333,0,0,0.066667,0,0.1,0,0,0.033333,0.033333
0.038462,0.038462,0.11538,0,0,0.038462,0,0,0,0.038462,0,0,0.038462,0,0,0.038462,0.076923,0,0,0.038462,0,0,0.038462,0.038462,0.038462,0,0,0.038462,0,0,0.038462,0,0,0,0,0,0,0,0.038462,0,0,0.038462,0,0,0.038462,0.076923,0,0,0,0,0,0,0,0,0,0.038462,0.038462,0,0,0,0,0,0.076923,0
0.04,0,0,0.04,0.04,0,0.04,0,0,0,0,0,0.08,0,0,0.08,0,0,0,0,0,0.04,0,0,0,0.04,0,0,0.04,0.04,0,0,0,0,0,0,0.08,0,0,0.08,0,0,0,0,0,0,0,0,0.04,0.04,0,0.04,0.04,0.08,0,0.04,0,0,0.04,0,0,0,0,0.04
0.083333,0,0,0.083333,0,0,0,0,0,0,0,0,0,0,0,0,0.25,0,0.083333,0,0,0,0.083333,0,0,0,0,0,0,0,0,0,0,0.083333,0,0,0,0,0,0,0,0,0,0,0,0,0,0,0.25,0,0,0,0,0,0.083333,0,0,0,0,0,0,0,0,0
0.064516,0.032258,0.064516,0,0,0,0,0,0,0,0.032258,0,0,0,0,0.064516,0.064516,0.032258,0,0.032258,0,0,0,0,0,0,0,0,0,0,0,0.032258,0,0,0,0.064516,0,0.064516,0,0.032258,0,0,0,0,0,0,0,0,0,0,0,0.032258,0.096774,0,0.032258,0.032258,0,0.032258,0.032258,0,0.064516,0,0.032258,0.064516
0,0,0,0,0.0625,0,0.125,0,0.0625,0,0.0625,0,0,0,0,0.0625,0,0,0,0,0.0625,0.0625,0,0,0,0.0625,0,0,0,0,0,0,0,0,0,0,0.1875,0.125,0,0,0.0625,0,0,0,0,0,0,0,0,0,0,0,0,0,0,0.0625,0,0,0,0,0,0,0,0
0,0,0,0,0,0,0.052632,0,0,0,0,0.052632,0,0,0,0,0,0,0.052632,0,0,0,0,0,0.052632,0,0,0,0,0,0.052632,0,0,0,0,0,0,0,0.052632,0,0.052632,0,0,0,0,0,0.21053,0,0,0,0,0,0,0,0,0,0.10526,0,0.052632,0.10526,0.052632,0,0.10526,0
0,0.090909,0,0,0.045455,0,0,0,0,0,0,0.045455,0,0,0,0,0,0,0,0.045455,0.13636,0.18182,0,0,0,0.045455,0,0,0,0,0.045455,0.045455,0.090909,0,0,0,0,0,0,0,0,0,0.045455,0,0,0,0.045455,0,0,0,0,0,0,0,0.045455,0.045455,0,0,0,0,0,0,0,0.045455
0,0,0.047619,0.047619,0.047619,0,0,0,0,0,0.047619,0.047619,0.047619,0,0,0,0,0,0,0,0,0,0,0,0,0,0.047619,0.047619,0,0,0,0.047619,0,0,0,0,0.047619,0,0,0.047619,0,0.095238,0,0,0,0,0,0.047619,0,0,0,0,0,0.047619,0.047619,0,0.047619,0,0,0.047619,0.047619,0,0.047619,0.047619
0.2,0,0,0,0,0.066667,0,0,0,0.066667,0,0,0.066667,0,0,0,0,0,0,0.066667,0.066667,0,0,0,0.066667,0,0,0,0,0,0,0,0,0,0,0,0.066667,0,0,0,0,0,0,0.066667,0,0,0,0,0.066667,0,0,0,0,0,0,0,0,0,0,0,0.13333,0.066667,0,0
0,0.085714,0.028571,0.085714,0.057143,0,0,0,0,0.057143,0,0.028571,0,0,0,0.028571,0.028571,0,0,0.028571,0,0,0.028571,0.028571,0,0,0.028571,0.028571,0,0,0,0,0.028571,0,0.028571,0,0,0.028571,0.028571,0,0,0,0,0,0,0.028571,0.057143,0,0,0,0,0.028571,0,0.028571,0.028571,0,0.028571,0.057143,0,0.028571,0,0,0.028571,0.028571
0,0,0,0.090909,0,0,0,0,0,0,0,0,0,0,0,0,0.090909,0,0.090909,0,0,0,0,0,0,0,0,0,0,0,0.090909,0.090909,0.090909,0,0.090909,0,0,0,0,0,0,0.090909,0,0,0,0,0,0.090909,0,0,0,0,0,0,0,0,0,0,0.090909,0,0,0,0.090909,0
0,0.037037,0,0,0.037037,0,0,0,0.074074,0,0,0,0.037037,0,0.037037,0,0,0,0,0.037037,0.074074,0.037037,0,0,0.074074,0,0,0,0,0,0,0,0.074074,0,0,0,0.037037,0.037037,0.037037,0.037037,0,0.037037,0,0,0,0,0,0,0,0,0,0.037037,0.037037,0.037037,0,0,0.037037,0,0,0,0,0,0.11111,0.037037
0.15385,0,0.076923,0,0,0,0,0,0,0,0,0,0,0,0.076923,0,0.076923,0,0,0,0.076923,0.076923,0,0,0,0,0,0,0,0,0,0,0,0,0.076923,0,0,0,0,0,0,0,0,0,0,0,0.15385,0,0.076923,0,0,0,0,0,0,0,0,0,0.076923,0,0.076923,0,0,0
0.016129,0.032258,0.032258,0.032258,0,0,0,0.032258,0.016129,0.016129,0,0.016129,0,0.016129,0.016129,0,0.016129,0,0.016129,0.032258,0.064516,0,0.016129,0.064516,0.016129,0.016129,0.016129,0.016129,0.016129,0.016129,0.016129,0,0,0,0,0,0.032258,0.016129,0.048387,0.032258,0.016129,0.048387,0,0,0.016129,0,0,0.016129,0,0,0,0.016129,0,0,0.016129,0,0,0.048387,0.048387,0.016129,0.016129,0.016129,0,0.048387
0,0.090909,0,0,0,0.18182,0,0,0,0,0,0,0,0,0,0,0,0,0,0,0.090909,0,0,0,0,0,0,0,0,0,0,0,0,0,0,0,0,0,0,0.18182,0,0,0,0,0,0,0.090909,0,0.18182,0,0,0,0,0,0,0,0,0,0,0,0,0,0.18182,0
0,0.086957,0.043478,0,0.043478,0,0,0.043478,0.043478,0,0,0.086957,0.086957,0,0,0,0,0,0,0,0,0,0,0,0,0,0,0.043478,0,0,0,0,0,0,0,0,0,0,0,0.043478,0,0,0.043478,0,0.086957,0,0.043478,0,0.043478,0,0,0,0,0,0.13043,0,0.13043,0,0,0,0,0,0,0
0.11765,0,0,0,0,0,0,0.058824,0.058824,0,0,0,0,0,0,0,0.058824,0,0,0.058824,0.058824,0,0,0,0,0,0,0,0.11765,0,0,0,0,0,0,0,0,0,0,0,0,0,0,0,0.058824,0,0.058824,0,0.058824,0.058824,0,0,0,0,0,0,0,0.058824,0.058824,0.058824,0,0,0,0.058824
0.054545,0.036364,0,0.036364,0.018182,0,0,0.054545,0,0.054545,0.054545,0.018182,0,0,0.036364,0,0.036364,0.018182,0,0.018182,0,0,0,0,0.018182,0,0.018182,0,0.018182,0.018182,0,0,0.018182,0,0.054545,0,0.090909,0,0,0,0,0.018182,0,0.018182,0,0,0.018182,0,0.018182,0.036364,0,0,0.018182,0.018182,0.036364,0,0,0.072727,0,0.018182,0,0.036364,0,0.018182
0,0,0,0.125,0,0.125,0,0,0,0,0,0,0,0,0,0.125,0,0,0,0,0,0,0,0,0,0,0,0,0.125,0,0,0,0,0,0,0,0,0,0,0.125,0,0.125,0,0,0,0,0,0.125,0,0,0,0,0,0,0.125,0,0,0,0,0,0,0,0,0
0.076923,0.23077,0,0,0,0,0,0.076923,0,0.076923,0.076923,0,0.076923,0,0,0,0,0.076923,0,0,0,0,0,0,0,0,0.076923,0,0,0,0,0,0,0,0,0,0,0,0.076923,0,0.076923,0,0,0,0,0,0,0,0,0,0,0,0,0,0,0,0,0,0.076923,0,0,0,0,0
0.055556,0.027778,0.055556,0,0,0,0,0,0,0.027778,0,0,0,0,0.027778,0,0.19444,0,0.25,0.083333,0.027778,0,0,0,0.055556,0,0.027778,0.027778,0,0,0,0,0,0.027778,0,0,0,0,0,0,0,0,0,0,0,0.027778,0,0,0.027778,0,0.027778,0,0,0,0,0,0,0,0,0,0.027778,0,0,0
0.052632,0,0.052632,0,0.052632,0.052632,0,0,0,0.052632,0,0,0,0,0,0,0,0.10526,0,0,0,0,0,0,0,0.052632,0,0.052632,0,0,0,0.052632,0.052632,0,0,0,0,0.052632,0,0,0,0,0,0,0,0,0,0,0.052632,0,0.052632,0,0,0,0,0,0,0,0.052632,0,0,0.052632,0.10526,0.052632
0.076923,0,0,0,0.076923,0,0,0,0,0.076923,0.076923,0,0,0,0,0,0,0.076923,0,0,0,0,0,0.076923,0,0,0,0,0.076923,0,0,0,0,0,0,0,0,0,0,0,0,0,0,0,0,0.076923,0.076923,0,0,0,0,0,0,0,0,0,0,0.15385,0,0,0,0,0.076923,0.076923
0.071429,0,0.02381,0,0.02381,0,0,0,0.02381,0.02381,0,0.02381,0.02381,0,0.02381,0.071429,0.02381,0.02381,0.02381,0,0.02381,0,0,0.02381,0.02381,0.02381,0,0,0,0.02381,0,0.02381,0,0,0,0,0.071429,0.02381,0.02381,0,0.02381,0,0.02381,0,0.02381,0,0.02381,0,0.02381,0.02381,0,0,0,0.02381,0.02381,0,0.02381,0.02381,0,0.02381,0.02381,0.047619,0,0.02381
0.017241,0,0.017241,0.017241,0.034483,0.086207,0.034483,0,0,0.017241,0.017241,0,0.017241,0.017241,0,0.017241,0.017241,0.034483,0.017241,0.017241,0.017241,0.017241,0.051724,0.017241,0,0.034483,0.017241,0.017241,0,0.017241,0,0.068966,0,0,0.017241,0,0.034483,0.034483,0,0,0,0,0,0,0.034483,0,0.017241,0.034483,0,0.017241,0,0.017241,0,0,0.017241,0,0.017241,0.034483,0,0,0.034483,0.017241,0,0.034483
0,0,0,0,0,0,0,0,0,0,0,0,0.083333,0,0,0,0,0,0,0,0.25,0,0.083333,0,0,0,0,0.083333,0,0,0,0,0,0,0,0,0.083333,0,0,0,0,0,0,0.083333,0,0,0.083333,0,0,0,0,0,0,0,0.083333,0,0,0,0.083333,0,0,0.083333,0,0
0.038462,0.038462,0,0,0.15385,0.038462,0.038462,0,0.15385,0.038462,0.038462,0,0,0,0,0.038462,0,0,0,0,0,0.038462,0.11538,0.038462,0,0.038462,0,0,0,0,0,0,0.038462,0,0,0,0,0.038462,0,0,0,0,0,0,0,0,0,0,0,0,0,0,0,0,0,0,0,0.038462,0.038462,0,0,0.038462,0,0
0.1,0,0,0,0,0,0.1,0,0.1,0,0,0,0,0.1,0,0,0,0,0,0.1,0,0,0,0,0,0,0,0,0.1,0.1,0,0,0,0,0,0,0,0,0,0,0,0,0,0,0,0,0,0,0,0,0,0,0,0,0,0,0.1,0,0,0,0.1,0,0,0.1
0,0,0,0,0,0,0.090909,0,0,0,0,0,0,0.090909,0.090909,0,0,0,0,0,0,0.090909,0,0,0,0,0,0,0,0,0,0,0,0,0,0,0.18182,0,0,0.090909,0,0,0.090909,0,0,0,0,0,0,0,0,0,0,0.090909,0,0,0,0,0,0,0.090909,0,0,0.090909
0,0,0,0,0.027027,0,0,0.027027,0,0.027027,0,0,0,0,0,0,0.027027,0.027027,0.027027,0.027027,0,0,0.054054,0.027027,0.027027,0,0,0.027027,0.027027,0,0,0.027027,0,0,0,0.027027,0.027027,0,0,0.054054,0.054054,0.027027,0,0,0,0,0,0,0.027027,0,0.027027,0,0.027027,0.027027,0.054054,0.081081,0,0,0.027027,0.027027,0,0.027027,0.027027,0.081081
0.054545,0,0.036364,0,0,0,0.018182,0.036364,0.018182,0.018182,0,0.018182,0,0,0.090909,0,0.018182,0,0.018182,0,0.018182,0,0.036364,0,0,0.036364,0.018182,0.036364,0,0.018182,0.054545,0,0,0,0.018182,0.018182,0.036364,0,0.018182,0.018182,0,0.018182,0.018182,0,0,0.018182,0.018182,0.036364,0.018182,0,0,0.018182,0,0.018182,0.018182,0,0.036364,0.018182,0.036364,0,0.018182,0,0.036364,0.018182
0.018182,0,0,0.018182,0.054545,0,0,0.018182,0,0,0,0.018182,0.018182,0.018182,0,0.036364,0,0,0.018182,0,0,0,0.018182,0,0.018182,0.018182,0.036364,0.018182,0,0,0,0.018182,0,0,0.018182,0.018182,0,0.018182,0,0.036364,0,0,0,0.018182,0.090909,0.018182,0.018182,0.018182,0,0.018182,0,0.054545,0.036364,0.018182,0.036364,0.018182,0,0.018182,0.054545,0.018182,0.018182,0.054545,0.018182,0.036364
0.10526,0,0.052632,0.052632,0.052632,0,0,0.052632,0,0,0,0,0,0,0,0,0,0,0,0,0,0,0,0.052632,0,0,0.052632,0,0,0,0.15789,0,0.052632,0,0.052632,0,0,0.052632,0,0,0.052632,0,0,0,0,0,0.052632,0,0,0,0,0,0,0,0.052632,0,0,0,0.052632,0.052632,0,0,0,0
0,0.076923,0,0,0.076923,0,0,0,0,0.076923,0,0,0.15385,0,0,0,0,0.076923,0,0,0.076923,0.076923,0,0,0,0.076923,0,0,0,0.076923,0,0,0,0,0,0,0,0,0,0,0,0,0.076923,0,0,0,0.076923,0,0,0.076923,0,0,0,0,0,0,0,0,0,0,0,0,0,0
0.11111,0.055556,0,0,0.055556,0,0.055556,0.055556,0,0,0,0,0.055556,0.055556,0.055556,0,0,0,0,0,0.055556,0,0.055556,0,0,0,0,0,0,0,0,0,0.055556,0,0,0,0,0,0.055556,0,0,0,0,0,0,0.055556,0.055556,0,0,0,0,0,0,0,0,0,0,0,0.055556,0,0,0.055556,0.055556,0
0.19048,0.047619,0.047619,0.047619,0.047619,0,0,0,0.047619,0.047619,0.047619,0,0,0,0,0,0.095238,0,0.047619,0,0.047619,0,0,0,0,0.047619,0,0,0,0,0,0,0,0,0,0,0,0,0.047619,0,0,0,0,0,0,0,0,0,0,0,0,0,0,0,0.047619,0,0,0,0.047619,0,0.047619,0,0,0.047619
0.36364,0.045455,0,0,0.045455,0.045455,0,0,0.045455,0,0,0,0,0,0,0,0.090909,0,0.090909,0,0,0,0,0,0,0,0,0,0,0,0,0,0,0,0,0,0.090909,0,0,0,0,0,0,0,0,0,0.045455,0,0,0,0.090909,0,0,0.045455,0,0,0,0,0,0,0,0,0,0
0,0,0,0,0,0.034483,0.034483,0,0,0,0,0,0,0.068966,0,0,0,0.034483,0,0,0.2069,0.034483,0,0,0,0,0,0.10345,0,0,0,0,0,0,0,0,0.034483,0.034483,0,0,0,0,0,0.034483,0.034483,0.068966,0.068966,0.034483,0,0,0,0,0,0.034483,0,0.034483,0,0,0,0.068966,0,0.034483,0,0
0.052632,0,0,0,0.052632,0.052632,0.10526,0,0,0,0,0,0.052632,0,0,0.052632,0,0,0.10526,0,0,0,0,0,0,0,0,0.052632,0,0,0,0,0,0,0,0,0,0,0,0,0,0.052632,0.052632,0,0.052632,0,0,0,0,0,0,0.052632,0.052632,0,0,0,0,0,0,0,0.052632,0.10526,0,0.052632
0,0,0.1,0,0.2,0,0,0,0.1,0,0,0,0.1,0,0.1,0,0,0,0,0,0,0,0,0,0.1,0.1,0,0,0,0,0,0,0,0,0,0,0,0,0,0,0,0,0,0,0,0,0.1,0,0,0,0,0,0,0,0,0,0,0.1,0,0,0,0,0,0
0.055556,0,0,0.027778,0.027778,0.027778,0,0,0.027778,0.027778,0.055556,0.027778,0,0.027778,0,0,0,0.027778,0.027778,0,0,0,0,0,0,0.055556,0,0.027778,0.027778,0.027778,0.027778,0,0,0,0,0,0.055556,0,0.027778,0,0.027778,0.027778,0.055556,0,0,0,0,0.027778,0,0.027778,0.055556,0,0,0,0,0,0.027778,0.055556,0,0,0,0.055556,0,0.027778
0.11111,0,0,0.055556,0,0,0.055556,0,0,0,0,0,0,0,0,0,0,0,0,0,0.055556,0,0,0,0.11111,0.11111,0,0,0,0,0,0,0,0.055556,0,0,0,0,0,0,0,0.055556,0,0,0,0.11111,0.11111,0,0,0,0,0,0,0,0,0,0,0.11111,0,0,0,0.055556,0,0
0.025641,0,0,0.025641,0,0,0,0,0.025641,0.076923,0,0,0,0.051282,0.025641,0.051282,0,0.051282,0.051282,0.025641,0,0,0,0,0.025641,0,0,0,0,0,0.025641,0,0.025641,0.025641,0,0,0.051282,0,0.025641,0.025641,0.025641,0,0,0,0.025641,0.025641,0,0.025641,0.025641,0,0.025641,0,0.025641,0,0.025641,0,0,0,0.076923,0.025641,0,0,0.051282,0.025641
0,0.1,0,0,0,0,0,0,0,0,0,0,0.1,0,0.1,0,0,0,0,0.1,0,0,0,0,0,0,0,0,0,0,0,0,0.1,0,0,0,0.1,0,0.1,0,0,0,0,0,0.1,0,0,0,0,0,0,0,0,0,0,0,0,0.1,0,0,0,0,0,0.1
0.037037,0,0,0,0,0,0.037037,0,0,0,0,0,0.037037,0,0,0,0,0,0,0.037037,0,0,0.037037,0,0.037037,0.037037,0,0.037037,0.037037,0,0,0,0,0.037037,0.037037,0,0,0,0.037037,0.074074,0.037037,0,0,0,0,0.037037,0.074074,0.037037,0.037037,0,0,0.037037,0,0,0,0,0,0.037037,0.037037,0.074074,0,0,0.037037,0.037037
0.047619,0.047619,0,0,0.047619,0,0.095238,0,0,0,0,0,0,0,0,0,0.047619,0,0.047619,0.047619,0.047619,0,0,0.047619,0,0,0.047619,0,0,0.047619,0,0,0,0,0,0,0,0,0.047619,0.047619,0,0,0,0,0,0,0.047619,0,0,0,0.047619,0,0,0,0.047619,0,0,0,0.047619,0.047619,0.047619,0,0.047619,0
0.030303,0,0,0,0.030303,0,0,0,0.030303,0,0,0,0,0.030303,0,0,0,0,0.060606,0.030303,0,0,0,0,0.060606,0.060606,0.030303,0.060606,0,0.030303,0.030303,0,0,0,0.030303,0.030303,0.030303,0.030303,0,0,0,0,0,0,0,0,0.030303,0.030303,0,0,0,0,0,0.030303,0.060606,0,0,0.030303,0,0.030303,0,0.030303,0.030303,0.12121
0,0.076923,0,0,0,0,0,0,0,0,0,0,0,0,0,0.076923,0,0.076923,0,0,0.076923,0.076923,0,0.076923,0.076923,0,0,0.076923,0,0,0,0,0,0,0,0,0,0,0,0,0,0,0,0,0,0,0,0,0,0,0,0,0,0,0,0.076923,0,0,0,0,0.076923,0,0.076923,0.15385
0.035714,0.035714,0.035714,0,0,0.14286,0.035714,0.035714,0.035714,0.071429,0,0,0,0.071429,0,0,0.035714,0.10714,0,0,0,0.035714,0.035714,0,0,0.035714,0,0,0,0.035714,0.035714,0,0,0,0,0,0.035714,0.035714,0,0.035714,0,0,0,0,0,0,0,0,0,0.035714,0,0,0,0,0.035714,0,0,0,0,0,0,0,0,0
0,0,0,0,0,0.125,0,0,0,0,0,0,0,0,0,0,0,0,0.125,0,0,0,0,0,0,0,0,0,0,0.125,0,0,0,0,0,0,0,0.125,0.125,0.125,0,0,0,0.125,0,0,0,0,0.125,0,0,0,0,0,0,0,0,0,0,0,0,0,0,0
0.016393,0,0,0.016393,0,0,0,0.016393,0,0.032787,0,0,0.016393,0.016393,0.032787,0.032787,0.032787,0.032787,0.032787,0,0,0,0,0.016393,0.032787,0.032787,0,0,0,0,0,0.032787,0.016393,0,0,0,0.065574,0,0.016393,0.016393,0.016393,0,0,0,0.016393,0.016393,0.016393,0,0.016393,0,0,0.016393,0.032787,0.016393,0.032787,0.032787,0,0.04918,0.016393,0,0.032787,0.081967,0,0.098361
0,0,0,0,0,0,0,0,0,0,0,0.047619,0.2381,0,0.095238,0,0,0,0,0.047619,0,0,0,0,0.047619,0,0,0,0,0,0,0,0,0,0,0,0,0,0,0,0,0,0,0,0,0.095238,0.047619,0,0,0.095238,0,0.095238,0,0.047619,0,0,0.095238,0,0,0.047619,0,0,0,0
0,0,0,0,0,0,0,0.066667,0,0,0,0,0.066667,0.066667,0.066667,0,0,0,0,0.066667,0,0,0.066667,0,0.066667,0,0,0,0,0,0,0,0,0,0,0,0,0,0,0,0,0,0,0.066667,0.066667,0,0.066667,0.066667,0,0,0,0,0.13333,0,0,0,0.066667,0,0,0,0,0,0,0.066667
0.083333,0.083333,0,0,0,0,0,0,0,0,0,0,0,0,0,0.083333,0,0,0,0,0,0,0,0,0.16667,0,0,0,0.083333,0,0,0,0,0,0,0,0.083333,0,0,0,0,0,0,0,0,0,0,0,0.083333,0,0,0,0,0,0,0,0,0,0,0,0.25,0,0,0.083333
0,0,0,0,0.055556,0,0.055556,0,0,0,0,0,0.055556,0,0.055556,0,0.11111,0.055556,0,0,0.055556,0,0,0,0.055556,0,0,0,0,0,0,0,0,0.055556,0.11111,0,0,0,0,0,0,0,0,0,0,0,0.055556,0,0,0.055556,0.055556,0,0.055556,0,0,0,0.055556,0,0,0,0,0.055556,0,0
0.026316,0.052632,0.052632,0,0,0,0,0,0.026316,0.026316,0,0,0,0,0,0.026316,0.026316,0.026316,0,0.052632,0,0,0,0,0.052632,0,0,0,0,0,0,0.026316,0.026316,0,0,0,0.052632,0.026316,0,0,0,0,0,0.026316,0,0,0.10526,0.026316,0,0.026316,0.026316,0,0,0,0.026316,0,0.026316,0,0,0.026316,0,0.026316,0.052632,0.13158
0,0,0,0,0.066667,0,0.066667,0.066667,0,0,0,0,0,0,0,0,0,0,0,0,0.066667,0,0,0,0,0,0,0,0,0,0,0.066667,0,0,0,0,0.2,0,0,0.2,0.066667,0,0,0,0.066667,0.066667,0.066667,0,0,0,0,0,0,0,0,0,0,0,0,0,0,0,0,0
0.0625,0,0.0625,0,0,0,0,0,0,0,0.03125,0,0.03125,0.03125,0,0.09375,0,0.0625,0.03125,0.03125,0.03125,0,0,0,0.03125,0.03125,0,0.0625,0,0,0,0,0.03125,0,0,0.0625,0,0.03125,0,0,0,0,0,0,0.03125,0,0,0.03125,0,0,0,0,0,0.03125,0.03125,0,0.03125,0,0,0,0,0,0.0625,0.0625
0.0625,0.0625,0.0625,0,0,0,0,0,0,0,0,0,0,0.0625,0,0,0,0,0,0,0,0.0625,0.0625,0,0,0.0625,0,0,0,0,0,0,0.125,0,0.0625,0,0,0,0,0,0,0,0,0,0,0,0.0625,0,0,0,0,0,0,0,0,0,0,0.0625,0.125,0.0625,0,0,0.0625,0
0,0,0,0,0,0,0,0,0,0,0,0,0,0,0,0,0,0.1,0.1,0,0,0,0,0,0,0,0,0,0,0,0.1,0,0,0,0.3,0,0.1,0,0.1,0,0,0,0,0,0,0,0,0,0,0,0,0,0.1,0,0,0,0,0,0,0,0,0,0.1,0
0,0,0,0,0,0,0.047619,0,0,0,0,0.047619,0,0,0.095238,0,0.047619,0,0,0,0.047619,0.047619,0,0.047619,0.047619,0.095238,0,0,0,0,0,0,0.047619,0,0,0,0,0.047619,0.047619,0,0,0.047619,0.047619,0,0,0,0,0,0.047619,0,0,0,0,0,0.047619,0,0,0,0.047619,0.047619,0,0.047619,0,0
0.032258,0.064516,0.016129,0.016129,0.032258,0,0,0.016129,0,0,0.016129,0,0,0,0,0.016129,0.016129,0,0.016129,0,0.016129,0.016129,0.032258,0,0.048387,0.032258,0.032258,0,0,0.1129,0.064516,0,0.016129,0,0,0,0.016129,0,0.032258,0.016129,0,0.032258,0,0.016129,0,0.048387,0.032258,0.016129,0,0,0,0,0,0,0.032258,0,0.016129,0.048387,0.016129,0.016129,0.016129,0,0.032258,0
0.23077,0,0,0,0,0,0,0,0,0,0.15385,0,0,0,0,0,0,0,0,0,0,0,0,0,0,0,0,0,0,0,0,0,0,0,0,0,0,0,0,0.15385,0,0,0.076923,0.076923,0,0,0.15385,0,0,0,0,0,0,0,0,0,0,0.15385,0,0,0,0,0,0
0,0.066667,0,0,0,0,0,0,0,0,0,0.066667,0,0.066667,0,0,0,0,0,0,0,0,0,0,0,0.066667,0,0,0,0,0,0,0.066667,0.066667,0.066667,0,0,0,0,0,0.066667,0.066667,0,0.066667,0,0,0,0,0,0,0,0.066667,0,0.066667,0.066667,0,0,0,0,0.066667,0.066667,0,0,0
0,0,0,0.066667,0,0,0,0,0,0,0,0,0,0,0,0.066667,0,0,0,0,0.066667,0,0,0,0,0,0,0.066667,0.066667,0,0,0,0,0,0,0.066667,0,0,0,0,0,0,0,0,0,0,0,0.2,0,0,0,0,0,0,0.066667,0,0,0.066667,0,0,0.066667,0.13333,0.066667,0
0.11111,0.055556,0,0.11111,0,0,0,0,0,0,0,0,0.055556,0,0,0.16667,0.16667,0,0,0,0,0.055556,0,0,0,0,0,0,0,0,0,0,0,0,0,0,0,0,0,0,0,0.11111,0,0,0.055556,0,0,0,0,0,0,0,0,0,0,0,0.055556,0,0,0,0,0,0.055556,0
0.055556,0.055556,0,0,0,0,0,0,0,0,0,0,0,0,0,0.055556,0.11111,0.055556,0,0.055556,0,0,0.055556,0,0,0.11111,0,0,0,0,0,0,0,0,0,0.055556,0,0,0,0,0,0,0,0,0,0,0,0,0,0,0,0,0.055556,0,0,0,0.11111,0,0.055556,0,0.055556,0,0.055556,0.055556
0.02381,0,0.011905,0.035714,0.011905,0,0,0.011905,0.011905,0,0,0.02381,0.02381,0,0,0.02381,0.02381,0,0.011905,0.011905,0,0.011905,0.02381,0.02381,0.02381,0.011905,0.035714,0.035714,0.02381,0.011905,0.02381,0,0.011905,0,0.011905,0,0.011905,0,0.02381,0.011905,0.02381,0.035714,0.011905,0,0.02381,0.071429,0.035714,0,0.02381,0.02381,0.011905,0.035714,0,0.011905,0,0.011905,0,0.02381,0.059524,0.035714,0,0,0.02381,0.011905
0.095238,0,0,0,0,0,0,0.047619,0,0,0,0,0,0.095238,0.047619,0,0,0,0,0,0,0,0,0,0,0,0.047619,0,0,0,0,0,0,0,0.047619,0,0.047619,0.047619,0.095238,0,0.047619,0.095238,0.047619,0,0,0,0.047619,0,0,0,0,0,0,0.047619,0,0,0.047619,0.047619,0,0,0,0.047619,0,0
0.045455,0,0,0,0.045455,0,0,0,0,0,0,0,0.045455,0.045455,0,0,0.090909,0.090909,0,0.045455,0,0,0.045455,0,0,0,0,0.090909,0,0,0,0,0,0,0.090909,0,0.045455,0,0.045455,0,0,0.045455,0.045455,0,0,0,0,0,0.045455,0,0,0.045455,0,0,0,0.045455,0.045455,0,0,0,0,0,0,0
0.090909,0,0,0,0,0,0,0.090909,0,0.090909,0,0,0,0,0.090909,0,0,0,0,0,0,0,0,0,0,0,0,0,0,0,0,0,0,0,0,0,0.090909,0,0,0,0.090909,0,0,0,0,0,0,0.090909,0.090909,0,0,0,0,0,0,0,0.090909,0,0,0,0.090909,0.090909,0,0
0.11765,0.058824,0.058824,0,0,0,0.058824,0.058824,0,0,0,0,0,0,0,0,0,0,0,0,0,0,0,0,0.058824,0,0,0.058824,0,0,0,0,0.058824,0,0,0,0,0,0.058824,0,0,0,0,0.11765,0,0.058824,0.058824,0,0,0,0.058824,0,0,0,0,0,0.058824,0,0,0,0.058824,0,0,0
0.047619,0,0,0,0.047619,0,0,0,0,0,0,0.095238,0,0.047619,0,0,0,0,0.095238,0.047619,0.095238,0,0.047619,0,0,0,0,0,0,0.047619,0,0,0,0,0,0.047619,0,0,0,0.047619,0.047619,0.047619,0.047619,0,0,0,0,0,0,0,0,0,0.047619,0,0,0.047619,0,0.047619,0.047619,0,0,0,0,0
0,0.052632,0,0.052632,0.052632,0.052632,0,0,0,0,0,0,0,0,0,0,0.052632,0.052632,0.052632,0.052632,0.052632,0.10526,0.052632,0,0,0,0.052632,0,0,0,0,0,0.052632,0,0,0,0,0,0,0,0,0.10526,0,0,0,0,0.052632,0,0,0.052632,0,0,0,0,0,0,0,0,0,0,0,0,0.052632,0
0.058824,0.058824,0,0,0,0,0,0,0,0,0,0,0,0,0,0.058824,0,0.058824,0.058824,0,0,0,0,0,0.058824,0,0,0,0,0,0,0,0,0,0.058824,0,0.058824,0,0.058824,0.058824,0,0.058824,0,0,0,0,0.11765,0,0,0,0,0,0,0,0,0,0.058824,0,0.058824,0.058824,0.058824,0,0,0
0.045455,0,0,0,0.045455,0,0,0,0,0,0.045455,0,0,0,0,0.090909,0,0,0.045455,0,0,0,0,0.090909,0,0,0,0,0,0,0,0.045455,0,0,0,0.045455,0,0,0,0.090909,0,0,0,0,0.090909,0.045455,0,0.045455,0,0.090909,0,0.045455,0,0,0,0,0,0,0.045455,0,0,0.045455,0.045455,0
0.038462,0,0,0,0.038462,0,0,0,0.076923,0,0,0,0.038462,0.038462,0,0.076923,0.11538,0,0,0,0,0,0,0,0,0,0,0,0,0,0,0,0,0.076923,0,0,0,0.038462,0,0,0,0,0,0,0,0,0,0.076923,0.038462,0.038462,0,0,0.038462,0,0,0,0,0,0,0.038462,0.038462,0,0,0.19231
0.04,0,0.04,0.08,0,0.04,0.12,0,0.04,0.04,0.04,0,0,0,0.04,0.04,0.04,0.04,0,0,0.04,0,0,0,0.04,0,0,0,0,0,0,0,0,0,0,0,0.04,0.04,0,0,0,0,0,0,0,0,0.04,0,0,0,0,0.04,0,0,0.04,0,0.04,0.04,0.04,0,0,0,0,0
0.034483,0,0,0,0,0,0,0,0,0,0,0,0,0,0,0,0,0.034483,0.034483,0,0,0.034483,0,0,0,0.034483,0,0,0,0.034483,0,0,0,0,0,0,0.034483,0,0.034483,0,0,0.068966,0.034483,0,0,0.034483,0,0.034483,0,0,0,0.34483,0,0,0,0,0.034483,0,0,0.10345,0,0,0.034483,0.034483
0,0,0,0,0.020408,0,0.020408,0,0.020408,0,0,0,0.020408,0.020408,0.061224,0.061224,0.020408,0.081633,0,0.020408,0.020408,0.040816,0.020408,0.020408,0.040816,0,0.040816,0,0.020408,0.020408,0.020408,0,0.020408,0,0,0.020408,0.040816,0.040816,0,0,0,0,0,0.020408,0.020408,0.020408,0.020408,0,0,0,0,0.020408,0,0.020408,0,0.020408,0.020408,0.020408,0.020408,0.040816,0.020408,0.020408,0,0
0,0,0,0,0,0,0,0,0,0,0,0,0.0625,0,0,0,0,0,0,0,0,0,0,0,0,0.0625,0,0,0,0.0625,0,0,0,0,0,0,0,0,0,0,0,0,0,0,0,0,0,0.125,0,0,0.125,0.0625,0,0,0,0,0,0,0,0.125,0.125,0,0.0625,0.1875
0,0,0.0625,0,0,0.0625,0,0,0,0,0,0,0,0,0,0,0,0,0.03125,0.03125,0,0.0625,0,0,0.03125,0.03125,0,0.03125,0,0.03125,0,0,0,0,0,0,0,0,0,0.0625,0,0,0.03125,0.03125,0,0,0.0625,0,0,0,0,0,0,0.03125,0,0,0.03125,0.03125,0.09375,0.125,0,0.0625,0.0625,0
0.10714,0,0.035714,0,0,0,0,0,0,0,0,0,0,0,0,0,0.035714,0,0.035714,0,0,0.035714,0,0,0,0,0,0.035714,0,0,0,0,0.071429,0,0,0,0.035714,0.035714,0.035714,0,0,0.071429,0,0.035714,0.035714,0,0.071429,0,0,0,0,0,0,0,0.035714,0.035714,0.035714,0.10714,0,0,0,0,0.071429,0.035714
0,0,0,0,0,0.023256,0.023256,0.023256,0.023256,0.023256,0,0.023256,0.046512,0,0,0.023256,0.023256,0.069767,0,0.023256,0,0,0,0,0,0,0,0.023256,0,0,0,0,0,0,0,0.023256,0.046512,0.023256,0,0,0,0.046512,0,0,0.023256,0.023256,0.11628,0.023256,0.023256,0.023256,0,0,0,0,0,0.046512,0.023256,0.046512,0.023256,0.093023,0,0,0,0.046512
0,0,0,0,0,0,0,0,0,0,0.055556,0,0.11111,0,0,0.055556,0,0,0,0,0.055556,0,0,0,0,0,0,0,0,0,0,0.055556,0.055556,0,0.055556,0,0,0,0,0,0,0.055556,0,0,0,0,0.055556,0,0.055556,0.055556,0.055556,0.055556,0,0,0,0.055556,0,0.055556,0,0,0,0.055556,0.055556,0
0.10526,0,0,0,0,0.052632,0,0,0,0,0,0,0.052632,0,0,0,0.052632,0,0,0.10526,0,0,0,0,0,0,0,0,0.052632,0.052632,0,0,0.052632,0,0,0,0,0,0,0,0,0,0,0,0,0.052632,0.052632,0.052632,0,0,0,0.052632,0,0,0,0.052632,0,0,0.10526,0,0.052632,0,0,0.052632
0,0,0,0,0,0.030303,0.060606,0,0.030303,0,0,0.030303,0,0.060606,0,0.060606,0.030303,0.030303,0.030303,0,0.030303,0,0.030303,0.030303,0.030303,0.030303,0,0.030303,0,0,0,0,0.030303,0,0,0,0.030303,0.060606,0,0.030303,0,0.030303,0,0,0,0.030303,0.060606,0,0,0,0,0,0.060606,0,0.030303,0,0,0.030303,0.030303,0,0,0,0.030303,0
0.066667,0.066667,0.066667,0,0,0,0.066667,0,0,0,0,0,0,0,0,0,0.066667,0,0,0,0,0.066667,0,0,0.066667,0,0.066667,0,0,0.066667,0,0,0,0,0,0,0,0,0,0,0,0.2,0,0,0,0,0,0,0.066667,0,0,0,0,0,0,0,0,0.066667,0.066667,0,0,0,0,0
0.055556,0,0.027778,0,0.027778,0,0.027778,0,0.027778,0,0.027778,0.027778,0.027778,0.027778,0.027778,0.027778,0.027778,0,0.027778,0.055556,0,0,0.027778,0,0.027778,0,0,0,0.027778,0,0,0,0.027778,0,0,0,0.027778,0.027778,0,0.083333,0,0.027778,0.055556,0.027778,0,0,0,0,0.027778,0,0,0.055556,0,0,0.027778,0,0.027778,0.027778,0,0,0,0,0,0.027778
0,0.038462,0,0,0.019231,0,0,0.038462,0,0,0,0,0.019231,0,0,0.019231,0,0,0.038462,0,0,0.019231,0.038462,0.019231,0,0.038462,0.019231,0,0,0.019231,0.019231,0.038462,0.057692,0.019231,0,0.038462,0,0.019231,0,0.038462,0.057692,0,0,0,0.019231,0.019231,0.038462,0.038462,0.019231,0,0,0,0.019231,0,0.019231,0.038462,0.038462,0,0,0.019231,0.038462,0.019231,0,0.057692
0.035714,0.10714,0,0,0.071429,0.071429,0.035714,0.035714,0,0.035714,0.035714,0,0,0,0,0,0,0,0,0.035714,0.035714,0,0,0,0,0.035714,0.071429,0.035714,0,0.035714,0.035714,0,0,0,0,0,0.035714,0,0,0,0,0,0,0,0.035714,0.071429,0,0,0.035714,0,0,0,0,0,0,0,0,0.071429,0,0,0,0,0,0.035714
0,0,0,0,0.066667,0,0.066667,0.066667,0,0,0,0,0.066667,0,0.2,0,0.066667,0,0,0,0,0,0,0,0,0,0.066667,0,0,0,0,0,0.066667,0,0,0,0.066667,0.066667,0,0,0.066667,0,0,0,0,0,0,0,0.13333,0,0,0,0,0,0,0,0,0,0,0,0,0,0,0
0.11111,0,0.083333,0.055556,0.055556,0,0,0,0,0,0,0,0.027778,0,0,0.055556,0.055556,0.027778,0,0,0,0,0,0,0,0,0,0.027778,0.027778,0,0.027778,0,0,0,0.027778,0,0,0,0.027778,0,0,0,0,0,0,0,0.027778,0,0.083333,0,0,0,0.027778,0,0.027778,0.027778,0,0,0,0,0.027778,0.083333,0,0.083333
0.16667,0.055556,0.055556,0.055556,0,0,0,0,0,0.055556,0,0,0,0,0,0,0,0,0.055556,0,0,0.055556,0,0,0.055556,0,0,0,0,0,0,0,0.11111,0,0,0,0.11111,0,0.055556,0,0.055556,0.055556,0,0,0,0,0,0,0,0,0,0,0,0,0,0,0.055556,0,0,0,0,0,0,0
0.035088,0,0,0.017544,0.10526,0.017544,0,0,0.052632,0,0,0,0,0,0.017544,0,0.15789,0.017544,0.10526,0,0.035088,0,0,0,0.035088,0,0.017544,0,0.017544,0,0.035088,0,0.035088,0.017544,0,0,0.070175,0.035088,0.035088,0.035088,0.017544,0.017544,0,0,0,0,0,0,0.052632,0,0,0,0,0,0,0,0,0,0,0,0,0,0.017544,0
0,0.076923,0,0,0.076923,0,0,0.076923,0.076923,0,0,0,0.076923,0,0,0,0,0,0,0,0,0,0,0,0,0.15385,0,0,0,0,0,0,0,0.076923,0,0,0,0.076923,0.076923,0,0,0,0,0,0,0,0,0,0,0,0,0,0.076923,0,0,0,0.076923,0,0,0,0,0,0.076923,0
0.13043,0.086957,0,0,0,0,0.086957,0,0,0,0,0.043478,0.043478,0,0,0,0.043478,0,0.043478,0.043478,0.086957,0,0.043478,0,0,0.043478,0.043478,0,0,0,0,0,0,0,0.043478,0,0,0,0,0,0,0,0,0,0,0.043478,0.043478,0,0,0.043478,0,0,0,0,0.043478,0,0,0,0.043478,0,0,0,0,0
0.041667,0,0,0,0.083333,0,0,0,0,0,0,0,0.083333,0,0,0,0,0,0.041667,0,0,0,0.041667,0,0.041667,0,0,0,0,0.041667,0.083333,0,0,0,0,0,0,0.041667,0.041667,0,0.041667,0,0.041667,0,0,0,0,0,0.083333,0,0,0,0,0,0.083333,0,0,0,0,0.041667,0.083333,0,0,0.083333
0.0625,0,0,0.0625,0,0.0625,0,0,0,0,0,0,0.0625,0,0,0.0625,0,0,0,0,0,0,0,0.0625,0.0625,0,0.125,0,0.0625,0,0,0,0,0,0,0,0,0,0,0,0,0,0,0,0,0,0,0,0,0,0.0625,0,0.0625,0,0,0,0.0625,0,0,0,0,0,0.0625,0.125
0.083333,0,0,0,0,0,0.083333,0,0,0,0,0,0,0,0,0,0,0,0,0,0,0,0,0,0,0.083333,0,0,0,0.16667,0.16667,0,0,0,0,0,0.083333,0,0,0,0,0,0,0,0,0,0,0.083333,0,0,0,0,0,0,0.16667,0,0,0,0,0.083333,0,0,0,0
0.041667,0,0.041667,0,0.041667,0.041667,0,0,0.041667,0,0.041667,0.041667,0,0.041667,0,0,0,0.083333,0,0,0,0,0.041667,0,0.041667,0.041667,0,0,0,0.041667,0.041667,0,0.041667,0,0.041667,0.041667,0.041667,0.083333,0,0,0,0,0,0,0,0,0,0,0,0.041667,0.041667,0,0,0,0.041667,0,0,0,0,0,0,0,0,0
0.13333,0.066667,0,0,0.066667,0,0,0,0,0,0.066667,0,0,0,0,0.066667,0.066667,0,0.066667,0,0,0,0.066667,0,0,0,0,0,0,0,0,0,0,0,0,0,0,0,0,0,0,0,0,0,0,0,0,0.066667,0.066667,0,0,0,0.066667,0,0.13333,0,0,0,0,0,0,0.066667,0,0
0,0.039474,0.013158,0.013158,0,0.013158,0.039474,0.013158,0.026316,0.039474,0,0.013158,0,0.11842,0.013158,0,0.026316,0.039474,0,0,0,0.013158,0.013158,0.013158,0.039474,0.013158,0.026316,0,0,0.013158,0,0.013158,0,0.013158,0.026316,0,0.026316,0,0.013158,0.013158,0,0.039474,0.013158,0,0,0.026316,0,0,0.013158,0.013158,0,0,0.013158,0,0.078947,0.013158,0.013158,0.013158,0.026316,0.026316,0.013158,0,0.026316,0.026316
0.018182,0,0.054545,0,0.018182,0,0.018182,0,0,0.036364,0,0,0.054545,0,0.036364,0.072727,0.018182,0.018182,0,0.036364,0,0.018182,0,0,0,0.036364,0.018182,0,0,0,0,0,0,0.018182,0,0,0,0.036364,0,0,0,0,0.018182,0.018182,0.036364,0,0.036364,0.036364,0.018182,0.018182,0,0.036364,0.054545,0.036364,0.018182,0,0.018182,0.036364,0.036364,0.018182,0.018182,0.018182,0,0.018182
0.11111,0,0.055556,0,0,0,0,0,0.055556,0,0.055556,0.11111,0.055556,0,0,0,0,0,0,0,0.055556,0,0,0,0.055556,0,0,0,0,0,0,0,0,0,0,0,0,0,0.055556,0,0,0,0,0,0,0,0,0,0.055556,0,0,0,0.055556,0,0.055556,0,0.055556,0,0.11111,0.055556,0,0,0,0
0.030303,0.030303,0.030303,0.030303,0.060606,0.030303,0,0,0,0.030303,0,0,0,0.030303,0,0,0,0.030303,0,0,0,0,0.060606,0,0,0,0.060606,0,0,0,0,0,0,0,0,0,0,0,0,0.030303,0,0,0,0.030303,0,0,0,0.090909,0.060606,0,0,0.090909,0,0,0,0.030303,0.030303,0,0,0.030303,0.060606,0.030303,0,0.090909
0.076923,0.038462,0,0,0.038462,0,0,0,0,0.038462,0.038462,0,0,0,0,0,0.038462,0,0,0,0,0,0.038462,0,0.038462,0.076923,0.11538,0,0,0.076923,0,0,0,0,0,0,0,0,0.076923,0.038462,0,0,0,0,0,0.038462,0,0.038462,0,0,0,0,0,0,0,0.038462,0.038462,0,0.076923,0.038462,0,0,0,0
0.068182,0.022727,0.045455,0,0,0,0,0.022727,0,0.045455,0,0,0.045455,0.045455,0.022727,0.022727,0.090909,0,0.090909,0.022727,0.022727,0,0.068182,0.022727,0,0.022727,0.022727,0,0.022727,0.022727,0,0,0,0,0.022727,0,0.068182,0.022727,0,0,0,0.022727,0,0,0,0,0,0.022727,0.045455,0,0,0,0.022727,0,0.022727,0,0,0,0,0,0,0,0,0
0.10448,0.044776,0.014925,0.029851,0.029851,0.014925,0.014925,0.029851,0,0.014925,0,0,0,0.029851,0.014925,0,0,0.014925,0.014925,0,0.014925,0.029851,0,0.029851,0,0.029851,0,0,0.014925,0.059701,0.029851,0,0,0.014925,0.014925,0,0,0.014925,0.014925,0,0,0.014925,0,0.014925,0.014925,0.029851,0.029851,0.014925,0.044776,0.029851,0,0,0.014925,0,0.029851,0.014925,0.014925,0,0,0.014925,0.014925,0.029851,0.029851,0
0.052632,0,0,0,0,0,0.052632,0.052632,0.052632,0,0,0.052632,0.052632,0,0,0.10526,0,0.052632,0,0.10526,0,0,0,0,0,0,0,0,0.052632,0,0.052632,0,0,0,0,0,0.052632,0.052632,0,0,0,0,0,0,0,0.052632,0,0,0.052632,0,0,0,0,0,0,0,0,0.052632,0,0,0.052632,0,0,0
0.088235,0,0.058824,0.058824,0,0,0,0,0,0.029412,0,0.058824,0,0,0,0,0.058824,0,0.029412,0,0,0,0,0,0,0.029412,0.029412,0.029412,0.058824,0,0,0,0.029412,0,0.029412,0,0,0.058824,0,0,0,0,0,0,0.029412,0.029412,0.058824,0,0,0,0,0,0.058824,0,0,0.029412,0,0,0.029412,0,0.029412,0,0.088235,0
0,0.090909,0,0,0.090909,0,0,0,0,0,0,0,0.090909,0,0,0,0,0,0,0,0,0,0,0,0,0,0,0,0,0.090909,0,0,0,0,0,0,0,0,0,0.090909,0.090909,0,0,0,0.090909,0.090909,0,0,0.090909,0,0,0.090909,0,0,0,0.090909,0,0,0,0,0,0,0,0
0.0625,0.03125,0,0.03125,0.03125,0,0.03125,0,0,0,0.03125,0.03125,0,0.03125,0.03125,0.09375,0.03125,0,0,0,0,0,0,0,0.09375,0.03125,0.03125,0,0,0,0.03125,0,0,0,0,0.03125,0.03125,0.0625,0,0,0,0,0,0,0,0.0625,0,0,0.03125,0,0,0.03125,0.03125,0,0,0,0.03125,0.03125,0,0,0,0,0.03125,0
0.05,0,0.05,0.05,0.05,0,0.15,0,0,0.05,0,0,0,0,0,0,0.05,0.05,0.05,0.05,0,0,0,0,0.05,0.05,0,0,0,0,0,0,0,0,0.1,0,0,0.05,0,0,0,0,0,0,0,0,0,0,0.05,0,0,0.05,0,0,0,0,0.05,0,0,0,0,0,0,0
0,0.11111,0.11111,0,0,0,0,0,0,0,0,0,0.11111,0,0,0,0,0,0,0,0,0,0,0,0,0,0,0,0,0,0,0.11111,0,0,0,0,0.11111,0,0,0,0,0.11111,0,0,0,0,0.11111,0,0,0,0,0,0,0,0,0,0,0,0,0,0.11111,0.11111,0,0
0.125,0.0625,0,0,0.0625,0,0,0,0,0.0625,0.0625,0,0,0.0625,0,0,0,0,0,0,0,0,0,0,0,0.0625,0,0,0,0,0,0,0.0625,0,0,0,0,0.1875,0,0,0,0,0,0,0,0,0,0,0,0,0,0,0.0625,0,0,0,0,0.0625,0,0,0,0.0625,0.0625,0
0.027778,0.027778,0,0,0,0.027778,0,0,0,0.083333,0,0.027778,0.027778,0,0,0.027778,0.055556,0,0.055556,0,0.055556,0.055556,0,0,0,0,0.027778,0,0,0,0,0.027778,0.027778,0,0.027778,0.027778,0,0.027778,0.027778,0,0,0,0,0,0,0,0.027778,0.055556,0,0,0.027778,0,0,0,0.027778,0,0,0.055556,0,0,0.027778,0,0.11111,0
0.020833,0,0,0,0,0.020833,0.020833,0.020833,0,0.020833,0,0,0,0,0,0,0.041667,0.020833,0.020833,0,0,0.041667,0.041667,0.041667,0,0.041667,0.041667,0.020833,0.020833,0,0.020833,0.041667,0,0,0,0.020833,0,0,0.020833,0.041667,0,0.020833,0,0,0,0.020833,0,0.041667,0,0,0,0,0.020833,0.041667,0.020833,0.020833,0,0.020833,0,0.020833,0,0.020833,0,0.16667
0,0.023256,0.023256,0.023256,0.046512,0,0,0,0.046512,0.023256,0,0,0,0.023256,0.023256,0.023256,0.023256,0.023256,0.023256,0,0.11628,0.069767,0.023256,0,0,0,0,0.046512,0,0,0,0.023256,0.023256,0,0.023256,0.023256,0,0,0,0,0.023256,0,0,0,0.023256,0.023256,0,0,0,0,0,0,0.069767,0,0,0,0.023256,0,0,0.023256,0.046512,0.023256,0.023256,0.046512
0,0,0,0,0,0.22222,0,0,0,0,0,0,0,0,0,0,0,0,0,0,0.11111,0,0,0,0,0,0.11111,0,0,0,0,0,0,0,0,0,0.11111,0.11111,0,0,0,0,0,0,0.11111,0,0,0,0,0,0,0,0,0,0,0,0,0,0.11111,0,0,0,0,0.11111
0,0,0,0.083333,0,0,0,0,0,0.041667,0,0,0,0.041667,0.041667,0,0,0,0.083333,0,0,0,0,0,0,0,0.083333,0.041667,0,0,0,0,0.041667,0,0,0,0,0.041667,0,0,0,0.083333,0,0,0,0,0.041667,0,0,0,0,0.041667,0,0,0,0,0,0.125,0.041667,0.083333,0,0.041667,0.041667,0
0,0,0.027778,0.027778,0,0.027778,0,0,0,0.027778,0,0,0.027778,0.027778,0,0.055556,0.055556,0.027778,0.055556,0.027778,0.083333,0.083333,0,0.083333,0,0,0,0,0,0,0,0,0,0,0,0,0.083333,0,0.027778,0,0,0.055556,0.027778,0,0,0,0,0,0.027778,0,0.027778,0,0.027778,0,0,0,0,0,0,0.027778,0.055556,0,0,0
0.028571,0.028571,0.028571,0,0.028571,0.057143,0.028571,0,0.085714,0,0,0.057143,0.057143,0.028571,0.028571,0,0,0,0.028571,0,0,0.057143,0.057143,0,0.028571,0.057143,0.028571,0,0,0,0,0,0.028571,0,0,0,0,0.028571,0.028571,0,0,0.028571,0,0,0.028571,0.028571,0,0,0.085714,0,0,0,0,0,0,0,0,0,0,0,0.028571,0,0,0
0.058824,0.058824,0.058824,0,0,0,0,0,0.029412,0.058824,0,0,0,0.058824,0,0,0.029412,0,0,0,0.088235,0.058824,0.058824,0,0.088235,0,0,0,0,0,0.029412,0,0,0.029412,0,0,0.029412,0.029412,0,0,0,0,0,0,0,0,0.088235,0,0,0.029412,0.029412,0,0.058824,0,0,0,0.029412,0,0,0,0,0,0,0
0.11111,0,0,0,0,0.037037,0,0,0,0,0,0,0,0.037037,0,0,0.037037,0,0.037037,0.037037,0.074074,0,0,0,0,0.074074,0,0,0,0,0,0,0.037037,0,0,0,0.037037,0,0.074074,0,0.037037,0.037037,0,0,0,0,0.074074,0,0,0,0.037037,0,0,0,0,0.11111,0,0.037037,0,0,0,0,0.037037,0.037037
0.037037,0,0,0,0,0,0.037037,0,0.074074,0,0,0.037037,0,0,0,0,0.074074,0,0,0,0,0,0,0,0.037037,0,0.037037,0.037037,0,0,0,0,0,0,0.037037,0,0.037037,0.074074,0,0.037037,0,0,0,0,0,0.037037,0,0.037037,0,0.037037,0,0,0.037037,0.037037,0.037037,0.074074,0,0.037037,0,0,0.037037,0,0,0.074074
0,0,0,0,0,0,0,0.11111,0,0.11111,0,0.11111,0,0,0,0,0,0.11111,0,0.11111,0,0,0,0,0,0,0,0,0,0,0,0,0,0,0,0,0,0,0.11111,0,0,0,0,0,0,0,0,0,0,0,0,0,0,0,0,0,0,0,0.11111,0,0,0,0.22222,0
0,0,0,0,0,0,0,0,0,0,0,0,0,0,0,0,0.1,0,0,0,0,0,0,0,0,0,0,0,0,0,0.1,0,0,0,0,0,0.1,0.1,0,0,0,0,0,0,0.1,0,0,0.1,0.1,0,0.1,0,0,0,0,0,0,0,0,0,0.1,0,0,0.1
0,0,0.066667,0.066667,0.066667,0,0,0.066667,0,0,0.066667,0,0.066667,0,0,0,0,0,0,0,0,0,0,0,0,0.066667,0,0,0,0,0.066667,0,0,0,0,0.066667,0,0,0,0,0,0,0,0,0.066667,0,0,0,0.066667,0,0,0,0.066667,0,0.066667,0,0,0,0,0.066667,0,0,0,0.066667
0.090909,0,0,0,0,0,0,0,0,0.090909,0,0,0.18182,0,0.090909,0,0,0,0,0.090909,0.090909,0,0,0,0,0,0,0,0,0,0,0,0,0,0.090909,0,0,0,0,0.090909,0,0,0,0,0,0,0,0,0,0,0,0.18182,0,0,0,0,0,0,0,0,0,0,0,0
0.071429,0,0,0.071429,0,0,0.071429,0,0,0,0,0,0,0,0,0,0,0,0,0,0,0,0,0,0,0,0,0,0,0,0.071429,0.071429,0,0,0,0,0,0,0,0,0.071429,0,0,0,0,0.071429,0,0,0,0,0,0,0.071429,0,0,0,0.071429,0,0,0.071429,0,0.14286,0,0.14286
0.037037,0,0,0.037037,0,0,0,0,0.037037,0,0,0,0.074074,0,0,0,0,0,0,0,0.074074,0,0,0.037037,0.037037,0.037037,0,0,0,0.037037,0,0,0,0,0,0.074074,0.037037,0.037037,0.037037,0,0,0.037037,0.037037,0.037037,0,0.037037,0,0.037037,0.037037,0,0,0,0.037037,0,0.037037,0.037037,0,0.037037,0,0,0.037037,0,0,0
0.0625,0.0625,0,0,0.0625,0,0,0,0,0,0,0,0,0,0,0.0625,0,0,0,0,0,0,0,0,0,0,0,0,0,0,0.0625,0,0,0.0625,0.0625,0,0,0,0,0.0625,0.0625,0,0,0,0,0,0,0.0625,0,0,0,0.0625,0.0625,0,0,0.0625,0,0,0,0,0,0.125,0,0.0625
0,0.028571,0.028571,0,0.057143,0,0,0,0,0.057143,0.028571,0,0.028571,0,0.085714,0.057143,0.028571,0,0.028571,0,0.028571,0,0,0,0.028571,0,0.028571,0,0,0,0,0.028571,0.028571,0,0,0,0,0,0,0,0.028571,0,0,0,0.028571,0.028571,0,0,0.028571,0.028571,0.085714,0,0,0,0,0,0,0.057143,0.028571,0,0.028571,0.028571,0,0.057143
0.028571,0.014286,0,0,0,0.028571,0,0.014286,0.042857,0,0,0,0.085714,0,0.028571,0,0.028571,0.014286,0,0.014286,0,0.014286,0.014286,0.014286,0.028571,0,0.042857,0.014286,0.014286,0,0.014286,0.014286,0,0.014286,0.042857,0.028571,0,0,0,0,0.014286,0,0.014286,0,0.028571,0,0.028571,0.028571,0.028571,0,0,0.057143,0,0,0.014286,0.014286,0,0,0,0.12857,0,0,0.014286,0.071429
0.045455,0,0.045455,0.045455,0,0,0,0,0,0.045455,0,0,0.045455,0,0,0.045455,0,0,0,0,0,0,0,0,0,0.045455,0.045455,0,0,0,0,0,0,0,0.045455,0.045455,0,0,0,0,0.090909,0,0,0,0.045455,0,0,0,0.045455,0.045455,0,0,0,0.045455,0,0.045455,0,0.090909,0,0,0,0.045455,0.045455,0.045455
0,0.045455,0.045455,0.045455,0,0,0,0,0,0,0,0,0.045455,0,0,0.045455,0.090909,0.045455,0,0,0,0,0,0,0,0,0,0,0.045455,0,0,0.045455,0.045455,0,0,0,0,0,0,0,0,0,0.045455,0.045455,0.045455,0,0,0,0.045455,0.090909,0,0,0.045455,0,0.045455,0.045455,0,0,0.045455,0,0,0,0.045455,0
0.0625,0,0,0,0.0625,0.0625,0,0,0.0625,0,0,0,0,0.1875,0,0,0.0625,0,0,0.0625,0,0,0,0,0,0.0625,0,0.0625,0,0,0,0,0,0,0,0,0,0,0,0,0,0,0,0,0,0,0.0625,0,0.0625,0,0,0.0625,0,0,0,0,0.0625,0,0.0625,0,0,0,0,0
0.06383,0,0,0.085106,0.021277,0.021277,0,0,0.021277,0,0,0,0.10638,0,0.021277,0,0.042553,0.021277,0,0,0.021277,0,0,0,0,0.021277,0,0,0.021277,0,0.021277,0.021277,0.042553,0,0,0.021277,0,0,0.021277,0,0.021277,0.021277,0,0,0.021277,0,0.021277,0.021277,0,0,0,0.06383,0,0,0,0,0.042553,0.021277,0,0.021277,0.06383,0.042553,0,0.042553
0.04,0,0,0,0.12,0,0,0,0,0,0,0,0.04,0,0.12,0.04,0,0,0,0.04,0,0,0,0,0,0,0,0,0,0,0,0.04,0,0,0,0,0,0,0,0.12,0,0,0,0,0.04,0,0,0,0.04,0.08,0,0.08,0,0,0,0.04,0,0,0,0.12,0.04,0,0,0
0,0,0.028571,0,0.057143,0,0.028571,0,0,0,0,0,0.085714,0.028571,0.028571,0.057143,0,0,0,0,0,0,0,0,0,0,0,0,0.028571,0,0.028571,0.028571,0,0,0,0,0,0,0,0,0,0,0.028571,0,0.057143,0,0.028571,0,0.028571,0.057143,0,0.085714,0.028571,0,0,0,0.028571,0.057143,0,0.057143,0,0.028571,0.057143,0.057143
0.034483,0,0.034483,0.034483,0.034483,0,0.034483,0.034483,0,0,0.034483,0,0.068966,0,0.034483,0,0,0,0,0.10345,0,0,0,0,0,0,0,0.034483,0,0,0,0,0,0,0,0,0.034483,0,0,0,0,0.034483,0,0,0.034483,0.034483,0.10345,0,0.034483,0,0.034483,0.034483,0,0,0,0,0.034483,0,0,0,0.034483,0,0.034483,0.068966
0.06,0,0.02,0.02,0.04,0,0,0.08,0.02,0,0,0.02,0.08,0,0.02,0.04,0.04,0.08,0,0.02,0,0,0,0,0,0,0.02,0.04,0,0,0,0,0,0,0,0,0.04,0,0,0,0,0.02,0,0,0.02,0,0.02,0.04,0,0,0.02,0.04,0.04,0,0,0.02,0.04,0.02,0,0,0.04,0,0.04,0
0,0.090909,0.090909,0.090909,0,0,0,0,0,0,0.090909,0,0,0.090909,0,0,0,0,0,0,0,0,0.090909,0,0,0,0,0.090909,0,0,0,0,0,0,0,0.090909,0,0,0,0,0,0,0,0,0,0,0.090909,0,0,0.090909,0,0,0,0,0,0,0,0,0,0,0,0.090909,0,0
0,0.05,0,0.05,0.05,0,0,0,0,0,0.05,0,0.05,0,0,0,0.05,0,0,0,0,0,0,0,0.05,0,0,0,0,0,0,0,0.1,0.1,0.05,0,0,0,0,0,0,0,0,0,0.05,0,0,0,0.05,0.05,0,0,0,0,0.05,0,0.05,0.05,0,0.05,0,0,0,0.05
0,0.021277,0,0.021277,0.042553,0.021277,0,0.021277,0.021277,0,0,0,0.042553,0,0.10638,0,0.042553,0,0.021277,0.042553,0,0,0,0,0.021277,0,0,0.021277,0,0,0,0.021277,0,0,0,0.021277,0.021277,0.042553,0,0,0,0.021277,0,0,0.06383,0,0.021277,0.021277,0.042553,0.021277,0.042553,0.06383,0,0,0,0,0.042553,0,0.021277,0,0.042553,0.021277,0,0.021277
0,0,0.25,0,0.083333,0,0,0,0,0,0,0.083333,0,0,0,0.083333,0,0,0,0,0,0,0,0,0,0,0,0,0,0,0,0,0.083333,0,0,0,0,0,0,0,0,0,0,0,0.083333,0,0,0,0,0.083333,0,0,0,0,0,0,0,0,0.083333,0.083333,0,0,0.083333,0
0.058824,0.058824,0,0,0.058824,0.11765,0,0.058824,0,0,0,0,0,0,0.058824,0,0.058824,0.058824,0,0,0,0,0,0,0,0,0,0,0,0,0,0,0,0,0,0,0,0,0.11765,0,0.058824,0,0,0,0.058824,0.058824,0,0,0.058824,0,0,0,0,0,0,0,0,0,0,0.058824,0,0.058824,0,0
0.027397,0.041096,0.013699,0.027397,0.027397,0.027397,0.054795,0.013699,0.041096,0.013699,0,0.027397,0.027397,0,0.068493,0.027397,0.013699,0.013699,0,0,0,0,0,0.027397,0.013699,0,0,0.027397,0.013699,0,0,0,0.013699,0,0,0.013699,0.013699,0.013699,0.013699,0,0,0,0,0.013699,0.041096,0,0.013699,0,0.054795,0.013699,0.013699,0.027397,0,0,0,0.013699,0,0,0,0.041096,0.068493,0,0.041096,0.041096
0.16667,0.083333,0.083333,0,0,0,0,0,0,0,0,0,0,0,0,0,0,0,0,0,0.083333,0,0.083333,0,0,0,0,0,0,0,0,0.083333,0,0,0,0,0,0,0,0,0,0.083333,0,0,0,0,0.083333,0.083333,0,0,0,0.083333,0,0,0,0,0,0,0.083333,0,0,0,0,0
0,0,0,0.066667,0,0,0,0,0,0,0,0,0.066667,0,0.066667,0,0.066667,0,0,0,0,0.066667,0,0,0,0,0,0,0,0,0,0.13333,0,0,0,0,0,0,0,0,0,0,0,0,0,0,0.066667,0,0.26667,0,0,0,0,0,0,0,0,0,0,0,0,0,0.066667,0.13333
0.038462,0,0.038462,0.076923,0,0.038462,0,0.038462,0.038462,0,0.038462,0,0.076923,0,0,0,0.076923,0,0,0,0.038462,0,0.038462,0,0,0,0,0,0,0,0,0,0,0,0,0.038462,0,0,0,0,0,0,0,0,0,0,0.076923,0.038462,0.038462,0,0.038462,0.038462,0,0,0,0.038462,0,0,0,0,0.076923,0.038462,0.038462,0
0.055556,0.027778,0,0,0.027778,0.055556,0,0.027778,0,0,0,0,0.027778,0,0,0,0.027778,0,0,0,0.027778,0.027778,0.027778,0.027778,0.027778,0,0,0,0.027778,0,0,0,0.027778,0,0,0,0.027778,0.027778,0,0,0,0,0,0,0.027778,0,0.083333,0.027778,0.027778,0.11111,0.027778,0.083333,0,0,0,0,0,0,0,0.055556,0,0,0.055556,0
0.05,0,0,0.05,0,0,0,0,0,0,0,0,0.1,0.05,0.05,0,0,0,0,0,0,0,0,0,0,0.05,0,0,0.05,0,0,0,0,0,0,0,0,0,0.05,0,0.1,0,0,0,0,0,0,0.05,0.05,0.05,0,0,0,0,0,0,0,0.05,0,0.05,0.05,0.1,0.05,0
0,0,0.052632,0.052632,0.052632,0,0.052632,0,0,0,0,0,0,0,0,0.052632,0,0,0,0,0.052632,0,0,0,0.052632,0.10526,0,0,0.052632,0.052632,0.10526,0,0,0,0.052632,0,0,0,0,0,0,0,0,0,0,0,0,0.052632,0.052632,0,0,0.052632,0,0,0,0,0,0,0,0,0,0,0,0.10526
0.071429,0,0,0,0,0,0,0,0,0,0,0,0.14286,0,0,0,0,0.071429,0,0.071429,0,0,0,0,0,0,0,0,0,0,0,0,0.071429,0,0,0,0,0,0,0,0,0,0,0,0,0,0.071429,0,0,0.071429,0,0,0,0.071429,0,0,0.071429,0,0,0,0.071429,0,0.21429,0
0.041667,0,0,0,0,0,0,0,0,0.041667,0,0.041667,0.083333,0,0,0.041667,0,0,0.041667,0,0,0,0,0,0,0,0,0,0,0,0.041667,0,0,0.041667,0,0,0,0.083333,0.041667,0,0,0,0,0,0,0.041667,0.125,0,0.041667,0,0,0,0,0,0,0,0.041667,0.083333,0,0,0.041667,0.125,0,0
0.090909,0,0,0.045455,0,0,0,0,0,0,0,0,0.045455,0,0,0.090909,0,0,0,0,0,0,0,0,0,0,0,0.045455,0,0,0,0,0,0,0,0,0,0,0,0,0,0,0.045455,0,0.045455,0,0,0,0.045455,0.090909,0.045455,0.090909,0,0,0.045455,0,0,0,0,0.045455,0.045455,0.090909,0.045455,0.045455
0,0,0.027027,0,0,0,0,0,0,0,0,0.027027,0.054054,0.027027,0,0.10811,0,0,0,0.054054,0,0,0,0,0.027027,0,0,0,0.027027,0,0,0.027027,0,0,0,0,0.081081,0,0,0,0.027027,0.054054,0,0,0,0,0,0.054054,0,0.081081,0.027027,0.081081,0.027027,0,0,0.027027,0.027027,0.027027,0,0,0.027027,0.027027,0.027027,0.027027
0,0,0.041667,0,0,0,0,0.041667,0,0,0,0,0,0.083333,0,0,0.041667,0,0,0,0,0,0,0,0.041667,0,0,0,0.041667,0,0,0,0.041667,0,0.041667,0,0.083333,0,0,0,0,0,0,0,0.041667,0,0.041667,0.041667,0,0,0,0.20833,0,0,0,0,0,0,0.041667,0,0.041667,0.041667,0,0.083333
0.058824,0,0,0,0.058824,0,0,0,0,0.058824,0,0,0.11765,0,0,0,0,0,0,0.11765,0,0,0,0,0,0,0,0,0.058824,0.058824,0,0.058824,0.058824,0,0,0,0,0,0,0.058824,0,0,0,0,0.058824,0,0,0,0.11765,0,0,0.058824,0,0,0,0,0,0,0,0,0.058824,0,0,0
0,0,0.034483,0,0.034483,0,0,0,0,0,0,0,0,0,0,0.068966,0,0,0,0.034483,0.034483,0.034483,0,0.034483,0,0,0,0,0,0.034483,0,0,0,0,0,0,0,0.034483,0.034483,0,0.034483,0,0,0,0,0,0,0.034483,0.034483,0,0,0.068966,0.034483,0,0,0.034483,0.068966,0,0,0,0.10345,0.10345,0,0.10345
0,0.038462,0,0.076923,0,0,0,0,0.038462,0,0,0,0.11538,0.038462,0,0.076923,0.11538,0,0,0,0,0,0,0,0,0,0,0,0,0,0,0,0,0,0,0,0.038462,0,0,0,0,0,0.038462,0,0,0,0.076923,0,0.038462,0.038462,0,0.076923,0,0,0,0,0.038462,0,0,0,0.038462,0.038462,0,0.076923
0.074074,0,0.037037,0,0,0,0.037037,0,0,0,0,0,0.037037,0,0.074074,0,0,0,0.037037,0,0.037037,0,0,0,0.037037,0,0,0.037037,0,0,0,0,0,0,0,0,0,0,0,0,0.037037,0,0,0.037037,0,0,0,0,0,0,0,0.18519,0,0,0,0,0.037037,0,0,0.074074,0.074074,0,0.037037,0.11111
0,0,0,0.071429,0,0.071429,0,0,0,0,0,0,0.071429,0,0,0,0.071429,0,0,0,0,0,0,0.071429,0,0.071429,0,0.071429,0,0,0,0,0,0,0,0,0,0,0,0,0,0,0.071429,0,0.071429,0,0,0,0,0.071429,0,0,0.071429,0,0,0,0,0.14286,0,0,0,0,0.071429,0
0,0,0.10526,0,0,0,0,0,0,0,0,0.052632,0,0,0.052632,0.10526,0.052632,0,0,0,0,0,0,0,0,0,0,0,0,0,0,0.052632,0,0,0.052632,0,0.052632,0,0,0,0,0,0,0,0,0,0,0,0.10526,0,0,0,0,0,0,0.052632,0,0.052632,0,0,0.052632,0.10526,0.052632,0.052632
0.043478,0.043478,0,0,0,0.043478,0,0,0,0,0,0,0,0,0,0.043478,0,0,0,0,0,0,0,0,0,0,0,0,0,0,0,0,0,0.043478,0,0,0,0.043478,0,0.086957,0,0.043478,0,0,0.086957,0.086957,0,0.13043,0,0,0.043478,0.043478,0,0,0,0,0,0.043478,0,0,0.043478,0.043478,0,0.086957
0.044444,0.022222,0,0.022222,0.022222,0,0,0.022222,0,0,0,0,0.044444,0,0,0,0.022222,0.022222,0,0,0,0,0,0,0,0.022222,0.022222,0,0,0,0,0.044444,0.044444,0.044444,0,0,0.044444,0,0,0.022222,0,0,0,0,0,0.044444,0.022222,0,0.088889,0,0.022222,0.044444,0.044444,0,0.022222,0.022222,0.066667,0,0,0,0.066667,0.044444,0.022222,0.022222
0,0,0,0,0,0,0,0.045455,0,0.045455,0,0,0.13636,0,0,0.045455,0,0.045455,0,0.045455,0,0.045455,0,0,0,0.045455,0,0,0,0,0,0,0.045455,0,0.045455,0.045455,0,0.045455,0.045455,0,0,0,0,0,0,0,0.045455,0,0,0.045455,0.045455,0,0.045455,0,0,0,0.045455,0,0,0,0,0.045455,0.045455,0
0.045455,0,0.13636,0.090909,0,0,0.045455,0,0.045455,0,0,0,0.090909,0,0,0,0,0,0,0,0,0,0,0,0,0,0,0,0,0,0,0,0,0.045455,0,0,0,0,0.090909,0,0,0,0,0,0,0,0,0.090909,0,0,0.090909,0.045455,0,0,0,0,0,0.045455,0,0,0.090909,0,0.045455,0
0.071429,0.14286,0,0.071429,0,0,0.071429,0,0,0,0,0,0,0,0.071429,0.071429,0,0,0,0,0,0,0,0,0,0,0.071429,0,0,0,0.071429,0,0,0,0,0,0,0.071429,0,0,0,0,0,0,0,0,0,0,0.071429,0.071429,0,0,0,0,0,0,0,0,0,0,0,0.071429,0.071429,0
0,0,0.055556,0.055556,0.055556,0.055556,0,0,0,0,0,0.055556,0,0.055556,0,0,0,0,0,0,0,0,0,0,0,0,0,0,0,0,0,0,0.055556,0,0,0,0,0,0,0,0,0,0,0,0.055556,0,0.055556,0.055556,0.055556,0,0,0.055556,0,0,0,0.055556,0.055556,0,0.055556,0.055556,0.055556,0.055556,0,0
0.05,0,0,0,0,0,0.1,0,0.05,0,0,0.05,0,0,0,0.05,0.05,0,0,0,0,0,0,0,0,0,0,0,0.05,0,0,0,0,0,0,0,0,0,0,0.05,0,0,0,0,0,0,0,0.05,0.05,0.15,0,0.05,0.05,0.05,0,0,0.1,0,0,0,0,0,0,0.05
0,0,0,0,0.047619,0,0,0,0.047619,0,0,0,0,0.095238,0,0.14286,0,0,0,0.047619,0,0,0,0,0,0,0,0.047619,0.047619,0,0,0,0,0,0,0,0,0,0,0,0,0.047619,0,0,0,0,0,0.047619,0.047619,0,0,0.047619,0.095238,0,0,0,0,0,0,0,0.095238,0,0,0.14286
0.052632,0.052632,0,0,0.15789,0,0,0,0,0,0,0,0,0.052632,0,0.052632,0,0,0.052632,0.052632,0,0,0,0.052632,0,0,0,0,0.052632,0,0.052632,0,0.052632,0,0,0,0.052632,0,0,0.052632,0,0,0,0,0,0,0.052632,0,0,0.10526,0,0,0,0,0,0.052632,0,0,0,0,0,0,0,0
0,0.041667,0,0.083333,0,0,0,0.041667,0,0,0,0,0.041667,0,0,0.041667,0,0,0,0,0,0,0,0.041667,0,0,0,0,0.041667,0,0,0,0,0,0,0,0,0.041667,0,0.041667,0.041667,0.041667,0,0,0.041667,0,0,0,0,0.041667,0.041667,0.083333,0.041667,0,0,0,0.041667,0.041667,0,0.041667,0.125,0,0,0
0.086957,0,0,0.086957,0,0,0.043478,0,0,0,0,0,0.043478,0,0,0.13043,0.086957,0,0,0,0.043478,0,0,0,0,0,0,0,0.043478,0,0,0,0,0,0.043478,0,0.043478,0,0,0,0.043478,0,0,0,0,0.043478,0.043478,0.043478,0.043478,0.043478,0.043478,0,0,0.043478,0,0,0,0,0,0,0,0,0,0
0.16667,0,0.033333,0.033333,0.033333,0,0.033333,0,0,0,0.033333,0,0,0,0,0,0.066667,0.033333,0,0,0.033333,0,0,0,0,0,0,0,0,0,0,0,0.1,0,0,0.033333,0,0,0,0,0.033333,0,0,0,0,0,0,0.033333,0.033333,0.066667,0,0.033333,0,0,0,0,0.066667,0,0,0,0.066667,0,0.066667,0
0,0,0,0,0.13333,0,0,0,0.066667,0,0.066667,0,0,0,0,0.066667,0.066667,0,0.066667,0.066667,0,0,0,0,0,0,0,0.066667,0,0.066667,0,0,0,0,0,0,0.066667,0,0,0,0,0,0,0,0,0,0,0,0,0,0.13333,0.066667,0,0,0,0,0,0,0,0,0,0,0.066667,0
0.083333,0,0.083333,0,0,0,0,0.083333,0,0,0,0,0,0,0.083333,0,0,0,0,0,0,0,0,0,0,0,0,0,0,0,0,0,0,0,0,0.083333,0,0,0,0,0,0,0,0,0.083333,0,0.083333,0,0.083333,0,0.083333,0,0.083333,0,0,0,0,0.083333,0,0,0.083333,0,0,0
0,0,0.125,0,0,0,0,0,0,0,0,0,0,0,0,0,0.125,0,0,0,0,0,0,0,0,0,0,0,0,0.125,0,0,0,0,0,0,0,0,0,0,0,0,0,0,0,0,0,0,0,0.125,0,0,0.125,0,0,0,0,0,0.125,0,0.125,0,0.125,0
0.043478,0,0.043478,0,0,0.043478,0,0,0.043478,0,0,0,0.043478,0.043478,0.043478,0,0.17391,0,0,0,0,0,0,0,0,0,0,0,0,0,0,0,0,0,0.043478,0,0,0,0,0,0,0,0,0,0,0,0.043478,0,0.043478,0.043478,0,0,0,0.043478,0,0.086957,0,0.043478,0,0,0,0.086957,0.043478,0.043478
0.055556,0.055556,0,0,0,0,0,0,0,0,0,0.055556,0.055556,0,0.11111,0.055556,0,0,0,0.055556,0,0,0,0,0,0,0,0,0,0.11111,0,0,0,0,0,0.055556,0,0,0.055556,0,0,0.055556,0,0,0,0,0,0,0.055556,0,0,0.11111,0,0,0,0.055556,0,0,0.055556,0,0,0,0,0
0.058824,0.058824,0,0,0.058824,0,0,0,0,0,0,0,0.17647,0,0.058824,0,0,0,0,0,0,0,0,0,0,0,0,0,0,0,0,0,0,0,0,0,0,0.058824,0,0,0,0,0,0,0.058824,0.058824,0,0,0,0.058824,0,0.23529,0.058824,0,0,0,0,0,0,0,0.058824,0,0,0
0,0,0,0.055556,0,0,0.055556,0,0,0,0,0.055556,0.16667,0,0,0.055556,0.055556,0,0,0,0,0,0,0.055556,0,0,0,0,0,0,0,0,0,0,0,0,0,0,0,0,0,0,0,0,0,0,0.055556,0,0.055556,0,0,0.16667,0,0,0,0,0,0,0,0.055556,0.055556,0,0.055556,0.055556
0,0,0.0625,0.125,0.125,0.0625,0,0,0,0,0,0,0,0.125,0,0.0625,0,0,0.0625,0,0,0,0,0,0,0,0,0,0,0,0,0,0,0,0,0.0625,0,0,0.0625,0,0,0,0,0,0,0,0.0625,0,0.125,0,0,0,0,0,0,0,0,0,0,0.0625,0,0,0,0
0.054054,0,0,0.054054,0.081081,0,0.027027,0,0,0,0,0.054054,0.054054,0,0.054054,0,0.054054,0,0,0,0,0,0.027027,0,0,0,0.027027,0.027027,0.054054,0,0,0,0.027027,0.027027,0,0,0,0,0.027027,0,0.027027,0,0,0,0.027027,0,0.054054,0.027027,0,0.027027,0.027027,0,0.027027,0,0.027027,0,0.054054,0.027027,0,0,0,0.027027,0,0
0.125,0.125,0,0,0.0625,0,0,0,0.0625,0,0,0,0,0,0.125,0,0,0,0,0.0625,0,0,0,0,0,0,0,0.0625,0,0,0,0,0,0,0,0,0,0,0,0,0,0,0,0,0,0,0,0.0625,0,0,0,0,0,0,0,0.0625,0,0.0625,0.0625,0,0.125,0,0,0
0,0.025641,0,0.025641,0.025641,0,0,0,0,0,0.025641,0,0.051282,0,0,0.051282,0.025641,0,0.025641,0.076923,0.025641,0.025641,0,0,0,0,0.025641,0,0,0,0.025641,0.051282,0.025641,0,0,0,0,0,0.025641,0.025641,0,0,0,0,0,0.025641,0.025641,0.025641,0.025641,0,0,0.051282,0.051282,0.025641,0,0.025641,0.051282,0,0.025641,0,0.051282,0,0.025641,0.025641
0,0,0.066667,0.13333,0.066667,0.066667,0,0,0,0,0,0,0.066667,0.066667,0,0,0,0,0,0,0,0,0,0,0,0,0,0,0,0,0.066667,0,0.066667,0,0,0,0,0,0,0.066667,0,0.13333,0,0,0,0,0.066667,0,0.066667,0,0,0,0,0,0,0,0,0,0,0.066667,0,0,0,0
0,0,0.05,0,0,0,0,0,0,0,0,0,0.05,0,0.1,0,0,0.05,0.05,0.05,0,0,0,0,0,0,0,0,0.05,0,0.05,0,0.1,0,0,0,0,0.05,0,0.05,0,0.05,0,0,0.05,0,0,0,0,0.05,0,0.05,0.05,0,0.05,0,0,0.05,0,0,0,0,0,0
0,0,0.11111,0.055556,0,0,0.055556,0.055556,0,0.055556,0.055556,0,0.055556,0.055556,0,0.055556,0,0.055556,0,0,0,0,0,0,0,0,0,0,0,0,0,0,0,0,0,0,0.055556,0,0,0,0,0,0,0,0,0,0,0,0.055556,0,0.055556,0,0.055556,0,0,0,0,0.11111,0,0,0,0,0,0.055556
0,0,0,0,0.076923,0,0,0,0,0,0,0.076923,0.076923,0,0,0.15385,0.076923,0,0,0,0,0,0,0,0,0,0,0,0,0,0,0,0.076923,0.076923,0,0,0,0,0,0,0,0.076923,0,0,0,0,0,0,0.076923,0,0,0,0,0,0,0,0.076923,0,0,0,0,0.076923,0,0.076923
0,0,0,0,0,0,0,0,0,0,0,0,0.1,0,0.1,0,0,0,0,0,0.1,0,0,0,0,0,0,0,0,0,0,0,0,0,0,0,0,0,0,0,0,0,0,0,0,0,0.1,0,0,0,0.1,0,0.1,0,0.2,0.1,0,0,0,0,0,0,0,0.1
0,0,0,0,0,0,0,0,0,0,0,0,0,0,0,0,0.11111,0,0,0,0,0,0,0,0,0,0,0,0,0,0,0,0.11111,0.11111,0.11111,0,0,0,0,0,0,0.22222,0,0,0,0.11111,0,0,0,0.11111,0,0,0,0,0,0,0,0.11111,0,0,0,0,0,0
0,0,0.083333,0,0,0,0,0,0,0,0,0.083333,0.083333,0,0,0.16667,0.083333,0,0,0,0.083333,0,0,0,0.083333,0,0,0,0,0,0,0,0,0,0,0,0,0,0,0,0.083333,0,0,0,0.083333,0,0,0,0.083333,0,0,0,0,0,0.083333,0,0,0,0,0,0,0,0,0
0.10811,0.054054,0,0.027027,0.10811,0,0.027027,0,0,0.054054,0,0,0.027027,0.027027,0,0,0.10811,0,0,0,0,0.027027,0,0,0,0.054054,0,0.027027,0,0,0,0,0,0,0,0,0,0.054054,0,0.027027,0,0,0,0,0,0,0,0.054054,0.054054,0,0,0,0,0,0.027027,0,0,0,0,0.027027,0.027027,0,0,0.081081
0,0.083333,0,0,0,0,0,0,0,0,0,0,0,0,0,0,0,0,0,0,0,0,0,0,0,0.083333,0,0,0,0,0,0,0,0,0.25,0,0.16667,0.083333,0,0,0.083333,0,0,0,0,0,0,0,0,0,0,0,0,0,0,0,0.083333,0,0.083333,0,0.083333,0,0,0
0,0,0,0,0,0,0,0.083333,0,0,0,0,0,0,0.083333,0,0.083333,0,0.083333,0,0.083333,0.083333,0,0,0,0,0,0.083333,0.083333,0,0,0,0,0,0,0,0,0,0,0,0,0,0,0.083333,0.083333,0,0.083333,0,0,0,0,0,0,0,0,0,0,0,0,0.083333,0,0,0,0
0.058824,0,0,0.029412,0,0.029412,0.029412,0,0,0.029412,0,0,0.058824,0.058824,0,0,0,0,0,0,0.029412,0,0,0,0.029412,0,0.029412,0,0,0.11765,0,0,0,0,0,0,0.029412,0.029412,0,0.11765,0.029412,0,0,0.029412,0,0,0,0,0.029412,0,0.029412,0,0,0.029412,0.029412,0,0,0,0,0.029412,0,0.029412,0.058824,0.029412
0.044944,0.033708,0.011236,0,0.033708,0,0,0.022472,0,0.011236,0,0.011236,0,0.022472,0,0.011236,0.05618,0.011236,0,0.022472,0.011236,0,0.011236,0,0.022472,0.022472,0,0.033708,0.011236,0.011236,0.033708,0.011236,0.011236,0.011236,0.011236,0,0.044944,0.011236,0.044944,0,0,0.022472,0,0.011236,0.011236,0.033708,0.05618,0.011236,0,0.033708,0,0.033708,0.022472,0.011236,0.011236,0.011236,0.011236,0.011236,0,0.067416,0,0.011236,0.033708,0
0.05,0,0,0.05,0.1,0,0,0,0,0.05,0,0,0,0.05,0.05,0.1,0.05,0,0.05,0,0,0,0.05,0,0,0,0,0,0.1,0,0,0,0.05,0,0,0,0,0,0,0,0,0,0,0,0,0,0,0,0.05,0,0.05,0.05,0.1,0,0,0,0,0,0,0,0,0,0,0
0.15385,0,0,0,0,0.076923,0,0,0.076923,0,0,0,0,0.076923,0,0.076923,0.076923,0,0,0.076923,0,0.076923,0.076923,0,0,0,0,0,0,0,0,0,0,0,0,0,0,0,0.076923,0,0,0,0,0,0,0,0.076923,0,0,0,0,0,0,0,0,0,0,0,0,0.076923,0,0,0,0
0.051282,0.051282,0.076923,0.051282,0,0,0.025641,0,0.051282,0,0,0,0,0,0,0.025641,0.025641,0.051282,0.051282,0,0,0,0,0,0.076923,0.025641,0,0.025641,0.025641,0,0,0,0,0,0,0,0.051282,0,0,0,0.025641,0,0,0.051282,0,0,0.051282,0,0,0.025641,0,0,0.025641,0.051282,0.025641,0,0.025641,0,0.025641,0,0,0,0.025641,0
0.081081,0,0.054054,0,0,0.027027,0,0.027027,0.054054,0,0,0,0,0,0.027027,0,0,0,0,0.027027,0.027027,0.054054,0.027027,0,0.027027,0,0.10811,0,0,0.027027,0.054054,0,0,0,0,0.027027,0,0.054054,0.081081,0,0,0.027027,0,0,0,0,0.054054,0,0,0,0,0,0,0.027027,0,0,0,0.027027,0.027027,0,0,0.027027,0,0.027027
0.030928,0.030928,0,0,0,0.020619,0.010309,0.010309,0.010309,0.030928,0.010309,0,0.010309,0.020619,0.010309,0.020619,0.061856,0.010309,0.082474,0.010309,0.010309,0.010309,0,0.010309,0.010309,0.020619,0,0,0,0.010309,0.010309,0.010309,0.030928,0.010309,0.020619,0.010309,0.010309,0.030928,0.051546,0.030928,0.030928,0.030928,0.020619,0.020619,0.010309,0.010309,0.020619,0,0.010309,0.010309,0.010309,0,0.010309,0.010309,0.030928,0.020619,0.010309,0.010309,0.010309,0,0,0.020619,0.020619,0.010309
0.11765,0.029412,0.029412,0,0.029412,0,0,0,0,0,0,0,0.088235,0,0,0,0,0.029412,0,0.029412,0.029412,0,0,0,0,0,0,0.029412,0,0,0,0,0.058824,0,0,0,0,0,0.029412,0,0,0,0,0,0,0,0,0,0.029412,0,0,0.058824,0.029412,0.058824,0.029412,0,0,0.029412,0.11765,0,0.058824,0.029412,0,0.058824
0,0,0,0,0,0,0,0,0,0,0,0.1,0,0,0,0.1,0,0,0,0.1,0,0,0,0,0.1,0.1,0,0,0,0,0.1,0,0,0,0,0,0,0,0,0,0,0,0,0,0,0,0.1,0,0,0,0,0,0,0,0,0,0,0.1,0,0,0,0.2,0,0
0,0,0.03125,0.03125,0,0.03125,0,0,0.03125,0.03125,0,0,0,0,0.03125,0,0.15625,0,0,0.03125,0.09375,0,0.03125,0.03125,0,0,0,0,0,0,0.03125,0.03125,0,0,0,0,0,0,0.03125,0,0,0,0,0,0,0,0.03125,0,0.125,0,0,0.03125,0,0,0,0,0,0.0625,0,0,0.0625,0.03125,0.03125,0
0.047619,0.047619,0.047619,0,0,0,0,0.047619,0.047619,0,0,0,0,0,0,0,0,0,0,0,0,0,0,0,0,0.047619,0,0,0,0,0,0.047619,0.047619,0,0,0,0,0,0,0.095238,0.047619,0,0,0,0,0,0,0,0.095238,0,0,0,0,0,0.095238,0,0.095238,0,0,0.047619,0,0.047619,0.047619,0.047619
0,0,0,0.052632,0,0,0.10526,0.052632,0.052632,0,0,0,0,0,0,0.052632,0.052632,0,0,0,0,0,0,0,0,0,0,0,0,0.052632,0,0,0.052632,0.052632,0.052632,0,0.052632,0,0,0,0,0,0,0,0,0,0,0,0,0,0,0,0.052632,0,0.052632,0,0.052632,0,0.052632,0,0,0.052632,0.052632,0.052632
0,0,0,0,0,0,0,0,0,0.066667,0,0,0,0,0,0.13333,0,0,0,0,0,0,0.066667,0,0,0,0,0,0,0,0,0,0,0,0,0.066667,0,0,0,0.066667,0,0,0,0,0,0,0,0,0,0,0,0,0.066667,0.066667,0,0,0.066667,0,0,0,0.2,0,0,0.2
0,0.071429,0,0.071429,0,0.071429,0,0.071429,0,0,0,0,0.071429,0,0,0,0,0,0,0,0,0,0,0,0,0,0,0,0,0,0,0,0,0,0,0,0,0,0,0,0,0,0,0,0,0,0,0.071429,0,0,0.071429,0.071429,0,0,0.071429,0,0,0,0,0.14286,0.071429,0.071429,0.071429,0
0.13333,0,0,0,0,0,0,0,0,0,0,0,0.13333,0.066667,0,0,0,0,0,0.066667,0.066667,0,0,0,0.066667,0,0,0,0,0,0,0.066667,0.066667,0,0,0,0,0,0,0,0,0,0,0,0,0,0,0,0.066667,0,0,0.066667,0.066667,0,0,0,0,0,0,0,0,0,0,0.13333
0,0,0,0,0,0,0,0,0,0,0,0.034483,0,0,0,0,0,0,0,0,0,0,0.034483,0,0,0.034483,0,0.068966,0,0,0.034483,0,0,0,0.034483,0,0,0.068966,0.068966,0,0,0,0,0,0,0.034483,0.17241,0,0.034483,0.034483,0,0,0.034483,0,0.10345,0,0.034483,0.10345,0,0.068966,0,0,0,0
0.039216,0,0,0.019608,0,0,0,0,0,0,0.019608,0,0,0.039216,0.019608,0.039216,0.11765,0.019608,0.078431,0.058824,0.039216,0,0.019608,0,0,0.078431,0.019608,0.019608,0.019608,0.019608,0,0,0,0,0,0.019608,0.039216,0,0.039216,0.019608,0,0,0,0,0,0.019608,0,0,0,0,0,0,0,0,0.039216,0,0.039216,0,0,0.019608,0.019608,0,0.058824,0.019608
0.12,0.04,0,0.04,0.12,0,0.04,0,0.04,0,0,0,0.04,0,0,0,0.04,0,0.04,0,0,0,0,0,0,0,0,0,0,0,0,0,0,0,0,0,0.24,0,0,0,0,0,0,0,0,0.04,0.04,0,0,0,0,0,0,0,0,0,0.04,0,0,0.04,0.08,0,0,0
0.014493,0.014493,0.014493,0.014493,0,0.028986,0,0,0,0.057971,0,0.014493,0.057971,0,0,0.014493,0.014493,0,0.028986,0.028986,0,0.028986,0,0,0,0.014493,0,0.057971,0.028986,0,0.014493,0.014493,0.014493,0,0.014493,0.014493,0.014493,0,0.043478,0.028986,0,0.028986,0,0,0.014493,0,0.028986,0.028986,0.014493,0,0,0.014493,0,0.043478,0.043478,0,0.043478,0.014493,0,0.028986,0,0.043478,0.014493,0.043478
0,0,0,0,0,0,0,0.047619,0,0,0.047619,0,0,0.095238,0,0,0,0,0.047619,0.047619,0,0,0,0,0.047619,0,0.095238,0.095238,0,0,0,0,0,0,0,0.095238,0,0.047619,0,0.047619,0.047619,0.047619,0,0,0,0,0,0,0,0,0.047619,0,0.047619,0.047619,0,0,0,0,0,0,0,0.047619,0,0
0,0,0,0,0,0,0,0,0,0,0,0,0.18182,0,0,0.090909,0,0,0,0,0,0,0,0,0,0,0,0.090909,0,0,0,0,0,0,0.090909,0,0,0,0,0,0,0,0,0,0,0.090909,0,0,0.090909,0,0,0,0,0,0,0,0,0.090909,0,0.18182,0,0,0,0.090909
0,0,0,0,0,0,0,0,0,0.076923,0,0,0,0,0.076923,0,0.15385,0,0,0,0,0,0,0,0.15385,0,0.076923,0,0,0.076923,0,0,0.076923,0,0,0,0.076923,0,0,0,0,0,0,0,0,0.076923,0,0,0,0,0,0,0,0,0,0,0,0,0,0.076923,0,0,0,0.076923
0.055556,0,0,0,0.027778,0,0,0.055556,0,0,0,0.027778,0.027778,0,0,0,0.027778,0.027778,0.027778,0,0.083333,0,0,0.055556,0,0,0.083333,0,0,0,0,0,0.055556,0,0,0,0.055556,0,0,0,0.055556,0,0.027778,0,0.027778,0,0,0.027778,0.027778,0,0,0,0,0,0.027778,0.027778,0.027778,0,0,0,0,0.055556,0.027778,0.055556
0,0.043478,0,0,0.086957,0,0.043478,0,0,0.043478,0.043478,0,0,0.043478,0,0,0,0,0.043478,0,0.043478,0.086957,0.043478,0,0,0,0.043478,0,0.043478,0.043478,0,0,0,0,0,0,0,0.043478,0.043478,0,0,0,0,0,0,0,0,0,0,0.043478,0,0,0.043478,0.043478,0,0,0.086957,0,0,0,0,0,0,0.043478
0,0,0,0,0,0.041667,0.083333,0,0,0,0,0.041667,0,0,0,0.041667,0,0,0,0.041667,0,0,0,0,0,0.083333,0,0,0,0,0,0.041667,0.041667,0.041667,0,0,0.125,0,0.041667,0,0,0,0,0.083333,0.083333,0,0.041667,0,0.041667,0.041667,0,0,0,0,0.041667,0,0.041667,0,0,0,0,0,0,0
0.13333,0,0.066667,0,0,0,0,0,0.066667,0,0,0,0.066667,0,0,0,0.066667,0,0,0,0,0,0,0.066667,0,0,0,0.066667,0,0,0,0,0.066667,0,0,0,0,0,0,0,0,0,0,0,0,0.066667,0,0,0.13333,0,0,0,0,0,0,0.066667,0.066667,0.066667,0,0,0,0,0,0
0,0,0,0.04,0.04,0,0,0.04,0.04,0,0,0,0,0,0,0.08,0.04,0,0,0.04,0,0,0,0,0,0,0,0,0,0,0,0,0.04,0,0,0,0.12,0.04,0,0.04,0,0,0,0.04,0,0,0.04,0.04,0.08,0,0,0.04,0,0,0,0,0,0.08,0,0,0.08,0,0.04,0
0,0,0,0,0.041667,0.083333,0.041667,0,0.041667,0.041667,0,0,0,0,0,0,0,0.041667,0.041667,0,0.083333,0,0,0,0,0.041667,0.041667,0,0,0,0,0.041667,0,0,0.041667,0,0.041667,0.041667,0,0,0,0.041667,0,0,0,0,0,0.041667,0,0,0,0,0,0,0,0,0,0.083333,0.083333,0,0,0.041667,0,0.041667
0.055556,0,0,0.055556,0,0,0,0,0,0,0,0.027778,0.027778,0.055556,0,0.027778,0.027778,0,0,0.027778,0,0,0.027778,0,0.027778,0,0,0,0.027778,0,0.083333,0,0,0.027778,0,0,0,0.027778,0.055556,0.027778,0,0.055556,0,0,0,0.027778,0,0,0.027778,0,0.027778,0,0.027778,0,0,0,0.027778,0,0.027778,0.027778,0,0.027778,0.055556,0.055556
0,0,0,0,0,0.14286,0,0,0,0.071429,0,0,0,0.071429,0,0,0,0,0.071429,0,0.071429,0,0,0.071429,0,0,0,0.071429,0,0,0,0,0,0.14286,0,0,0.14286,0,0,0,0,0.071429,0,0,0,0,0,0,0,0,0,0,0.071429,0,0,0,0,0,0,0,0,0,0,0
0,0,0,0,0,0,0.055556,0,0,0,0,0,0,0,0.055556,0,0.055556,0,0,0.055556,0.055556,0.11111,0.055556,0,0,0,0,0,0,0.055556,0.055556,0,0,0.055556,0,0,0,0,0,0.11111,0,0.055556,0,0,0,0,0,0,0,0,0,0,0,0.055556,0,0.055556,0,0.11111,0,0,0,0,0,0
0.051724,0.034483,0.086207,0.017241,0,0.017241,0.017241,0,0.017241,0.051724,0.034483,0,0,0.017241,0.034483,0,0,0,0.034483,0.017241,0.034483,0,0.034483,0,0.034483,0,0,0,0,0,0.017241,0.017241,0.017241,0,0.034483,0.017241,0,0.017241,0.017241,0,0,0.017241,0,0,0.017241,0.051724,0.034483,0,0.068966,0,0,0,0,0,0,0,0.017241,0.034483,0,0.034483,0,0.034483,0.017241,0
0.083333,0,0,0,0,0.083333,0,0,0.083333,0,0,0,0,0,0,0,0,0,0,0.083333,0,0,0,0,0,0,0,0,0,0.083333,0,0,0,0,0,0,0,0,0.083333,0,0,0,0,0,0,0.083333,0,0.083333,0.083333,0,0,0,0,0,0,0,0,0,0,0,0,0.16667,0,0.083333
0,0,0.058824,0.11765,0,0,0,0,0,0,0,0.058824,0,0,0,0,0,0,0,0,0,0,0,0,0,0,0.058824,0,0.23529,0,0,0.058824,0,0.058824,0,0,0,0.11765,0,0,0,0.058824,0,0,0,0,0,0,0.058824,0.058824,0,0,0,0,0,0,0,0,0,0,0.058824,0,0,0
0.015385,0.015385,0,0.015385,0.030769,0.046154,0,0,0.015385,0,0.015385,0.015385,0.015385,0.030769,0.015385,0.030769,0,0.015385,0.015385,0.015385,0,0.015385,0.030769,0,0.015385,0,0,0,0,0.015385,0.015385,0.030769,0,0.030769,0,0,0.030769,0,0,0.015385,0,0.015385,0,0.015385,0.076923,0,0,0.046154,0.030769,0.015385,0,0,0.015385,0,0,0.030769,0.046154,0.030769,0.015385,0,0.046154,0.046154,0,0.061538
0,0,0,0,0,0,0,0,0.055556,0,0,0,0,0,0,0,0,0,0,0,0,0,0,0,0,0,0,0,0.055556,0.11111,0,0.055556,0,0,0,0,0,0.055556,0,0,0,0,0,0.11111,0,0,0,0,0,0,0.055556,0,0.055556,0,0.055556,0.055556,0,0.055556,0,0,0,0.055556,0.11111,0.11111
0.030303,0.090909,0,0,0.030303,0,0.030303,0.030303,0.030303,0.12121,0,0,0.030303,0,0,0,0.060606,0,0,0,0.030303,0.030303,0,0,0.060606,0.030303,0,0,0,0,0.030303,0,0.060606,0,0,0,0,0,0,0,0,0,0,0.030303,0,0,0.030303,0,0,0,0,0.030303,0,0,0.030303,0.030303,0.030303,0.030303,0,0,0.030303,0.030303,0,0.030303
0.16667,0,0,0.083333,0,0,0,0,0,0,0.083333,0,0,0,0,0.083333,0,0,0,0,0,0,0,0,0.16667,0,0,0,0,0,0,0,0.16667,0,0,0,0,0,0,0.083333,0,0,0,0,0,0,0,0,0,0,0,0,0,0,0,0,0,0.083333,0,0,0.083333,0,0,0
0.020833,0.020833,0,0,0.020833,0.020833,0.020833,0.020833,0,0.041667,0,0,0,0,0.020833,0.041667,0.041667,0,0,0,0,0,0,0,0,0.020833,0,0.020833,0.020833,0,0,0,0.020833,0,0.020833,0,0,0.020833,0.020833,0.0625,0.020833,0,0.020833,0,0,0.020833,0.041667,0.0625,0.020833,0,0,0.020833,0.020833,0,0,0.10417,0.020833,0,0,0,0.041667,0.020833,0.041667,0.0625
0.1,0,0.1,0,0,0,0,0,0.1,0,0,0,0,0.1,0,0.1,0,0,0,0,0,0,0,0,0,0,0,0,0.2,0,0,0,0,0,0,0,0,0,0,0,0,0,0,0,0,0,0,0,0,0,0,0,0,0,0,0,0,0,0,0,0,0.1,0.2,0
0,0,0,0.055556,0,0,0,0.055556,0,0,0,0,0,0,0,0.11111,0,0,0.055556,0,0.055556,0,0,0,0.055556,0,0,0.055556,0.055556,0,0,0.055556,0,0,0,0,0.055556,0,0,0,0.055556,0,0,0,0,0,0,0,0,0.055556,0,0,0,0.055556,0,0,0,0,0,0,0.11111,0,0,0.11111
0.0375,0.0125,0.0125,0.0125,0.0375,0,0.0125,0,0.0625,0.025,0.025,0.025,0,0.0125,0.0125,0.025,0,0.0125,0,0.025,0.025,0,0,0,0,0,0,0.025,0,0,0.0125,0,0.0375,0,0.0375,0.0125,0,0,0.0125,0.025,0,0,0,0,0.0125,0,0.0625,0,0.05,0.025,0,0.05,0.0375,0.0125,0,0,0.0125,0.025,0.025,0,0.05,0,0.0375,0.0625
0.11538,0.038462,0.038462,0.038462,0,0,0.038462,0,0.076923,0.076923,0,0,0.038462,0,0,0,0.076923,0,0.038462,0,0.038462,0,0,0.038462,0,0,0,0,0.076923,0,0,0,0,0,0,0,0.038462,0,0,0,0,0,0,0.038462,0,0,0,0,0,0,0,0.038462,0.038462,0,0,0,0,0,0.038462,0,0.038462,0,0,0.038462
0.043478,0,0.043478,0.043478,0.043478,0,0,0,0.043478,0,0,0,0,0,0.043478,0,0,0,0,0.043478,0,0,0,0,0,0,0,0,0,0,0,0.043478,0,0,0.043478,0,0.043478,0,0,0.043478,0,0,0,0,0.043478,0,0,0.086957,0.043478,0.043478,0,0.043478,0,0,0.043478,0,0,0,0,0.086957,0,0.043478,0,0.086957
0.05,0,0,0,0,0,0,0,0,0,0,0.05,0,0,0,0.05,0.1,0.05,0,0,0,0,0,0.05,0,0,0,0,0,0,0,0,0,0.05,0,0,0,0.05,0,0,0,0,0,0.05,0.05,0,0,0,0.1,0,0.05,0,0,0,0,0,0,0,0,0.05,0,0,0.15,0.1
0,0,0,0.05,0.05,0,0,0.05,0,0,0,0,0.1,0,0,0.05,0,0,0,0,0,0,0,0,0,0,0,0,0,0,0,0.05,0,0,0,0,0,0,0,0,0.05,0,0,0,0,0,0.05,0.05,0.1,0.05,0,0,0.05,0,0,0.05,0,0,0,0.05,0.05,0,0.05,0.1
0.022727,0.045455,0.045455,0,0,0.022727,0.045455,0,0.022727,0.022727,0.022727,0,0,0,0,0,0.045455,0.022727,0.022727,0,0.022727,0.022727,0.045455,0,0.022727,0,0.022727,0.022727,0,0.022727,0.022727,0,0.045455,0.022727,0.045455,0,0.045455,0,0.022727,0.045455,0.045455,0,0,0.022727,0,0,0,0,0.022727,0,0.045455,0,0,0,0,0,0.045455,0.022727,0,0,0,0,0.022727,0
0,0,0,0.076923,0,0,0.076923,0,0,0,0.076923,0.076923,0.076923,0.076923,0,0.076923,0,0.076923,0,0,0,0,0,0,0,0,0,0,0,0,0,0.15385,0,0,0,0,0,0,0,0,0,0,0,0,0,0,0,0,0,0,0,0.076923,0,0,0,0,0.076923,0,0,0,0,0,0,0.076923
0.027778,0,0.055556,0.083333,0.027778,0,0,0,0,0,0,0,0.055556,0,0,0,0.055556,0,0.027778,0.027778,0,0,0,0,0,0.027778,0,0,0,0.055556,0,0,0.083333,0,0.055556,0,0,0,0.083333,0.027778,0.027778,0,0,0,0,0,0.027778,0,0.027778,0,0.027778,0,0,0.055556,0.027778,0,0,0,0,0.027778,0,0,0.027778,0.055556
0.05,0.05,0,0.1,0,0,0,0.05,0,0,0,0,0,0,0,0,0,0,0.05,0,0,0,0,0,0.1,0,0,0,0,0.05,0,0,0,0,0.05,0,0,0,0,0,0,0,0,0,0,0.05,0,0.05,0.05,0,0,0.05,0.05,0,0,0,0,0,0,0.1,0,0,0.1,0.05
0.045455,0,0.045455,0,0,0.045455,0,0,0,0,0,0.045455,0,0,0,0.090909,0.045455,0.045455,0,0,0,0,0,0,0,0,0,0,0,0,0,0.045455,0,0,0,0.045455,0.090909,0,0,0,0.045455,0,0,0,0,0,0.045455,0.045455,0,0,0,0,0,0,0.045455,0,0.045455,0.045455,0,0,0,0.090909,0.045455,0.045455
0,0,0,0,0,0,0,0.0625,0,0,0,0,0,0,0,0,0,0,0,0,0,0,0,0.0625,0,0.0625,0,0.0625,0,0.0625,0,0,0,0,0,0,0,0,0.125,0,0,0,0,0,0,0,0.125,0,0.0625,0,0,0,0,0,0.0625,0,0,0,0,0.1875,0,0.0625,0.0625,0
0.076923,0,0.038462,0.038462,0,0,0,0,0.038462,0,0,0,0.038462,0,0,0.038462,0.038462,0.076923,0,0,0,0,0,0,0,0,0,0,0,0.038462,0.038462,0,0,0,0,0,0.038462,0.038462,0.076923,0,0,0,0,0,0.038462,0,0,0,0,0,0.11538,0,0.038462,0,0,0.038462,0.038462,0,0,0,0,0,0.038462,0.076923
0,0,0,0.058824,0,0,0,0,0,0,0.058824,0,0,0,0,0.058824,0,0,0,0,0,0,0,0,0.058824,0,0,0,0,0,0,0.11765,0.058824,0,0,0,0,0,0.058824,0,0.058824,0,0,0,0.058824,0,0,0.058824,0,0,0,0,0.058824,0.058824,0.17647,0,0,0,0,0,0,0,0.058824,0
0,0,0,0,0,0,0,0,0,0,0,0,0,0,0,0.090909,0,0,0,0,0,0,0,0,0,0.090909,0,0.18182,0,0,0.090909,0,0,0.090909,0,0,0.090909,0,0,0,0,0,0.090909,0,0,0.090909,0,0,0,0,0,0,0,0,0,0.090909,0,0.090909,0,0,0,0,0,0
0.13333,0,0,0,0,0,0,0,0,0,0,0,0,0,0,0.066667,0,0,0,0,0.066667,0,0,0,0,0,0,0,0,0,0,0.066667,0,0,0,0,0,0,0,0,0,0,0,0.066667,0,0,0.066667,0,0,0.066667,0.066667,0,0.066667,0,0,0,0,0,0.066667,0.066667,0,0.066667,0,0.13333
0.047619,0,0,0.047619,0.047619,0,0,0,0,0,0,0,0,0.095238,0,0.047619,0,0,0,0,0,0,0,0,0,0.047619,0,0.047619,0,0,0,0.095238,0,0,0,0,0.047619,0,0,0,0,0,0,0,0.047619,0.047619,0,0.047619,0,0,0,0.047619,0,0,0.095238,0,0.095238,0,0,0,0.047619,0.047619,0,0
0.04,0,0.04,0.04,0.04,0.04,0,0,0.04,0.04,0.04,0,0.04,0,0,0,0.08,0,0.08,0,0.04,0,0,0,0,0.04,0,0,0,0.04,0,0,0.04,0,0,0,0,0,0.04,0,0,0,0,0.04,0,0,0,0,0.04,0,0,0,0,0.04,0.04,0,0,0,0,0.04,0.04,0.04,0,0
0.066667,0,0,0.066667,0,0,0,0,0.066667,0,0.066667,0,0,0,0,0.066667,0.2,0.13333,0,0,0,0,0,0,0,0,0,0,0.066667,0,0,0,0,0,0,0,0,0,0,0.066667,0,0,0,0,0,0,0,0,0.066667,0,0.066667,0,0.066667,0,0,0,0,0,0,0,0,0,0,0
0.017544,0,0.017544,0,0.017544,0,0.017544,0,0.017544,0.052632,0,0.017544,0,0.017544,0,0.017544,0.035088,0.052632,0.035088,0.017544,0.035088,0,0,0.017544,0.017544,0,0.017544,0,0.017544,0.017544,0.035088,0.017544,0.035088,0,0.017544,0.052632,0,0,0,0,0,0,0,0,0.017544,0,0,0,0.017544,0.017544,0.017544,0,0,0,0.052632,0.035088,0.017544,0.017544,0.017544,0.017544,0.035088,0.052632,0.035088,0.035088
0.11111,0.11111,0,0,0,0,0.055556,0,0,0,0,0.055556,0.055556,0,0,0,0.055556,0,0,0,0,0,0,0,0.055556,0,0,0,0,0,0,0,0,0,0.055556,0,0,0,0.11111,0,0,0,0.055556,0,0,0,0,0,0,0,0,0,0.055556,0,0,0,0.055556,0.055556,0.11111,0,0,0,0,0
0.05,0.1,0.05,0.05,0.05,0,0.05,0,0,0,0,0,0.05,0,0.05,0,0.1,0.05,0,0,0,0,0,0,0,0,0.05,0,0,0,0,0,0.05,0,0.05,0,0.05,0.05,0,0,0.05,0,0,0,0,0,0,0,0,0,0,0,0,0,0,0,0,0.05,0,0,0,0.05,0,0
0.13333,0.066667,0.066667,0,0,0,0.066667,0,0,0.066667,0,0,0,0,0,0.066667,0.13333,0,0,0,0,0,0,0.066667,0,0.066667,0,0,0,0,0,0,0,0,0.066667,0,0,0,0,0,0,0,0.066667,0,0.066667,0,0,0,0.066667,0,0,0,0,0,0,0,0,0,0,0,0,0,0,0
0,0.083333,0,0,0,0,0,0,0,0,0,0,0,0,0,0,0,0,0,0,0,0.083333,0,0,0.083333,0,0,0,0,0,0,0,0,0,0,0,0.16667,0.16667,0.083333,0,0,0,0.083333,0,0,0,0,0,0,0,0,0,0,0,0,0,0,0,0.083333,0.083333,0.083333,0,0,0
0,0,0,0.125,0,0,0.125,0,0,0,0,0,0,0,0,0.125,0.125,0,0,0,0.125,0,0,0,0,0,0,0,0,0,0,0,0,0,0,0,0,0,0,0.125,0,0,0,0,0,0,0,0,0,0.125,0,0,0,0,0.125,0,0,0,0,0,0,0,0,0
0.1,0,0,0,0.033333,0,0,0,0.033333,0.033333,0.033333,0.033333,0.033333,0.066667,0,0.033333,0,0,0,0.033333,0.033333,0,0.033333,0,0,0.033333,0.066667,0,0,0.033333,0,0,0,0,0,0.033333,0,0,0.033333,0,0,0.033333,0,0.033333,0,0.033333,0.033333,0,0.033333,0.033333,0,0,0.033333,0,0.033333,0,0,0,0,0,0,0.033333,0,0
0,0,0,0,0,0,0,0,0,0.071429,0,0.071429,0,0,0,0,0,0,0,0.071429,0,0.071429,0,0,0.071429,0,0,0,0.071429,0,0,0,0,0,0.071429,0,0,0,0,0,0.071429,0.071429,0,0.071429,0,0,0.071429,0,0,0,0,0,0.071429,0,0,0,0,0.071429,0,0,0,0,0,0.071429
0,0.066667,0,0,0,0,0,0,0,0,0,0,0,0.066667,0.066667,0.066667,0,0,0,0,0.066667,0,0,0,0,0,0,0,0,0,0,0.13333,0,0,0,0,0,0,0,0,0.066667,0,0,0.066667,0.066667,0,0,0,0,0.066667,0,0,0,0,0,0,0,0,0,0,0,0,0.2,0.066667
0,0.041667,0,0.083333,0,0,0,0,0,0,0,0.041667,0.041667,0.041667,0.16667,0,0,0,0.041667,0,0,0,0,0,0,0,0.041667,0,0,0,0,0,0.041667,0,0,0.041667,0.083333,0,0.041667,0.041667,0,0,0,0,0,0,0.041667,0,0,0,0,0,0,0.041667,0,0,0.083333,0,0.041667,0,0,0.041667,0,0
0.33333,0.066667,0,0,0,0.066667,0,0,0,0,0,0,0,0.066667,0,0,0.066667,0.066667,0,0,0.066667,0.066667,0,0,0,0,0,0,0,0,0.066667,0,0,0.066667,0,0,0,0,0,0,0,0,0,0,0,0,0,0.066667,0,0,0,0,0,0,0,0,0,0,0,0,0,0,0,0
0.090909,0,0.090909,0.090909,0,0,0,0,0,0,0,0,0,0,0,0.090909,0,0,0.090909,0,0,0,0,0,0,0.090909,0,0,0,0,0,0,0,0,0,0,0,0,0,0,0,0,0,0,0,0,0,0,0,0.18182,0,0.090909,0.090909,0,0,0,0,0,0,0,0.090909,0,0,0
0,0,0,0.05,0,0.05,0.05,0.05,0.05,0,0.05,0,0,0.05,0,0,0,0,0.05,0,0.1,0.05,0,0,0.05,0.05,0.05,0,0,0,0,0,0,0,0,0,0,0,0,0,0,0,0,0,0.1,0,0,0.05,0,0,0,0,0.05,0,0.05,0,0,0,0.05,0,0,0,0,0
0.068182,0,0.045455,0.068182,0.045455,0,0,0,0,0.068182,0,0.045455,0.045455,0,0.022727,0.022727,0.022727,0.022727,0,0.045455,0.045455,0.022727,0.11364,0,0.045455,0.022727,0.022727,0,0,0,0.022727,0,0,0,0,0,0,0,0.022727,0,0,0.045455,0,0,0,0,0.045455,0,0,0,0,0,0,0.022727,0,0,0.045455,0,0,0,0,0,0,0
0.0625,0,0,0,0.0625,0,0.0625,0,0,0,0,0,0.0625,0.0625,0,0,0,0,0.0625,0,0.0625,0,0,0,0,0,0,0,0,0,0,0.0625,0,0,0.0625,0,0.0625,0,0,0,0,0,0,0.0625,0,0,0,0,0,0.0625,0.0625,0.125,0,0,0,0.0625,0,0,0,0,0,0,0,0
0.076923,0.076923,0,0,0,0,0.076923,0.15385,0,0,0,0.076923,0,0,0,0,0,0,0,0,0,0,0,0,0,0,0,0,0,0,0.076923,0,0.076923,0,0,0.076923,0,0,0,0,0,0,0,0,0,0,0,0,0,0,0,0,0,0,0,0,0.15385,0,0,0,0,0,0.076923,0.076923
0.090909,0,0,0,0,0,0,0.090909,0,0,0,0,0,0,0,0.090909,0,0,0.090909,0,0,0,0.090909,0,0.090909,0,0,0,0,0,0,0,0,0,0,0,0,0,0.090909,0,0,0,0,0,0,0,0,0,0,0,0,0,0,0,0,0,0,0.090909,0,0.090909,0,0.090909,0,0.090909
0,0,0,0,0,0,0,0.025,0,0,0,0,0,0.025,0,0,0,0.025,0.05,0.075,0.075,0,0.025,0.025,0,0.025,0.025,0,0,0,0.05,0.025,0.025,0,0,0,0.075,0.025,0.025,0,0.125,0.025,0,0.05,0,0,0.025,0.05,0,0,0,0,0,0.025,0.025,0,0.05,0.025,0,0,0,0,0,0
0.10256,0.025641,0.051282,0,0.076923,0,0.025641,0,0.025641,0.025641,0,0,0.025641,0,0,0.051282,0.051282,0,0.025641,0,0,0,0,0,0.051282,0,0.025641,0,0,0,0,0.025641,0.051282,0.025641,0,0,0,0,0,0,0,0,0,0.025641,0.025641,0,0.051282,0.051282,0,0,0.025641,0,0.025641,0,0,0.025641,0,0,0,0,0.025641,0,0.025641,0.051282
0.17391,0.043478,0,0,0.043478,0,0,0.043478,0.043478,0,0,0,0.086957,0.043478,0,0,0,0.086957,0.043478,0,0,0,0,0,0,0,0,0,0,0,0.043478,0,0.086957,0,0,0,0.043478,0,0,0,0,0,0,0,0,0,0.043478,0.043478,0.086957,0,0,0,0.043478,0,0,0,0,0,0,0,0,0,0,0
0.092105,0.013158,0.013158,0,0.013158,0.013158,0.026316,0.039474,0.013158,0.013158,0,0.026316,0.013158,0,0.026316,0,0.013158,0.052632,0.013158,0,0.013158,0.013158,0,0.013158,0.013158,0.013158,0.026316,0.013158,0.013158,0.039474,0.013158,0,0.039474,0.026316,0.026316,0,0.013158,0.013158,0,0.013158,0.026316,0.026316,0,0.013158,0,0,0.039474,0,0.039474,0,0,0,0.039474,0.026316,0,0,0,0.026316,0.026316,0.026316,0,0,0.013158,0.013158
0,0,0,0,0,0,0,0,0,0,0,0,0.04,0.04,0,0,0.04,0,0,0,0,0.04,0,0,0.04,0,0,0,0,0,0.04,0.04,0,0,0,0,0,0,0.04,0,0,0,0,0,0,0,0,0.04,0,0,0.04,0.12,0.04,0,0.04,0.04,0.04,0.08,0.04,0,0,0,0.04,0.16
0.095238,0.095238,0,0.14286,0,0,0,0,0.047619,0,0,0,0.047619,0.047619,0,0.047619,0.047619,0,0.047619,0,0.047619,0.047619,0.047619,0,0,0,0,0,0,0,0,0,0.047619,0,0,0,0,0,0,0,0,0,0,0,0,0,0,0,0.047619,0.047619,0,0,0,0,0,0,0.047619,0.047619,0,0,0,0,0,0
0.14286,0.095238,0.02381,0,0,0,0,0,0.047619,0.02381,0.047619,0,0.047619,0.047619,0,0.047619,0.047619,0.02381,0.02381,0.02381,0.02381,0,0,0,0,0.02381,0,0,0,0,0,0,0.02381,0,0,0,0.047619,0,0.047619,0,0,0,0,0,0,0,0.02381,0.02381,0.02381,0.047619,0.02381,0,0,0,0,0.047619,0,0,0,0,0,0,0,0
0.034483,0.068966,0.034483,0,0.034483,0,0,0,0.034483,0,0,0,0.034483,0.034483,0,0,0.034483,0,0.034483,0,0,0,0,0,0,0,0.034483,0,0,0,0.034483,0,0.068966,0,0,0.068966,0.034483,0.034483,0,0,0,0.068966,0,0,0.034483,0,0,0,0.068966,0,0,0,0.034483,0.034483,0,0,0,0.034483,0.034483,0,0,0.068966,0,0
0.058824,0,0,0.058824,0,0,0,0,0,0,0,0,0,0.11765,0,0.058824,0.11765,0,0,0,0,0,0,0,0,0,0,0,0,0,0,0.058824,0,0,0.058824,0,0,0,0,0,0,0,0,0.058824,0,0,0,0.058824,0,0,0,0,0.058824,0,0,0.058824,0,0,0,0,0.11765,0,0,0.11765
0,0.076923,0.076923,0,0.076923,0.076923,0,0,0,0.15385,0,0.076923,0,0,0,0,0,0,0,0,0,0,0.076923,0,0,0,0,0,0,0,0,0,0,0,0,0,0,0,0.076923,0,0,0,0,0,0,0,0,0,0.076923,0,0,0.076923,0.076923,0,0,0,0,0,0,0,0.076923,0,0,0
0,0,0,0,0,0,0,0,0.058824,0,0,0,0.058824,0,0,0,0.17647,0,0,0,0.11765,0,0,0,0.058824,0,0.058824,0,0,0.058824,0,0.058824,0,0,0,0,0.058824,0,0,0,0,0,0,0,0,0,0,0,0,0,0,0,0.058824,0,0,0,0.058824,0,0,0,0,0,0.17647,0
0,0,0.058824,0,0,0,0,0,0,0.058824,0,0,0,0,0,0,0,0,0,0,0,0,0,0,0.058824,0,0,0,0,0.058824,0,0.058824,0,0,0,0.058824,0,0,0,0.11765,0,0,0,0,0,0,0,0,0.058824,0,0,0,0,0.058824,0.17647,0.058824,0,0.058824,0.058824,0,0,0,0,0.058824
0,0,0.076923,0,0,0,0,0,0,0.076923,0,0,0,0,0,0,0,0,0,0,0,0,0.076923,0.076923,0,0,0.076923,0,0,0,0,0,0.076923,0,0,0,0.076923,0,0,0,0.076923,0,0,0,0,0,0.076923,0.076923,0,0,0,0,0,0,0.076923,0,0.076923,0,0.076923,0,0,0,0,0
0,0,0,0,0,0,0.090909,0,0,0,0,0,0,0,0,0,0,0.090909,0,0,0,0,0,0,0,0.090909,0.090909,0.090909,0,0,0,0,0,0,0,0,0,0,0,0,0,0.090909,0,0,0,0,0.090909,0,0.090909,0,0,0,0,0,0.090909,0,0.090909,0,0,0,0,0,0,0.090909
0.078431,0.019608,0,0,0.019608,0,0.039216,0.019608,0,0.17647,0,0,0.019608,0.13725,0.039216,0,0,0,0,0,0.019608,0,0,0,0,0,0.019608,0.019608,0,0.019608,0.019608,0,0.039216,0.019608,0,0,0,0.039216,0.019608,0,0.019608,0.019608,0,0,0.019608,0,0,0,0.019608,0.019608,0.019608,0.019608,0.019608,0,0,0,0.039216,0,0.019608,0,0.019608,0,0,0
0.076923,0,0,0,0,0,0.038462,0,0.038462,0.038462,0,0,0.038462,0.076923,0,0,0.038462,0,0.11538,0,0.038462,0.038462,0,0,0,0.076923,0,0,0,0,0,0,0,0,0,0,0.038462,0.038462,0.038462,0,0.038462,0,0.038462,0,0,0,0,0.038462,0.038462,0,0.038462,0,0,0,0,0,0,0.038462,0,0,0,0,0.038462,0
0.0625,0,0.0625,0,0.0625,0,0,0,0,0,0,0,0,0,0,0,0.0625,0.0625,0.0625,0,0.0625,0,0,0,0,0,0,0,0,0,0.0625,0,0,0.0625,0,0,0,0.125,0,0,0,0,0,0,0,0.125,0.0625,0,0,0,0,0,0.0625,0,0,0,0,0,0,0.0625,0,0,0,0
0,0.066667,0.066667,0,0.066667,0.066667,0,0,0,0,0,0,0.066667,0,0,0,0,0,0,0,0.13333,0,0,0,0,0,0,0,0,0,0.066667,0,0.066667,0,0.066667,0,0,0,0,0,0,0,0,0,0,0,0.13333,0,0.066667,0,0.066667,0,0,0,0,0,0,0.066667,0,0,0,0,0,0
0.083333,0,0,0,0,0,0,0,0,0,0,0.083333,0,0.083333,0,0.083333,0,0,0,0,0,0,0.083333,0,0,0,0,0,0,0,0.083333,0,0,0,0,0,0,0,0,0.083333,0.083333,0,0,0,0,0,0.083333,0,0,0,0,0.083333,0,0,0,0,0,0,0,0,0,0,0.16667,0
0,0,0,0,0,0,0,0.058824,0,0,0,0,0,0,0,0,0.058824,0,0,0,0.058824,0,0,0,0,0.058824,0.058824,0,0,0,0.11765,0,0,0,0,0,0,0,0,0,0,0,0,0,0,0,0,0.058824,0,0,0,0,0,0,0,0,0.058824,0.11765,0.11765,0.058824,0.11765,0,0,0.058824
0.10811,0.027027,0,0.027027,0,0,0,0,0,0,0,0.027027,0.027027,0,0.027027,0.027027,0.027027,0,0,0.054054,0,0.027027,0,0.027027,0,0,0,0.027027,0,0.027027,0.054054,0.027027,0,0,0,0,0,0.027027,0,0.027027,0,0,0,0,0.027027,0,0.027027,0.16216,0,0.027027,0,0,0.027027,0,0,0,0,0,0,0.054054,0,0,0.027027,0.054054
0.16,0.04,0.04,0.04,0.04,0,0,0,0,0,0,0,0.04,0.04,0,0,0.08,0.04,0,0,0,0.08,0,0,0,0,0,0,0,0,0,0,0.04,0,0,0,0,0,0,0,0,0.04,0,0,0,0,0.04,0.08,0.04,0,0.04,0,0,0,0,0,0.04,0,0,0,0,0.04,0,0.04
0.071429,0,0,0,0,0,0.071429,0,0,0,0.071429,0,0,0,0,0,0.14286,0.071429,0,0,0.071429,0,0,0.14286,0,0,0,0,0.071429,0,0.071429,0,0,0,0,0,0,0,0,0,0,0,0,0.14286,0,0,0,0,0.071429,0,0,0,0,0,0,0,0,0,0,0,0,0,0,0
0,0.043478,0.043478,0.086957,0,0,0,0,0,0.043478,0.043478,0,0,0,0.043478,0,0,0,0,0,0,0,0,0,0.043478,0,0.043478,0,0,0,0,0.043478,0.043478,0,0,0,0.043478,0,0,0.043478,0,0,0,0,0.086957,0,0.043478,0.043478,0.043478,0,0,0,0,0,0,0.043478,0.043478,0,0,0,0,0,0,0.13043
0,0,0,0,0,0.076923,0,0,0,0,0,0,0,0,0.076923,0,0,0,0,0,0,0,0,0,0,0,0.076923,0.076923,0,0.076923,0,0,0,0,0,0,0,0,0,0,0,0.076923,0,0,0,0,0,0,0,0,0,0,0,0.076923,0.15385,0,0.076923,0,0,0.076923,0,0,0.076923,0.076923
0,0,0,0,0,0.020408,0,0,0,0.040816,0,0,0.020408,0.040816,0.020408,0.061224,0,0.020408,0.020408,0.020408,0,0,0,0.020408,0.040816,0.020408,0.020408,0,0,0.020408,0,0.020408,0,0,0,0.020408,0,0.020408,0,0.020408,0,0,0,0.020408,0.040816,0.020408,0,0.040816,0,0.040816,0,0.020408,0.061224,0.020408,0.020408,0.081633,0.020408,0,0,0.040816,0.020408,0.040816,0.020408,0.020408
0,0,0.023256,0,0,0,0.046512,0,0.046512,0,0,0,0,0,0,0.069767,0,0.023256,0.023256,0.046512,0,0,0.023256,0,0.023256,0,0,0.069767,0,0.023256,0.023256,0.023256,0,0.023256,0,0,0,0,0.023256,0,0,0,0,0.023256,0.046512,0.023256,0,0,0,0,0.069767,0.023256,0,0,0.023256,0,0,0.023256,0.023256,0,0.046512,0.069767,0.093023,0.023256
0.037037,0,0,0,0.037037,0,0,0,0,0.037037,0.037037,0.037037,0,0,0,0.074074,0,0,0,0,0.037037,0,0,0,0,0.037037,0,0,0,0,0,0.074074,0,0,0,0,0,0,0,0,0,0.037037,0,0,0.037037,0.037037,0,0.037037,0.074074,0,0.074074,0.074074,0,0,0,0,0.074074,0.037037,0,0.037037,0.037037,0.037037,0,0
0,0,0,0.076923,0.15385,0,0,0,0,0,0,0,0,0,0,0,0,0,0,0,0,0,0,0,0,0,0,0.076923,0,0,0,0.15385,0.076923,0,0,0,0,0,0,0,0.076923,0,0,0,0.076923,0,0,0,0,0,0,0,0.076923,0,0,0,0,0.076923,0,0,0,0.076923,0,0.076923
0,0,0,0,0.071429,0,0,0,0,0.071429,0,0.071429,0,0,0,0.071429,0,0,0,0,0,0,0,0,0,0.071429,0.071429,0.071429,0,0,0,0,0,0,0,0,0,0,0.071429,0,0,0,0,0,0,0,0.071429,0.071429,0,0,0,0,0,0.071429,0,0,0,0,0.071429,0.071429,0,0,0.071429,0
0.027778,0,0.027778,0.027778,0.027778,0,0.055556,0.027778,0,0.027778,0,0,0,0,0,0.027778,0.055556,0.027778,0.027778,0.027778,0,0.027778,0,0,0.083333,0.055556,0,0,0,0,0,0,0,0,0,0.027778,0,0,0,0,0,0,0,0,0.027778,0.027778,0,0.027778,0,0.027778,0,0,0.027778,0.027778,0,0,0.027778,0.027778,0.027778,0.027778,0.027778,0.055556,0,0.055556
0,0,0,0.090909,0,0,0,0.090909,0,0,0,0,0.090909,0,0,0,0,0,0,0,0,0,0,0,0,0,0,0,0,0,0,0.090909,0,0,0.090909,0,0.090909,0,0,0,0,0.090909,0,0,0.090909,0,0,0.090909,0,0,0,0,0,0,0,0,0,0,0,0.090909,0,0,0,0.090909
0,0.0625,0,0,0.0625,0,0,0,0.0625,0,0,0,0.0625,0,0,0,0.0625,0,0,0.0625,0,0,0,0,0,0,0,0,0,0,0.0625,0,0,0.0625,0,0,0.0625,0,0,0.0625,0,0,0,0,0,0,0,0.0625,0.0625,0,0,0.0625,0,0,0,0,0,0.0625,0,0,0.0625,0,0,0.0625
0,0,0,0,0,0,0,0,0.10526,0,0.052632,0,0.052632,0,0,0,0,0,0,0,0,0,0,0,0.052632,0,0,0.052632,0,0,0.10526,0,0,0,0.052632,0,0,0.052632,0.10526,0,0.052632,0,0,0,0,0,0,0.052632,0,0,0,0,0,0.052632,0.052632,0,0,0.10526,0,0,0,0.052632,0,0
0.1,0,0.2,0,0.1,0,0,0,0,0,0,0,0,0.1,0,0.1,0,0,0,0,0,0,0.1,0,0,0,0.1,0,0,0,0,0,0,0,0,0,0,0,0,0,0,0,0,0,0.1,0,0,0,0,0,0,0,0,0,0,0,0,0,0,0,0.1,0,0,0
0.041667,0.041667,0,0.041667,0,0,0,0,0,0.041667,0,0,0.041667,0,0,0.041667,0.083333,0.041667,0,0.083333,0,0,0,0,0,0.041667,0.041667,0.041667,0,0,0,0,0,0,0,0,0,0,0.041667,0,0.041667,0,0,0,0,0,0,0.041667,0,0,0.041667,0,0,0,0.041667,0,0,0,0,0,0,0.083333,0.041667,0.083333
0,0,0.071429,0,0,0,0.071429,0.071429,0,0.071429,0,0,0,0,0,0,0,0,0,0,0,0,0,0,0,0.14286,0,0,0,0,0,0,0.071429,0,0,0,0,0,0,0,0,0,0,0.071429,0,0,0.071429,0,0.071429,0,0,0,0.071429,0,0.071429,0,0.071429,0,0.071429,0,0,0,0,0
0.076923,0.076923,0,0,0.076923,0,0,0,0,0,0,0,0,0,0,0,0.076923,0,0,0.076923,0,0,0,0,0,0,0,0,0,0.076923,0.076923,0,0,0,0,0.076923,0,0.076923,0,0.076923,0,0,0,0,0,0,0,0,0,0,0,0.076923,0,0,0,0,0,0,0,0,0,0,0,0.15385
0,0,0.052632,0,0.052632,0,0,0.052632,0,0,0.052632,0,0,0,0,0,0,0.15789,0,0,0,0,0,0,0,0.052632,0,0,0,0.052632,0,0.052632,0.052632,0,0,0.052632,0.10526,0.052632,0,0,0,0,0,0,0,0,0,0,0,0,0,0,0,0,0.10526,0,0,0.052632,0,0,0,0,0.052632,0
0.040816,0.020408,0,0.040816,0.14286,0,0.10204,0,0.020408,0.040816,0,0.020408,0.040816,0,0.020408,0,0,0.040816,0.020408,0,0,0,0.020408,0,0.020408,0.020408,0,0.020408,0,0,0,0,0,0,0.040816,0.020408,0.020408,0,0.040816,0,0,0,0,0,0.020408,0,0.020408,0,0.020408,0.020408,0,0,0,0,0.020408,0,0,0.081633,0,0,0.020408,0,0.020408,0.020408
0,0,0.125,0,0.0625,0,0.0625,0,0,0,0,0,0.0625,0.0625,0,0.0625,0,0,0.0625,0,0,0,0,0.0625,0.0625,0.0625,0,0.0625,0,0,0,0,0,0,0,0,0.0625,0.125,0,0,0,0,0,0,0,0.0625,0,0,0,0,0,0,0,0,0,0,0,0,0,0,0,0,0,0
0,0.0625,0.0625,0,0,0,0,0,0,0.0625,0,0,0,0,0,0,0.0625,0,0,0,0,0,0.0625,0,0,0,0.0625,0.0625,0,0,0,0.0625,0.0625,0,0,0,0,0,0.0625,0,0,0,0,0,0,0,0.0625,0,0,0,0,0,0,0,0.0625,0,0.0625,0,0,0.125,0,0,0,0.0625
0.041667,0.041667,0,0.020833,0.020833,0.020833,0,0,0.020833,0.020833,0,0.020833,0.020833,0.041667,0,0.020833,0.020833,0,0.041667,0,0.041667,0,0.020833,0,0.0625,0,0.041667,0,0,0,0.020833,0,0.041667,0,0.041667,0,0.041667,0,0.020833,0,0.020833,0,0.020833,0,0,0,0.041667,0.020833,0,0,0.020833,0,0.020833,0,0,0.020833,0.020833,0,0,0.020833,0.020833,0,0.041667,0.041667
0,0,0,0,0,0.071429,0,0,0,0,0,0,0,0,0,0,0,0,0,0.071429,0.071429,0,0,0,0.071429,0.071429,0,0,0,0,0,0,0,0,0,0,0,0,0,0,0.071429,0,0,0,0,0,0,0.071429,0,0,0,0,0,0,0.071429,0,0,0,0.071429,0.14286,0.21429,0,0,0
0,0,0,0,0.0625,0,0,0,0,0,0,0,0,0,0,0,0.0625,0.0625,0,0,0,0,0,0,0.0625,0,0,0,0,0,0.1875,0,0,0.125,0,0,0.0625,0,0,0,0,0.0625,0,0,0,0,0,0,0,0,0,0,0,0,0,0,0.0625,0.0625,0,0.125,0,0,0.0625,0
0.013514,0.013514,0.027027,0.013514,0.027027,0.013514,0.027027,0.013514,0.013514,0.027027,0,0,0,0.027027,0.013514,0.027027,0.013514,0.067568,0,0.013514,0.013514,0,0.040541,0,0.027027,0.013514,0.013514,0,0,0.12162,0,0,0.040541,0.040541,0.013514,0,0.040541,0.013514,0.040541,0,0.067568,0.013514,0,0,0,0,0,0,0,0.013514,0,0,0.013514,0,0.027027,0,0.013514,0.013514,0.027027,0.013514,0.013514,0.013514,0,0
0.076923,0,0,0,0.076923,0,0.076923,0,0,0,0,0,0,0,0.076923,0.076923,0,0,0,0,0,0,0,0,0,0,0,0,0.076923,0,0,0,0.076923,0,0,0,0.076923,0,0,0,0,0,0.076923,0.076923,0,0.076923,0,0,0,0,0.076923,0,0,0,0,0,0,0,0,0,0,0,0.076923,0
0.17742,0.016129,0,0.048387,0.048387,0.032258,0,0.032258,0,0,0,0.016129,0,0,0,0.016129,0.048387,0.032258,0,0.016129,0.016129,0,0,0.016129,0.032258,0,0,0.016129,0.064516,0.016129,0,0.016129,0,0.016129,0,0.016129,0.016129,0.032258,0,0.032258,0,0,0,0,0.016129,0,0,0.016129,0.016129,0,0,0.016129,0.032258,0.064516,0.016129,0.016129,0,0,0,0,0.016129,0,0,0.016129
0,0,0,0.2,0,0,0,0,0,0,0,0.1,0,0.1,0,0,0,0,0,0,0,0,0,0,0,0,0,0,0,0,0,0,0,0,0,0,0,0,0,0,0.1,0,0,0,0.2,0,0,0,0,0.1,0,0,0,0,0,0.1,0,0,0,0,0.1,0,0,0
0,0,0.1,0,0,0,0,0,0.1,0,0,0,0,0,0,0,0.1,0.1,0,0,0,0,0,0,0,0,0,0,0.1,0,0,0,0,0.1,0,0,0,0,0,0,0,0.1,0,0,0,0,0.1,0,0,0,0,0,0.1,0,0,0,0,0,0.1,0,0,0,0,0
0,0,0.076923,0,0,0.076923,0,0,0,0,0,0,0,0,0,0,0,0,0,0.076923,0.076923,0,0,0,0,0,0,0.15385,0,0,0.076923,0,0,0,0,0,0,0,0.076923,0,0,0.076923,0,0,0,0,0.076923,0,0,0,0,0,0,0,0,0,0,0.076923,0,0.15385,0,0,0,0
0,0,0,0.066667,0,0.066667,0.033333,0.033333,0.033333,0.033333,0,0,0.033333,0.033333,0,0.066667,0,0,0.033333,0,0,0,0,0,0,0,0,0.033333,0,0,0.033333,0.033333,0,0.033333,0,0,0,0,0,0,0,0.066667,0,0.033333,0,0,0.033333,0,0.033333,0,0,0.033333,0,0,0.066667,0,0,0.033333,0,0,0.033333,0.033333,0,0.066667
0.037037,0,0,0,0,0,0.074074,0,0.037037,0.037037,0,0,0,0,0,0,0,0.11111,0.11111,0,0,0.037037,0.037037,0.037037,0,0,0,0.037037,0,0.074074,0,0,0,0,0,0,0.074074,0,0,0,0,0,0,0,0,0.037037,0.037037,0,0,0,0,0,0.037037,0,0,0,0,0.074074,0.037037,0,0,0,0.037037,0.037037
0.14286,0.028571,0.028571,0.057143,0.028571,0,0.028571,0.028571,0.028571,0,0,0,0,0.028571,0,0,0.028571,0.085714,0.028571,0.028571,0.057143,0.028571,0,0,0,0,0,0,0,0,0,0,0.028571,0.028571,0,0.028571,0.028571,0.028571,0,0,0,0,0,0,0,0,0.028571,0,0,0,0,0,0,0.028571,0,0,0.028571,0.028571,0,0,0.028571,0.028571,0.028571,0
0.125,0.0625,0,0,0,0,0,0.0625,0,0,0,0,0,0,0,0,0,0.0625,0.0625,0.125,0,0,0,0,0,0.0625,0,0,0,0,0,0,0,0,0,0,0.0625,0,0.0625,0,0,0,0,0,0,0,0,0,0,0,0.0625,0,0,0,0,0.0625,0.0625,0,0,0,0.125,0,0,0
0,0,0,0,0.041667,0.083333,0.041667,0.041667,0.041667,0.041667,0,0,0.041667,0,0.041667,0,0,0,0,0.041667,0.041667,0,0,0,0.041667,0,0,0,0,0,0,0,0,0,0,0,0.125,0,0.041667,0.041667,0,0.041667,0,0,0,0,0,0,0,0,0.041667,0,0,0,0,0,0.041667,0,0,0,0,0.125,0,0.041667
0.030303,0.060606,0.030303,0,0,0,0,0,0,0,0,0,0.030303,0.030303,0,0.030303,0.030303,0.030303,0,0,0.060606,0.060606,0.060606,0,0.030303,0,0,0.030303,0,0.030303,0,0.060606,0,0,0.030303,0.030303,0,0.030303,0,0.030303,0.030303,0,0,0,0,0.030303,0,0,0,0,0.030303,0,0.030303,0,0.030303,0.030303,0,0.030303,0.030303,0,0,0.030303,0,0
0.067568,0.013514,0.040541,0.013514,0.054054,0.013514,0.040541,0.027027,0.027027,0.067568,0.013514,0.027027,0.013514,0.013514,0,0,0.027027,0.094595,0.040541,0.027027,0.027027,0,0.013514,0,0,0,0,0,0.040541,0.027027,0.013514,0,0.040541,0,0,0,0,0.027027,0,0,0.013514,0,0,0,0,0,0.013514,0.013514,0.013514,0.013514,0,0,0.013514,0,0,0.013514,0.013514,0.027027,0,0,0,0.027027,0.013514,0.013514
0,0.051282,0.025641,0,0,0.025641,0.025641,0,0,0.025641,0.025641,0.025641,0,0,0,0.025641,0.051282,0,0.025641,0,0,0,0.051282,0,0.076923,0.025641,0,0,0.051282,0.051282,0.051282,0,0,0,0,0.051282,0.10256,0.025641,0,0,0.025641,0.025641,0,0,0,0,0,0,0,0,0.025641,0,0.025641,0,0,0,0,0.076923,0,0,0,0,0.025641,0
0,0,0.052632,0,0,0,0,0,0,0,0,0.052632,0.15789,0.052632,0,0.052632,0.052632,0,0,0,0,0,0,0,0,0,0,0,0,0.052632,0,0,0.052632,0,0,0,0,0,0,0,0,0,0,0,0,0,0.10526,0.10526,0.10526,0,0,0,0,0,0,0,0,0,0,0,0,0.052632,0,0.10526
0.042553,0.021277,0.042553,0.021277,0.042553,0,0,0,0,0,0,0.021277,0.042553,0,0.021277,0,0.021277,0.021277,0.021277,0.042553,0,0,0.042553,0,0,0,0,0,0,0,0.042553,0.042553,0.085106,0,0,0,0,0,0.021277,0,0.021277,0.042553,0,0,0,0,0,0.042553,0.021277,0.042553,0,0,0.021277,0,0.021277,0,0,0,0.021277,0.042553,0.042553,0,0.021277,0.06383
0,0,0,0,0,0,0,0.071429,0,0,0,0.071429,0.14286,0,0,0,0.14286,0,0,0,0.071429,0,0.071429,0,0,0,0,0,0,0,0,0,0.071429,0,0,0,0,0,0.071429,0,0.071429,0,0,0,0,0,0,0.071429,0,0,0,0,0,0,0,0.071429,0,0,0,0.071429,0,0,0,0
0,0,0,0,0,0,0,0,0,0,0,0,0,0,0,0,0,0,0,0,0.2,0,0.1,0,0,0,0,0,0,0,0.2,0.1,0,0,0,0,0.1,0,0,0,0,0,0,0,0,0,0.1,0,0,0,0,0,0,0,0,0,0,0,0.1,0,0,0.1,0,0
0,0,0.1,0,0,0,0.05,0,0,0,0.05,0,0,0,0,0.05,0,0.05,0.05,0,0,0.1,0,0.05,0,0,0,0,0,0,0.05,0.05,0,0,0.1,0,0,0,0,0,0,0,0,0,0,0.1,0,0,0.05,0,0,0,0.05,0,0,0,0,0,0,0,0.1,0,0,0
0,0,0,0,0,0,0,0,0,0,0,0.090909,0.090909,0,0,0,0,0,0,0,0,0,0,0,0,0,0.090909,0,0,0,0,0.090909,0.090909,0,0,0,0,0,0,0,0,0,0,0,0,0,0,0,0.090909,0.18182,0,0,0,0.18182,0,0,0,0,0,0.090909,0,0,0,0
0,0,0.05,0,0.025,0,0,0.025,0,0,0,0.025,0,0.05,0.025,0.025,0.025,0.025,0,0,0,0,0,0,0,0.05,0,0,0.025,0.025,0,0,0.025,0,0,0.025,0,0,0,0.025,0,0,0.025,0.025,0.025,0.025,0.075,0,0,0,0,0,0,0.075,0,0.025,0.05,0.05,0.025,0,0.1,0,0.025,0.025
0.028571,0,0.028571,0,0.028571,0,0,0.057143,0,0.028571,0,0,0.028571,0.057143,0,0,0.057143,0.028571,0.028571,0,0.028571,0,0,0.028571,0,0.028571,0,0,0,0,0.057143,0.028571,0,0,0.028571,0,0.028571,0,0,0.028571,0.028571,0,0,0.028571,0,0.028571,0,0,0.028571,0.028571,0,0,0,0,0.028571,0,0.028571,0.028571,0,0.028571,0.028571,0.057143,0,0.028571
0.17647,0,0,0.058824,0,0,0,0,0,0.11765,0,0,0,0,0.058824,0.058824,0.11765,0,0.11765,0,0,0,0,0,0,0,0,0,0,0.058824,0,0,0,0.058824,0.058824,0,0,0,0,0,0,0,0,0,0,0,0,0,0,0,0,0,0,0,0,0.058824,0,0.058824,0,0,0,0,0,0
0,0.05,0,0,0,0,0,0,0.05,0,0,0,0.15,0.05,0,0.05,0.05,0,0,0.05,0,0,0.05,0,0.05,0,0,0,0.05,0,0,0,0,0,0,0,0.05,0.05,0,0,0,0,0,0,0,0,0,0,0.05,0,0,0.1,0,0,0,0,0.05,0,0,0,0,0.05,0,0.05
0.076923,0,0,0,0.076923,0,0,0,0,0,0.076923,0.076923,0,0,0,0,0,0.076923,0.076923,0,0,0.076923,0,0,0,0,0,0.076923,0,0,0,0,0,0,0,0,0.076923,0,0,0,0,0.076923,0,0,0,0,0,0.076923,0,0,0,0,0,0,0,0,0.076923,0,0.076923,0,0,0,0,0
0,0,0,0,0,0,0,0,0,0,0,0,0,0,0,0.055556,0,0,0.055556,0,0,0,0,0,0.055556,0,0,0.055556,0.055556,0,0.27778,0.055556,0,0,0,0,0,0,0,0,0,0,0,0.055556,0,0,0.055556,0,0,0,0,0,0,0,0,0,0,0.055556,0,0.055556,0.055556,0,0.055556,0.055556
0,0.034483,0.017241,0,0,0.017241,0.017241,0.034483,0.051724,0.068966,0,0,0,0.086207,0.017241,0,0.017241,0.017241,0.017241,0,0.017241,0,0.017241,0,0,0.034483,0.017241,0,0,0,0.017241,0,0.017241,0,0.034483,0.017241,0.017241,0.034483,0.017241,0.034483,0.017241,0.051724,0.051724,0,0,0,0.017241,0,0,0.017241,0.017241,0,0.017241,0.017241,0,0.017241,0.017241,0.017241,0.068966,0,0,0,0,0
0,0,0,0,0,0,0,0,0,0.05,0,0,0,0,0,0.05,0.05,0.05,0,0.2,0,0,0,0,0,0,0,0,0,0,0.05,0,0,0,0,0,0.05,0.05,0.1,0,0.05,0.05,0,0,0,0.05,0,0,0,0,0,0.05,0,0,0.05,0.05,0.05,0,0,0,0,0,0,0
0.14286,0,0,0.071429,0,0,0,0,0,0.071429,0,0,0,0,0,0,0.071429,0,0,0,0,0,0,0,0,0,0,0,0,0,0,0,0,0,0,0,0,0,0,0,0.14286,0,0,0,0,0,0,0,0,0,0,0,0,0,0,0.071429,0,0.42857,0,0,0,0,0,0
0.071429,0,0,0,0.071429,0,0,0,0,0.071429,0,0.071429,0,0,0,0,0,0,0,0,0.071429,0,0.071429,0,0,0,0,0,0,0,0.071429,0,0,0,0.071429,0.071429,0,0,0,0,0,0,0,0.071429,0,0,0,0,0,0,0,0,0,0,0,0,0,0.14286,0,0,0.071429,0,0,0.071429
0,0,0.0625,0,0,0,0,0,0,0,0.0625,0,0,0,0,0,0,0,0,0.0625,0,0,0,0,0,0,0,0,0.125,0,0.125,0.0625,0.0625,0,0,0,0,0,0,0,0,0,0,0,0,0,0.125,0,0.0625,0,0,0.125,0.0625,0,0,0,0,0,0,0,0,0,0,0.0625
0.13636,0,0.045455,0.045455,0.045455,0,0,0.045455,0,0,0,0,0.045455,0.045455,0,0.045455,0,0,0,0,0,0,0,0,0,0,0,0,0,0,0,0,0,0,0,0,0,0,0.090909,0,0,0,0,0.045455,0,0,0.045455,0,0.045455,0.090909,0,0,0,0,0.045455,0.045455,0,0.045455,0,0,0.090909,0,0,0
0,0.029412,0.058824,0.029412,0,0,0,0,0.029412,0.088235,0,0.029412,0,0.029412,0,0,0,0,0,0.029412,0,0,0,0,0,0,0,0,0,0,0.058824,0.088235,0,0,0,0,0.029412,0,0.029412,0.029412,0.058824,0.029412,0,0,0,0.029412,0.029412,0.029412,0.029412,0,0,0,0.029412,0,0,0,0.088235,0.058824,0.058824,0,0,0,0,0
0,0,0,0,0.05,0,0,0,0,0,0,0,0,0,0,0,0,0,0,0,0.15,0,0.05,0,0.1,0,0,0,0,0,0,0,0,0,0,0,0.05,0,0,0,0,0,0,0,0.1,0.15,0.1,0,0,0.05,0,0,0,0.05,0,0,0.05,0,0,0.05,0,0.05,0,0
0,0,0,0,0,0,0,0.047619,0.047619,0,0,0.047619,0,0.047619,0,0,0.047619,0,0.047619,0,0,0,0.047619,0,0.047619,0.047619,0.047619,0,0,0.047619,0.047619,0,0,0,0,0,0,0.047619,0,0,0,0,0,0,0.047619,0,0,0,0.047619,0,0,0,0,0.047619,0.047619,0,0,0.047619,0,0,0,0.047619,0.095238,0
0.055556,0.027778,0.027778,0,0.055556,0,0,0,0,0,0,0,0.055556,0,0,0,0.055556,0.027778,0.055556,0,0,0,0,0,0,0.027778,0,0.027778,0,0,0,0,0.027778,0.055556,0.055556,0.027778,0.027778,0,0,0,0.083333,0,0,0,0,0,0.083333,0,0,0,0.027778,0,0,0,0.027778,0,0.055556,0.055556,0.027778,0.027778,0,0,0,0
0.17647,0,0,0,0,0,0,0,0,0,0,0,0,0,0.058824,0.058824,0.17647,0,0,0,0,0,0,0,0,0,0,0,0,0,0,0,0.11765,0,0,0,0,0,0,0,0,0,0,0,0,0,0,0,0,0,0,0.058824,0.11765,0,0,0,0.058824,0,0.058824,0,0,0.058824,0.058824,0
0.1,0,0.028571,0,0.057143,0.042857,0.014286,0.014286,0.014286,0.028571,0,0,0.014286,0.028571,0,0,0.014286,0.014286,0.042857,0,0.028571,0.028571,0,0,0.028571,0,0.014286,0,0,0.042857,0,0.014286,0.028571,0,0.014286,0.014286,0.028571,0,0,0,0.028571,0,0.014286,0,0,0.014286,0.014286,0.028571,0.042857,0.014286,0.028571,0,0,0,0,0.028571,0.028571,0.014286,0.014286,0.014286,0.014286,0.042857,0,0
0.096774,0.032258,0.032258,0.064516,0.032258,0,0.032258,0.032258,0.064516,0.064516,0.032258,0,0,0,0,0,0,0.032258,0,0,0,0,0,0,0,0.096774,0,0,0,0,0,0,0.032258,0,0,0.032258,0,0,0,0.032258,0,0,0,0,0,0,0,0,0.096774,0,0.032258,0,0.032258,0,0.032258,0,0.032258,0,0,0,0.064516,0,0,0
0,0,0,0,0,0,0,0.1,0,0.1,0,0.1,0,0.1,0,0,0,0.1,0,0,0,0,0,0,0,0,0,0,0,0,0.1,0,0,0,0,0,0,0.1,0,0,0,0,0,0,0,0,0,0,0,0,0,0,0.1,0,0,0,0.1,0.1,0,0,0,0,0,0
0,0,0,0,0.071429,0,0,0.14286,0,0,0,0,0,0.071429,0,0,0,0,0,0,0,0,0.071429,0.071429,0,0,0,0,0,0,0.071429,0,0,0,0,0,0,0,0,0,0,0,0,0.071429,0,0,0,0.071429,0.071429,0.071429,0,0,0,0,0,0,0,0.071429,0,0.071429,0.071429,0,0,0
0,0,0,0.043478,0,0,0,0,0.086957,0,0.043478,0,0,0,0.043478,0,0,0,0,0,0,0.043478,0,0,0.043478,0,0.086957,0,0,0,0,0.043478,0,0,0.086957,0,0.043478,0.043478,0,0,0.043478,0,0.086957,0,0,0,0,0,0.043478,0,0,0,0,0,0,0,0.13043,0,0,0,0,0.043478,0.043478,0
0.076923,0,0.076923,0.038462,0,0,0,0,0,0,0,0,0.11538,0,0.038462,0,0.038462,0,0.038462,0,0,0.076923,0,0,0.038462,0,0.038462,0,0,0,0,0,0,0,0,0,0.038462,0.038462,0,0,0,0,0.038462,0,0,0,0.11538,0,0,0,0,0,0,0,0,0,0.038462,0,0,0,0,0.076923,0,0.076923
0.012346,0,0,0.012346,0,0.012346,0.024691,0,0.012346,0,0,0,0,0.024691,0,0.024691,0.024691,0.024691,0.024691,0.012346,0.024691,0.049383,0.049383,0.012346,0.037037,0.012346,0.024691,0,0,0.037037,0.024691,0.024691,0.012346,0.012346,0.037037,0.024691,0.012346,0.037037,0.012346,0.024691,0,0,0,0,0,0.024691,0.012346,0,0.037037,0,0.024691,0.012346,0,0.049383,0.049383,0,0,0.012346,0,0.012346,0.012346,0.049383,0.012346,0.012346
0,0,0,0.043478,0,0,0,0,0.043478,0,0.043478,0,0,0,0,0,0.043478,0,0,0,0,0,0.043478,0,0,0,0.043478,0,0,0.043478,0,0,0,0,0.043478,0,0.043478,0.043478,0,0,0,0.043478,0.043478,0,0,0.086957,0,0,0,0,0,0.043478,0,0,0.043478,0.043478,0,0,0.17391,0,0,0.086957,0,0
0,0,0,0,0,0,0,0,0,0,0,0,0,0,0,0,0.13333,0,0.066667,0,0,0,0,0,0,0,0.066667,0,0,0,0,0.066667,0.066667,0,0,0,0.066667,0,0,0,0,0.26667,0,0,0,0,0,0,0,0,0,0,0,0.066667,0,0,0,0,0.066667,0,0,0,0.13333,0
0.13333,0.066667,0.066667,0,0,0,0.066667,0,0.066667,0.066667,0,0,0.066667,0,0,0.066667,0,0,0,0,0,0,0,0,0.066667,0,0,0,0,0,0,0,0.066667,0,0.066667,0,0,0,0.066667,0,0,0,0,0,0.066667,0.066667,0,0,0,0,0,0,0,0,0,0,0,0,0,0,0,0,0,0
0.071429,0,0,0.071429,0,0,0,0,0,0,0,0,0,0.071429,0,0,0,0,0,0,0,0.071429,0.071429,0,0,0.071429,0,0,0,0,0,0,0,0,0,0,0,0,0.071429,0,0,0,0,0,0.071429,0,0.14286,0,0,0,0,0.071429,0,0,0,0,0.071429,0,0.071429,0.071429,0,0,0,0
0.06,0.08,0,0.02,0.06,0.06,0.02,0.02,0,0.06,0,0,0.02,0.02,0.04,0,0.02,0.12,0,0,0.02,0.02,0,0,0.06,0.06,0,0,0,0,0,0,0.02,0.02,0,0,0,0,0,0,0,0,0,0,0.02,0.02,0,0,0.02,0.02,0,0.02,0,0,0,0,0.06,0.02,0,0.02,0,0,0,0
0.058824,0,0,0,0,0.058824,0,0.058824,0,0,0,0,0,0,0,0.058824,0.058824,0,0,0,0,0.058824,0.058824,0,0,0.058824,0,0,0,0,0,0,0,0,0,0,0.058824,0.058824,0,0,0.058824,0,0,0,0,0,0,0,0.058824,0,0.058824,0,0,0.058824,0.058824,0,0,0.058824,0,0,0,0,0,0.058824
0,0.18182,0,0,0.090909,0,0,0,0.090909,0,0,0,0,0,0,0,0,0,0,0,0,0,0,0,0,0.090909,0,0,0,0,0,0,0,0,0,0,0,0,0,0,0,0,0,0,0,0,0,0,0,0,0.090909,0.27273,0.090909,0,0,0,0,0,0,0.090909,0,0,0,0
0.04,0,0.08,0,0.08,0.04,0,0,0,0,0,0,0,0,0,0,0.16,0.08,0,0.04,0.08,0,0,0,0,0,0.04,0,0.12,0,0.04,0,0,0,0,0,0,0,0,0,0,0,0,0,0,0,0,0,0,0.12,0,0,0,0,0.04,0,0,0,0,0,0,0,0.04,0
0.090909,0,0,0,0,0.045455,0,0,0,0,0,0,0.13636,0.090909,0.045455,0,0,0.045455,0.045455,0,0.045455,0,0.045455,0,0.045455,0,0,0,0,0,0.045455,0,0.090909,0,0,0,0,0.045455,0,0,0.045455,0,0,0,0,0,0,0,0,0.045455,0.045455,0,0,0,0,0,0,0,0,0,0,0,0.045455,0
0,0,0,0,0,0,0,0,0,0,0,0,0,0,0,0.037037,0,0,0,0,0,0,0,0,0,0.074074,0,0.037037,0,0,0,0.037037,0,0,0,0,0,0,0.074074,0,0,0,0,0.037037,0.037037,0,0.18519,0.074074,0,0,0,0.037037,0,0,0.037037,0,0,0.037037,0,0.14815,0,0,0.037037,0.11111
0.2,0,0.066667,0.066667,0.13333,0,0,0,0,0,0.066667,0,0,0,0,0,0,0,0,0,0.066667,0,0,0,0.066667,0,0,0,0,0,0,0,0,0,0.066667,0,0,0,0,0,0,0,0,0,0,0,0,0,0.066667,0,0,0,0,0,0.066667,0,0.066667,0.066667,0,0,0,0,0,0
0,0,0,0,0,0,0,0,0.055556,0.055556,0,0.055556,0,0,0.11111,0,0,0,0,0,0.055556,0,0,0,0,0,0,0,0,0,0.055556,0,0,0,0,0.055556,0,0,0.055556,0,0,0,0,0,0,0,0.055556,0.055556,0.055556,0,0,0,0,0,0.055556,0,0.055556,0.11111,0.055556,0,0,0.055556,0,0
0,0.055556,0,0,0.055556,0,0,0,0,0,0,0,0,0,0.055556,0.11111,0,0,0,0,0,0,0,0,0,0.055556,0,0.11111,0,0,0,0,0,0,0,0,0,0,0,0,0,0.055556,0,0,0,0,0.055556,0,0.055556,0.055556,0,0,0,0.055556,0,0,0,0.055556,0,0,0.055556,0,0.16667,0
0.076923,0,0,0.038462,0.038462,0.038462,0.038462,0.038462,0,0.038462,0.038462,0,0,0,0,0,0,0.038462,0.076923,0,0,0.038462,0,0,0,0,0,0.038462,0.038462,0.038462,0,0,0,0,0,0,0.038462,0,0.038462,0.038462,0.038462,0.038462,0,0,0.038462,0,0.038462,0,0,0,0,0.038462,0,0,0,0,0,0,0,0.038462,0,0,0,0.038462
0.083333,0.083333,0,0.083333,0,0,0.083333,0,0,0,0,0,0.083333,0,0,0.083333,0,0,0,0,0,0,0,0.083333,0,0,0,0,0,0,0.083333,0,0,0,0,0,0,0,0,0,0,0,0,0,0,0,0,0.083333,0,0,0,0.083333,0,0,0,0,0,0,0,0.083333,0.083333,0,0,0
0.041667,0,0,0,0,0,0,0,0,0,0,0.041667,0.083333,0.041667,0.041667,0,0,0,0,0.125,0,0,0,0,0.041667,0,0,0,0,0,0.041667,0.041667,0,0,0,0,0.041667,0,0,0,0.041667,0,0,0,0.083333,0,0,0,0,0.041667,0,0.041667,0,0,0,0,0.041667,0,0,0.083333,0.041667,0.041667,0,0.041667
0.076923,0,0.076923,0,0,0,0,0,0.076923,0.076923,0,0,0.076923,0,0,0,0.076923,0,0,0,0,0,0,0,0,0,0,0,0.15385,0,0,0,0.076923,0,0,0,0,0.076923,0,0,0,0,0,0,0,0,0.076923,0,0,0,0,0,0,0,0,0.076923,0,0.076923,0,0,0,0,0,0
0,0,0,0,0,0,0,0.090909,0.090909,0,0,0,0.090909,0,0,0.090909,0,0,0,0.090909,0,0,0,0,0,0,0,0.090909,0,0,0.090909,0,0,0,0,0,0,0,0,0,0.090909,0.090909,0,0,0,0,0,0,0,0,0,0,0,0,0,0,0.090909,0,0,0,0,0,0,0.090909
0.0625,0,0,0,0.0625,0.0625,0,0,0,0,0,0,0,0,0.125,0,0,0,0,0,0,0.0625,0,0,0,0,0,0.0625,0,0.0625,0,0,0,0.0625,0,0,0,0.0625,0,0,0.0625,0,0,0.0625,0.0625,0,0,0,0.0625,0,0,0,0,0,0,0,0,0,0.0625,0,0,0,0,0.0625
0.071429,0.02381,0,0.02381,0.047619,0,0,0.02381,0.02381,0.02381,0.02381,0.02381,0,0,0.02381,0.02381,0,0,0.047619,0,0.02381,0.02381,0,0,0,0.071429,0.02381,0,0,0,0,0,0,0,0,0,0.02381,0.02381,0,0,0,0.02381,0,0,0.02381,0.02381,0,0,0,0,0,0,0.02381,0.02381,0,0.02381,0.02381,0,0.095238,0.02381,0.02381,0.02381,0.071429,0.02381
0,0.012346,0,0.012346,0.024691,0.012346,0,0.012346,0.012346,0,0,0.012346,0,0,0.012346,0.037037,0.012346,0.012346,0,0.012346,0.049383,0.08642,0.061728,0.024691,0.024691,0.012346,0.012346,0,0,0.024691,0.024691,0.024691,0,0.012346,0,0,0.049383,0.024691,0.012346,0.024691,0,0.012346,0.012346,0.012346,0,0,0.049383,0,0,0,0,0,0.012346,0.061728,0.012346,0,0,0.049383,0.024691,0.024691,0,0.024691,0.037037,0.012346
0.090909,0,0,0,0,0,0,0,0,0,0.090909,0,0.18182,0,0,0,0.090909,0,0.090909,0.090909,0,0,0,0,0,0,0,0,0,0,0,0,0,0,0,0,0,0,0,0,0,0,0,0.090909,0,0.090909,0.090909,0,0.090909,0,0,0,0,0,0,0,0,0,0,0,0,0,0,0
0,0.055556,0,0,0,0,0,0,0,0,0,0.055556,0,0,0,0,0,0,0,0,0,0,0,0,0,0.055556,0.055556,0.055556,0,0,0,0,0,0,0,0.055556,0,0.055556,0.11111,0.055556,0,0,0,0,0,0.055556,0,0.055556,0,0,0,0,0.055556,0,0.055556,0.055556,0,0.055556,0,0,0.055556,0,0.055556,0
0,0,0,0,0,0,0,0,0,0,0,0.058824,0,0,0.058824,0,0,0.058824,0.058824,0,0.058824,0,0,0,0.058824,0,0.058824,0.058824,0,0.058824,0.058824,0,0,0.058824,0.058824,0,0,0.058824,0,0,0,0,0.058824,0,0,0,0.058824,0,0,0,0,0,0,0,0.058824,0,0,0.058824,0,0,0,0,0,0
0.06383,0.042553,0.021277,0,0.042553,0.021277,0.021277,0,0,0,0,0,0.06383,0,0.021277,0,0.021277,0,0.042553,0.06383,0.042553,0,0,0,0,0.021277,0,0.021277,0,0,0,0.042553,0.021277,0,0.021277,0.021277,0.042553,0,0,0.021277,0.021277,0,0,0,0.021277,0.021277,0,0.042553,0.021277,0.021277,0.021277,0,0.042553,0,0,0,0,0,0.021277,0.021277,0.021277,0,0.021277,0.021277
0.035714,0.071429,0,0,0.071429,0,0.035714,0,0.035714,0,0,0.10714,0,0.035714,0,0,0,0.035714,0,0,0,0,0,0,0,0.071429,0,0,0,0.071429,0.035714,0,0.035714,0,0,0,0.035714,0,0,0,0.071429,0.035714,0,0,0,0,0,0,0,0,0,0,0.035714,0.071429,0,0.035714,0.035714,0.035714,0,0,0,0,0,0
0.071429,0,0,0,0.071429,0,0.035714,0,0,0,0,0,0.035714,0.035714,0.035714,0.071429,0,0.035714,0,0.035714,0,0,0,0,0,0,0,0,0,0,0,0.071429,0,0,0,0,0.035714,0,0,0.035714,0,0,0,0,0,0,0,0.035714,0,0.071429,0.035714,0.035714,0,0.035714,0,0.035714,0.035714,0,0,0,0,0.035714,0.071429,0.035714
0.052632,0,0,0,0,0,0.052632,0.052632,0,0.052632,0,0,0,0.052632,0.052632,0,0.052632,0,0,0,0,0,0,0,0.052632,0.052632,0,0,0,0,0,0,0,0,0,0,0,0,0,0.052632,0,0,0,0,0,0,0,0,0.052632,0.052632,0,0.10526,0,0,0,0,0,0.052632,0.052632,0.052632,0.052632,0,0.052632,0
0.060606,0.090909,0,0,0.090909,0,0,0,0,0,0,0,0,0,0.030303,0,0,0.12121,0,0,0,0,0,0,0,0,0,0,0.060606,0.030303,0,0,0.030303,0,0,0,0.060606,0,0,0,0.030303,0,0,0,0,0,0,0,0.030303,0,0.030303,0.030303,0,0.030303,0,0,0.060606,0.030303,0,0.030303,0,0,0.090909,0.060606
0.034483,0,0,0.034483,0.034483,0.034483,0.10345,0,0,0,0,0.034483,0.034483,0,0,0.034483,0,0,0,0,0,0,0,0,0,0.034483,0,0.068966,0,0,0,0,0,0,0,0,0.034483,0.034483,0.034483,0,0,0,0,0.034483,0,0,0,0,0,0,0.034483,0,0,0,0,0,0,0.034483,0,0.068966,0.034483,0.034483,0.034483,0.17241
0,0,0,0,0,0,0,0,0,0,0,0,0.071429,0.071429,0,0.21429,0,0.071429,0,0,0,0,0,0,0,0.071429,0,0,0,0,0,0,0,0,0,0,0,0,0,0,0,0,0,0,0,0,0,0,0,0,0,0.071429,0,0,0,0.071429,0.071429,0,0,0,0.071429,0,0,0.21429
0.1,0,0,0.05,0,0,0,0,0,0.05,0,0,0,0,0.05,0.05,0.05,0,0.05,0,0,0,0,0,0,0,0,0,0,0,0.05,0,0.05,0,0,0,0.05,0,0,0,0.05,0,0,0,0,0,0.1,0,0,0,0,0.05,0,0,0,0,0.05,0,0,0.05,0.05,0.05,0,0.05
0.076923,0,0.038462,0.11538,0.076923,0,0.038462,0,0.038462,0,0,0,0.11538,0,0.11538,0,0,0.038462,0,0,0,0,0,0,0,0.038462,0,0,0,0,0,0,0.038462,0,0,0,0,0,0,0,0,0,0,0,0,0,0,0.038462,0,0.038462,0,0,0.038462,0,0,0,0.038462,0.038462,0.038462,0,0,0,0,0.038462
0.029412,0.029412,0,0.029412,0,0,0.058824,0.029412,0.029412,0,0,0,0.058824,0,0.058824,0.058824,0.029412,0,0,0,0,0,0,0,0,0.029412,0.029412,0,0,0.088235,0,0.029412,0,0.029412,0,0,0.029412,0,0.029412,0,0,0,0,0,0,0,0,0,0.058824,0,0,0,0,0,0,0,0.058824,0.058824,0,0.029412,0.029412,0.029412,0,0.058824
0.05,0.05,0,0.1,0,0,0,0,0.05,0,0,0,0,0.05,0,0.05,0,0,0,0.05,0,0,0,0,0,0.05,0,0,0,0,0,0,0,0,0,0,0.05,0,0,0.1,0,0,0.05,0,0,0.05,0,0,0.05,0.05,0,0,0,0.05,0,0,0.05,0,0,0,0,0,0.05,0.05
0.14286,0,0.047619,0.047619,0,0,0.047619,0.047619,0,0,0,0.047619,0,0,0.047619,0,0.047619,0,0,0,0,0,0,0,0,0,0.047619,0,0,0.047619,0,0.047619,0,0,0,0.047619,0,0,0,0,0,0,0,0,0.047619,0,0.047619,0,0,0,0.047619,0,0,0.047619,0,0,0,0,0,0,0.14286,0,0,0
0.058824,0,0.058824,0.058824,0.058824,0.058824,0,0,0,0,0,0.058824,0.058824,0.058824,0,0,0,0,0,0,0.058824,0,0,0,0,0,0,0,0,0,0,0,0.058824,0,0,0,0,0,0,0,0,0,0,0,0.058824,0,0.058824,0,0,0.058824,0,0.11765,0,0.058824,0,0,0,0,0,0,0.058824,0,0,0
0.076923,0,0,0,0.038462,0,0,0.11538,0,0,0,0,0,0,0,0,0.076923,0.11538,0.038462,0,0.038462,0,0,0,0,0.038462,0,0,0,0.076923,0,0,0,0,0,0,0,0,0,0.076923,0,0,0,0,0.038462,0,0.038462,0,0,0.076923,0,0.038462,0,0.038462,0,0.038462,0,0,0,0,0,0.038462,0,0
0.038462,0,0.038462,0.076923,0,0.038462,0,0.038462,0.038462,0.038462,0,0,0,0,0,0,0.038462,0,0.038462,0,0,0.038462,0,0,0.038462,0,0,0,0.038462,0.076923,0.076923,0,0,0,0.038462,0,0,0,0.038462,0,0,0,0,0,0.038462,0,0,0,0,0,0,0,0,0,0.038462,0.076923,0,0.038462,0.038462,0,0,0.038462,0,0
0.12,0,0,0.04,0,0,0,0,0.08,0.04,0,0,0,0.04,0,0.04,0,0,0,0.04,0,0,0.08,0,0.04,0,0,0,0,0,0,0,0.04,0,0.04,0,0,0,0,0,0,0.04,0.04,0,0.04,0,0.08,0,0,0,0,0,0.04,0,0,0,0,0.08,0,0,0,0.04,0,0.04
0.12,0,0,0,0.04,0.08,0,0.04,0.04,0,0,0,0.04,0,0,0.04,0,0,0.04,0,0.08,0,0,0,0,0.04,0,0,0,0,0.08,0,0,0,0,0,0,0.04,0,0,0,0,0,0.04,0.04,0,0,0,0.04,0,0,0,0,0.04,0,0.08,0,0,0.04,0,0,0.04,0,0
0.076923,0,0,0.076923,0.076923,0,0,0,0.076923,0.076923,0,0,0,0,0,0.15385,0.076923,0,0,0,0.076923,0,0,0,0,0,0,0,0,0,0,0,0,0,0,0,0,0,0,0,0,0,0,0,0.076923,0,0,0,0,0,0,0,0,0,0,0,0,0.076923,0,0,0.076923,0,0.076923,0
0.027778,0,0.041667,0,0.013889,0.013889,0,0.027778,0,0,0,0,0.013889,0,0.013889,0.013889,0,0,0.027778,0,0.013889,0.055556,0.013889,0,0.013889,0.013889,0,0.027778,0,0.083333,0.055556,0.027778,0,0,0,0,0.027778,0.013889,0,0,0,0,0,0.013889,0.041667,0.013889,0.013889,0.041667,0.027778,0.027778,0.027778,0,0.013889,0.041667,0.013889,0.055556,0,0,0,0,0.041667,0.027778,0,0.055556
0,0.025641,0,0.025641,0,0.025641,0,0,0,0.025641,0,0,0,0,0,0.025641,0.025641,0,0.051282,0,0.076923,0,0,0,0.025641,0.025641,0.051282,0.051282,0.025641,0,0,0,0.051282,0,0.025641,0.025641,0.025641,0,0,0.051282,0,0,0.025641,0,0.025641,0.025641,0.051282,0,0.025641,0.025641,0,0,0.025641,0.051282,0,0,0,0,0,0.051282,0,0,0.051282,0
0.034483,0,0,0,0.034483,0.034483,0.10345,0.034483,0.034483,0.034483,0,0,0.034483,0,0.034483,0,0.034483,0,0,0,0,0.034483,0,0,0.034483,0.034483,0.034483,0,0,0.034483,0.034483,0.034483,0,0,0,0,0.034483,0,0.034483,0,0,0.034483,0,0.068966,0,0,0,0,0.034483,0,0,0,0,0.034483,0,0,0,0,0.034483,0,0.034483,0.034483,0,0
0.05,0,0,0,0,0,0,0,0,0,0,0,0.05,0,0,0.05,0,0,0,0,0.05,0.05,0,0.05,0.05,0,0,0,0.05,0,0,0,0.05,0,0,0,0,0,0,0,0.1,0,0,0,0.05,0,0.1,0,0.05,0,0,0,0.1,0,0.05,0,0,0,0.05,0,0,0,0,0.05
0.21429,0,0.071429,0.071429,0.071429,0,0.071429,0,0,0.071429,0.071429,0,0,0,0,0,0,0,0,0,0,0,0,0,0,0.071429,0,0,0,0,0,0,0,0,0,0,0.071429,0,0,0,0,0,0,0,0,0,0,0,0,0,0.071429,0,0,0,0,0,0.071429,0.071429,0,0,0,0,0,0
0.054054,0,0,0,0.027027,0,0,0,0.054054,0.027027,0.027027,0.027027,0,0.027027,0,0,0.054054,0.054054,0,0,0,0,0.027027,0.027027,0,0.027027,0,0,0,0,0,0.027027,0.054054,0,0.027027,0.027027,0.081081,0.027027,0,0.027027,0.027027,0.054054,0.027027,0,0,0.027027,0.027027,0,0,0,0,0,0.027027,0,0,0,0,0.027027,0,0,0.027027,0,0.027027,0.027027
0.032258,0,0,0,0,0,0.032258,0,0,0.032258,0,0.032258,0,0,0.032258,0.032258,0.032258,0,0,0.064516,0.064516,0,0,0,0.032258,0.032258,0,0.032258,0,0.032258,0,0,0,0,0,0,0,0.032258,0.032258,0,0,0,0,0,0,0,0,0.032258,0.032258,0,0,0,0.032258,0.032258,0.12903,0,0,0.064516,0.032258,0.032258,0.032258,0.032258,0,0
0,0.014085,0,0.028169,0,0.028169,0,0.028169,0,0.014085,0,0,0.014085,0.028169,0.014085,0.014085,0.014085,0.028169,0.028169,0.014085,0,0,0,0,0.014085,0.028169,0,0.070423,0,0,0.014085,0.014085,0.014085,0,0,0.014085,0.014085,0.014085,0,0.014085,0.014085,0.014085,0.014085,0.014085,0.014085,0.014085,0.028169,0.028169,0,0.014085,0.014085,0.028169,0.028169,0.014085,0.070423,0.014085,0.028169,0.014085,0.014085,0.014085,0.014085,0.028169,0.028169,0.056338
0,0,0,0,0.05,0.075,0,0.025,0.025,0,0.025,0,0.025,0,0,0.05,0,0.025,0.025,0.05,0,0.025,0,0,0,0,0,0.025,0.025,0,0.025,0,0,0,0,0,0,0.05,0,0.025,0.025,0.025,0.025,0,0,0,0.025,0,0.025,0,0.025,0.075,0,0.05,0,0,0.05,0,0,0,0.025,0.05,0.025,0.025
0.052632,0,0,0.035088,0,0,0.017544,0,0,0.017544,0,0,0.052632,0.017544,0.017544,0.070175,0.017544,0,0.017544,0,0,0,0.035088,0,0.052632,0.017544,0,0,0.035088,0.017544,0.035088,0,0,0,0,0.017544,0.017544,0,0,0,0.017544,0,0,0.017544,0,0.017544,0,0.035088,0.035088,0,0.035088,0.052632,0.017544,0,0,0.017544,0.017544,0,0,0.017544,0.017544,0.035088,0.035088,0.087719
0.020833,0.041667,0,0,0,0.020833,0,0,0.020833,0,0,0,0,0.0625,0,0.020833,0.020833,0.041667,0,0.020833,0.041667,0.020833,0.0625,0,0.041667,0,0.041667,0.041667,0,0,0,0,0,0,0,0,0.020833,0.020833,0.041667,0,0.020833,0,0.020833,0.041667,0,0.041667,0.041667,0,0,0,0,0.020833,0,0.0625,0,0.020833,0.020833,0.020833,0.020833,0.020833,0,0.020833,0.020833,0
0.033333,0.033333,0,0,0,0,0,0,0,0,0,0,0,0.033333,0,0,0.033333,0,0,0.1,0.033333,0.033333,0.066667,0,0.066667,0.033333,0.066667,0,0,0.066667,0,0,0.033333,0,0,0.033333,0.033333,0,0.033333,0,0.033333,0,0.033333,0.033333,0,0,0,0,0.033333,0,0,0,0.033333,0,0,0.033333,0.066667,0,0,0,0,0,0,0
0,0.043478,0,0.043478,0.014493,0.014493,0.028986,0.014493,0,0.043478,0,0,0.014493,0,0.043478,0.028986,0.086957,0.014493,0.014493,0.014493,0.043478,0.014493,0.014493,0,0.043478,0.028986,0.014493,0,0,0.014493,0.014493,0.014493,0.014493,0.014493,0,0.014493,0.014493,0.028986,0,0,0,0,0.014493,0.014493,0.014493,0.014493,0,0,0.014493,0,0.028986,0,0,0,0.028986,0,0,0.014493,0.043478,0.028986,0,0.028986,0.028986,0.014493
0,0.020833,0.020833,0,0.020833,0.020833,0,0,0,0.020833,0.041667,0,0,0,0.020833,0,0.0625,0.020833,0.020833,0.020833,0,0.041667,0.020833,0.0625,0.020833,0.041667,0.041667,0,0.020833,0,0.0625,0,0,0,0.041667,0,0.020833,0.020833,0.0625,0,0,0.020833,0,0,0,0,0.020833,0,0.041667,0,0.041667,0,0,0,0,0,0.020833,0,0,0,0,0.041667,0.041667,0.020833
0.034483,0,0,0,0.068966,0.034483,0,0.034483,0,0.034483,0.034483,0.034483,0,0,0,0.034483,0.10345,0.034483,0,0,0,0,0,0,0,0,0,0,0,0.034483,0.034483,0.034483,0,0,0,0.068966,0.034483,0,0,0,0,0,0,0,0,0,0.034483,0.034483,0,0,0,0,0,0,0,0,0,0.10345,0.034483,0.034483,0,0.034483,0.068966,0
0.19048,0.047619,0,0,0,0,0.047619,0,0,0,0,0,0.047619,0.047619,0,0,0,0,0,0,0,0,0,0,0,0.047619,0.047619,0.095238,0,0,0,0,0,0,0,0,0.047619,0,0,0,0,0,0.047619,0,0.047619,0,0,0,0,0,0.047619,0,0.047619,0.047619,0.047619,0,0,0,0,0.047619,0.047619,0,0,0
0.059701,0.044776,0.014925,0,0.014925,0.014925,0.014925,0.029851,0,0.074627,0,0.014925,0,0,0.029851,0.029851,0.014925,0,0.014925,0.014925,0.014925,0,0,0,0,0,0.029851,0.014925,0.029851,0,0.029851,0.014925,0.014925,0,0.014925,0.014925,0.059701,0.014925,0,0,0,0,0.014925,0,0.044776,0.014925,0.029851,0,0,0.014925,0.014925,0.014925,0.029851,0.044776,0,0,0,0.014925,0,0.014925,0.014925,0.029851,0.014925,0.044776
0.1,0,0,0,0.1,0,0.1,0,0,0,0,0,0,0,0,0,0.1,0.1,0,0,0,0,0,0,0,0,0,0.1,0,0,0,0,0,0,0,0,0,0,0,0,0,0,0,0,0.1,0,0.1,0,0,0,0,0,0,0,0,0.1,0,0,0,0,0.1,0,0,0
0.23077,0,0,0.076923,0,0,0,0,0,0,0,0,0,0.076923,0.076923,0,0,0,0,0,0.076923,0,0,0,0,0,0,0,0,0,0,0,0,0,0,0,0,0,0,0,0,0,0.076923,0,0,0.076923,0,0.076923,0,0,0,0.076923,0,0.076923,0,0,0,0,0.076923,0,0,0,0,0
0.11111,0,0.055556,0,0.055556,0,0,0,0,0,0,0,0,0.055556,0,0,0.055556,0,0,0,0,0.055556,0,0.055556,0,0,0,0,0,0,0,0.055556,0,0,0,0,0.055556,0,0,0,0,0,0,0,0,0,0,0,0.055556,0,0,0.11111,0,0,0,0.055556,0,0,0.055556,0,0.055556,0.055556,0,0.055556
0.027778,0,0,0.027778,0.027778,0,0,0,0.027778,0.027778,0,0,0,0.027778,0,0,0,0.027778,0.055556,0,0.055556,0.055556,0.055556,0.027778,0.027778,0,0,0.027778,0,0.027778,0.055556,0,0,0,0.027778,0,0.027778,0.027778,0.027778,0.083333,0.027778,0,0,0,0.027778,0,0.027778,0,0,0,0,0,0,0,0,0,0,0.055556,0,0,0,0.027778,0,0.055556
0.06383,0.042553,0.021277,0,0,0.021277,0.042553,0,0.021277,0,0,0,0,0.021277,0,0.06383,0.042553,0,0,0.021277,0.06383,0,0.021277,0,0,0.021277,0,0,0,0.021277,0,0,0,0,0,0,0.021277,0,0,0.021277,0,0,0,0,0.021277,0,0.021277,0.042553,0.021277,0,0,0,0.042553,0.021277,0,0.021277,0.021277,0,0,0.06383,0.06383,0,0.042553,0.085106
0.060606,0.090909,0,0.060606,0,0.030303,0,0,0.030303,0.18182,0,0,0,0.060606,0,0,0.030303,0.030303,0,0,0,0.030303,0.030303,0,0,0.030303,0.030303,0,0,0,0,0,0,0,0,0,0.030303,0,0.030303,0.030303,0,0.060606,0,0,0,0,0.060606,0.030303,0,0,0,0,0.030303,0,0,0,0,0,0.030303,0,0,0,0,0
0.11765,0.058824,0.058824,0,0,0,0.029412,0,0.029412,0,0,0,0.088235,0,0,0,0.058824,0,0,0.029412,0,0,0,0,0.029412,0.029412,0,0.058824,0,0.029412,0.029412,0,0.029412,0,0.029412,0,0,0,0.029412,0,0,0,0,0,0,0,0,0.029412,0.029412,0.029412,0.088235,0,0,0,0,0,0.029412,0.058824,0,0,0,0,0,0
0,0,0,0,0,0.066667,0,0,0,0.2,0,0,0,0,0,0.066667,0,0,0.066667,0.066667,0.066667,0,0,0,0,0,0,0,0,0,0,0,0,0,0,0,0,0,0,0,0,0,0,0,0,0,0,0,0.066667,0,0,0.066667,0,0,0.13333,0,0,0.13333,0,0,0,0,0.066667,0
0,0.055556,0,0.055556,0.055556,0,0,0,0,0,0,0.055556,0,0.055556,0.055556,0,0.055556,0,0,0,0,0,0,0,0,0,0,0,0,0,0,0,0,0,0,0,0,0,0.055556,0.055556,0,0.055556,0,0,0.055556,0,0.055556,0.11111,0,0,0,0,0,0.055556,0,0,0.055556,0,0,0,0,0,0.055556,0.055556
0.031746,0,0,0,0.047619,0,0,0.047619,0,0.015873,0,0,0.047619,0,0.047619,0,0.031746,0,0.015873,0.015873,0.047619,0.015873,0,0.095238,0,0.031746,0,0.015873,0.015873,0.031746,0,0,0,0,0.015873,0,0.079365,0.047619,0,0.079365,0,0.015873,0,0,0,0,0.015873,0,0.015873,0.015873,0,0,0.015873,0,0,0,0,0.015873,0,0.015873,0.015873,0,0.015873,0.079365
0.1,0,0.1,0.05,0,0,0,0,0,0.05,0,0,0,0,0,0.1,0,0,0,0,0,0,0,0,0.05,0.05,0,0.05,0,0,0,0,0,0,0,0,0.1,0,0.15,0,0,0.05,0,0,0,0,0,0,0,0,0,0,0,0,0,0,0.05,0,0,0,0.05,0,0,0.05
0.11111,0,0,0.055556,0,0,0,0,0,0.055556,0,0,0,0,0.055556,0,0.055556,0,0.055556,0,0,0,0,0,0,0,0,0,0,0,0,0,0,0,0,0,0,0.055556,0,0,0.055556,0.055556,0.055556,0,0.055556,0,0,0.055556,0.055556,0.055556,0,0,0,0,0.055556,0,0,0,0,0,0,0,0.055556,0.055556
0.125,0,0,0,0,0,0,0,0,0.0625,0,0.0625,0.0625,0,0,0.0625,0,0,0.0625,0,0,0,0,0,0,0,0,0,0,0,0,0,0,0,0,0,0,0,0,0,0,0,0,0,0,0,0.0625,0,0.125,0,0,0.0625,0,0,0,0,0.0625,0,0,0,0.125,0,0.0625,0.0625
0,0,0,0.1,0,0,0,0,0,0,0.1,0,0,0,0.1,0,0,0,0,0.1,0,0.1,0,0,0,0.1,0,0,0,0,0,0,0,0,0,0,0,0,0,0,0,0,0.1,0,0,0,0,0,0,0,0,0,0,0,0,0,0,0.1,0,0,0,0,0.1,0.1
0.090909,0,0.045455,0,0,0,0,0.045455,0,0,0.045455,0.045455,0,0.045455,0.045455,0,0,0,0.045455,0,0,0,0,0.045455,0.090909,0,0,0,0,0,0,0,0,0,0,0,0,0.045455,0,0,0,0,0,0,0.045455,0,0.13636,0,0,0,0.045455,0,0,0,0,0,0,0.090909,0.045455,0.045455,0,0,0,0
0,0,0,0,0.22222,0,0,0,0,0,0,0,0.11111,0,0,0,0,0,0,0,0,0,0,0,0,0.11111,0,0.11111,0,0,0.22222,0,0,0,0,0,0,0,0,0,0,0,0,0,0,0,0,0,0,0,0,0,0,0,0,0.11111,0,0,0,0,0,0,0,0.11111
0.125,0,0,0.0625,0,0,0,0,0,0,0,0,0.0625,0,0,0.0625,0,0,0,0,0.0625,0,0,0,0.125,0,0,0,0,0.0625,0,0,0,0,0.0625,0,0,0.0625,0,0,0.0625,0,0,0,0,0,0.0625,0,0.0625,0,0,0,0,0,0,0,0.0625,0,0,0,0.0625,0,0,0
0,0,0,0,0,0,0,0.03125,0,0.09375,0,0,0,0.03125,0,0,0,0,0,0,0,0,0.09375,0,0.0625,0.03125,0.03125,0,0,0.03125,0,0,0.03125,0.03125,0.0625,0,0,0,0.03125,0,0,0,0,0,0.0625,0.03125,0.0625,0.09375,0,0,0,0,0,0.03125,0,0,0,0.03125,0,0.03125,0.0625,0.03125,0,0
0.035714,0.035714,0,0,0.071429,0,0.017857,0,0.017857,0,0.053571,0,0,0.017857,0,0,0.071429,0.10714,0,0.053571,0.089286,0.017857,0,0,0.017857,0.017857,0,0.017857,0.017857,0,0,0,0.071429,0,0.017857,0,0.017857,0,0.053571,0,0,0.017857,0.017857,0,0,0.017857,0.017857,0.017857,0,0.035714,0,0,0,0,0.017857,0,0,0,0,0.017857,0,0.017857,0,0
0.071429,0,0.071429,0,0.071429,0,0,0,0,0,0,0.071429,0.14286,0,0,0,0.071429,0,0,0,0,0.071429,0,0,0,0,0,0,0,0,0,0,0,0.071429,0,0,0,0.071429,0,0,0,0,0,0,0,0,0.071429,0,0,0,0.071429,0,0,0,0.071429,0,0,0,0,0,0.071429,0,0,0
0,0,0.11111,0,0,0,0,0,0,0.055556,0,0,0.055556,0,0.055556,0,0.055556,0,0.055556,0,0.055556,0,0,0,0.055556,0,0.055556,0.055556,0,0,0,0,0,0,0,0,0.055556,0,0,0.055556,0,0,0,0,0,0,0,0,0.055556,0,0,0,0,0.055556,0,0,0.11111,0,0,0,0,0,0,0.055556
0.052632,0,0.10526,0,0,0,0.052632,0,0.052632,0,0,0,0,0,0,0.052632,0,0,0,0,0.052632,0,0,0.052632,0.052632,0,0,0.052632,0,0.052632,0,0,0.052632,0.052632,0,0,0,0,0.052632,0,0.052632,0,0,0,0,0,0.052632,0,0,0,0,0,0,0,0,0,0.052632,0,0,0,0,0,0.10526,0
0.078947,0.026316,0,0,0.078947,0.026316,0.026316,0.052632,0,0,0.026316,0,0.078947,0,0.026316,0,0,0,0.078947,0.026316,0.026316,0,0.026316,0,0.026316,0.026316,0,0,0,0.026316,0,0.026316,0,0.026316,0,0,0.026316,0,0,0.026316,0,0,0,0,0,0,0,0.052632,0,0.026316,0,0.026316,0,0.026316,0.026316,0,0,0,0,0,0.026316,0.026316,0,0.026316
0.10417,0.0625,0.041667,0,0.041667,0.020833,0,0,0,0,0,0,0.0625,0.020833,0,0.020833,0.020833,0,0.041667,0,0,0.041667,0.020833,0,0,0.020833,0,0.020833,0.020833,0,0,0.020833,0,0,0,0.020833,0.020833,0,0,0,0,0.020833,0.041667,0,0.020833,0,0,0,0.041667,0.020833,0,0.041667,0.041667,0,0,0,0,0,0,0,0.041667,0.020833,0.041667,0.041667
0,0,0,0,0,0,0.0625,0,0,0.0625,0,0,0,0,0.0625,0.0625,0,0.0625,0.125,0,0,0,0,0,0,0.0625,0,0.0625,0,0,0,0,0,0,0.0625,0,0,0,0,0,0,0.0625,0,0,0,0,0,0,0.0625,0,0.0625,0,0,0,0,0,0.0625,0.125,0,0,0,0,0,0
0.028571,0,0,0,0,0.028571,0,0,0.028571,0,0,0,0.028571,0,0,0.057143,0,0,0,0,0,0,0.028571,0,0.028571,0.028571,0,0.085714,0,0.057143,0,0,0.028571,0,0,0.028571,0,0,0,0.028571,0,0,0.028571,0.028571,0,0,0.028571,0.028571,0.028571,0,0,0,0,0,0.11429,0.085714,0.057143,0,0,0.057143,0.028571,0,0.028571,0
0,0.038462,0,0.076923,0,0,0,0.038462,0,0,0,0,0,0.038462,0,0,0,0.038462,0,0,0,0.038462,0,0,0,0.076923,0,0.038462,0,0,0.038462,0.076923,0,0,0,0,0,0,0,0,0.038462,0,0,0.038462,0,0.038462,0.038462,0,0,0,0,0,0.038462,0.038462,0,0.038462,0,0.11538,0.038462,0,0,0,0,0.076923
0,0,0,0.055556,0.055556,0,0,0,0,0.055556,0,0.055556,0,0,0,0.11111,0,0,0.055556,0,0,0,0,0,0,0,0,0,0,0,0,0,0,0,0,0,0,0.055556,0,0,0.055556,0,0,0.055556,0.055556,0,0.055556,0.055556,0,0,0,0.055556,0,0,0,0,0,0.055556,0.11111,0,0,0,0,0.055556
0,0,0.076923,0,0,0,0,0,0,0,0,0,0,0,0.076923,0,0,0.076923,0,0.076923,0,0,0,0,0,0,0,0,0,0,0,0,0,0,0,0,0,0,0,0,0,0,0,0,0,0,0,0,0.076923,0,0.15385,0,0,0.15385,0,0.076923,0,0,0,0,0.076923,0,0.15385,0
0.04,0,0.04,0,0,0,0,0.08,0,0,0,0,0.04,0,0,0,0.04,0,0,0.08,0,0.04,0,0,0,0,0,0,0,0.04,0.04,0,0.08,0,0,0,0,0,0,0.08,0,0,0,0,0,0.04,0,0.04,0.04,0.04,0,0.08,0,0.04,0,0,0,0,0,0,0.04,0.04,0,0.04
0.066667,0.022222,0.022222,0,0.044444,0,0,0,0,0.022222,0,0,0.11111,0.022222,0.022222,0,0.044444,0,0,0.022222,0.022222,0,0,0,0,0,0,0,0.022222,0.022222,0,0.044444,0,0,0,0.022222,0.044444,0,0,0.022222,0.022222,0,0.066667,0,0.022222,0.022222,0,0,0,0,0.044444,0,0,0,0,0,0,0.088889,0,0,0.022222,0,0.022222,0.088889
0.022727,0,0.022727,0,0.022727,0,0,0,0,0,0,0,0.022727,0,0.022727,0.022727,0.022727,0,0.022727,0.022727,0.022727,0,0,0.022727,0,0,0,0,0,0.022727,0.022727,0.045455,0,0,0,0,0,0.022727,0,0,0,0,0,0.022727,0.045455,0.022727,0,0.045455,0.068182,0.022727,0.045455,0.045455,0.022727,0.090909,0.022727,0.045455,0,0,0,0.045455,0.068182,0,0,0.022727
0,0,0,0,0,0,0,0.090909,0,0,0,0,0.045455,0.045455,0,0.045455,0,0.045455,0,0,0.045455,0.045455,0,0,0,0,0,0,0.045455,0.045455,0,0,0,0.045455,0,0.045455,0,0.045455,0,0,0,0,0,0.045455,0.090909,0.045455,0,0,0,0,0,0,0.045455,0,0,0,0.045455,0,0,0,0,0.13636,0,0
0.025641,0.025641,0.025641,0.025641,0,0.025641,0,0,0,0,0,0,0,0.025641,0.025641,0,0.10256,0,0.051282,0.051282,0.051282,0.025641,0,0,0,0,0.051282,0.025641,0.025641,0,0,0,0.10256,0,0,0,0.025641,0,0,0,0.051282,0.025641,0.051282,0,0,0,0.025641,0,0,0,0.051282,0,0,0.025641,0,0,0.025641,0,0,0,0,0.025641,0.025641,0
0.33333,0.066667,0,0,0,0,0,0.066667,0,0,0,0,0,0,0,0,0.066667,0,0,0,0,0,0,0,0,0,0,0,0.066667,0,0,0,0,0,0,0,0,0,0,0,0.066667,0,0,0,0,0,0,0,0,0,0,0,0,0,0,0.066667,0,0,0,0,0.066667,0.13333,0,0.066667
0.069767,0.046512,0.046512,0.069767,0,0.046512,0,0,0,0.023256,0,0.023256,0.023256,0,0,0,0.023256,0,0,0,0,0.023256,0,0,0,0.023256,0,0.023256,0.023256,0,0.023256,0,0,0,0,0.023256,0.093023,0,0.023256,0,0.046512,0,0,0,0,0,0.023256,0,0.046512,0,0,0,0.069767,0,0.023256,0.023256,0.023256,0.023256,0,0.023256,0.023256,0,0.023256,0.023256
0.035714,0,0.071429,0.035714,0,0,0,0,0,0.035714,0,0,0,0,0,0,0,0,0.035714,0.035714,0.035714,0,0,0,0.035714,0,0,0.035714,0,0.035714,0,0,0,0,0,0,0,0,0,0,0,0,0,0.035714,0.035714,0,0.10714,0,0,0,0.035714,0,0.035714,0.035714,0.035714,0.035714,0.071429,0,0,0.10714,0,0.035714,0.035714,0
0.16667,0,0.083333,0.16667,0,0,0,0,0,0,0,0,0.16667,0,0,0,0,0,0,0,0,0,0,0,0,0,0,0,0,0,0,0,0,0,0,0,0,0,0,0,0,0,0,0,0.083333,0.083333,0,0,0,0.083333,0,0,0.083333,0,0,0,0,0,0,0,0.083333,0,0,0
0,0.076923,0,0.076923,0,0,0,0,0,0.076923,0,0,0,0,0,0,0.076923,0.076923,0.076923,0.076923,0.076923,0,0,0,0,0,0,0,0,0,0,0,0,0,0,0,0.076923,0,0,0,0,0,0,0,0.076923,0,0,0,0,0,0,0,0.076923,0.076923,0,0,0,0,0,0.076923,0,0,0,0
0.088889,0,0,0,0.044444,0,0,0,0,0.066667,0,0.022222,0.022222,0.066667,0,0,0.022222,0,0.022222,0.066667,0.022222,0,0,0,0.022222,0.022222,0,0.044444,0,0.044444,0.022222,0,0.022222,0,0.022222,0.022222,0,0.044444,0,0.022222,0.022222,0,0,0,0,0.022222,0.022222,0,0,0.044444,0.022222,0,0,0.044444,0.022222,0,0,0,0,0,0.022222,0.022222,0,0.022222
0,0,0,0,0,0,0,0,0,0,0,0.076923,0,0.076923,0,0.076923,0,0,0,0,0,0,0,0.076923,0,0,0,0,0,0,0,0,0,0,0,0,0,0,0,0.076923,0.076923,0,0,0,0,0,0.076923,0,0,0,0,0.15385,0.076923,0,0,0,0.076923,0,0,0.076923,0,0.076923,0,0
0.055556,0,0,0,0,0.055556,0,0,0,0,0,0,0,0.055556,0,0.055556,0,0,0,0,0.055556,0,0,0,0,0.055556,0,0.055556,0,0,0,0,0,0,0,0,0.055556,0.11111,0,0,0,0,0,0,0,0,0.055556,0,0,0,0,0,0,0.055556,0.055556,0.055556,0.055556,0.055556,0,0.055556,0,0.055556,0,0
0.09375,0.03125,0.03125,0.03125,0,0,0.03125,0.03125,0.03125,0.03125,0,0,0.03125,0,0,0,0.03125,0,0.03125,0,0.03125,0,0,0,0.03125,0,0.03125,0,0,0,0.03125,0,0.03125,0,0,0,0.09375,0.03125,0.03125,0,0.125,0,0.0625,0,0.03125,0.03125,0,0,0,0,0,0,0.03125,0,0,0,0,0,0,0,0,0,0,0
0.11538,0.038462,0.038462,0,0,0,0.076923,0,0,0,0.038462,0,0,0,0,0,0.038462,0,0,0,0,0.038462,0,0,0,0,0.038462,0,0,0,0,0.038462,0,0.038462,0,0.038462,0,0,0.076923,0,0,0,0,0.038462,0.038462,0,0,0.038462,0,0,0,0,0,0.038462,0.11538,0,0.038462,0.076923,0,0,0,0,0,0
0,0,0,0,0,0,0.057143,0,0,0,0,0,0,0,0.028571,0.11429,0,0,0.028571,0,0,0,0,0.028571,0,0,0.028571,0,0,0,0.085714,0,0,0,0,0.028571,0,0.028571,0,0.028571,0.057143,0.028571,0,0.028571,0,0.028571,0.057143,0.057143,0,0,0.057143,0,0,0,0,0.028571,0,0.057143,0,0.028571,0.028571,0,0.057143,0.028571
0,0,0,0,0,0,0,0.043478,0,0,0,0,0.043478,0,0,0,0,0,0,0,0,0,0,0,0.086957,0.086957,0,0.086957,0,0,0.043478,0.043478,0,0.043478,0,0,0,0,0,0,0,0,0,0.043478,0,0,0,0.043478,0.043478,0,0,0,0.043478,0,0,0,0,0,0.13043,0,0.043478,0.13043,0.043478,0
0,0,0,0,0,0,0,0,0,0.076923,0.076923,0,0,0,0,0.076923,0.076923,0,0,0,0,0,0,0,0,0.076923,0,0,0,0,0,0,0,0,0,0,0.076923,0.076923,0,0,0,0,0,0,0,0.076923,0,0.076923,0.076923,0,0,0,0,0,0,0,0,0,0,0.076923,0,0.076923,0.076923,0
0,0,0,0.090909,0,0,0,0,0.090909,0,0,0.090909,0,0,0,0,0.090909,0.090909,0,0,0,0,0,0,0,0,0,0,0.090909,0,0,0,0,0,0,0.090909,0,0,0,0,0,0,0,0,0.090909,0,0,0,0,0,0,0,0,0.090909,0,0,0,0.090909,0,0,0,0,0.090909,0
0.16418,0.029851,0.014925,0.029851,0.10448,0,0,0,0,0,0,0,0.014925,0,0.029851,0.014925,0.089552,0,0.014925,0,0.014925,0.014925,0,0.014925,0,0,0,0,0.029851,0.014925,0,0,0.029851,0.029851,0.044776,0,0,0,0.029851,0,0,0,0.074627,0,0.014925,0.014925,0,0.014925,0.014925,0.014925,0,0.014925,0.014925,0.014925,0,0,0,0.014925,0,0,0.029851,0,0.014925,0.014925
0.044776,0.044776,0.029851,0,0.044776,0,0.014925,0.014925,0.029851,0.014925,0.029851,0.014925,0.059701,0,0.014925,0.029851,0.029851,0.014925,0,0.029851,0.014925,0,0.014925,0,0.014925,0.014925,0,0,0.014925,0.014925,0.014925,0,0.044776,0,0,0.029851,0,0,0.014925,0,0.014925,0,0.014925,0,0,0.014925,0,0.029851,0,0.044776,0.014925,0,0.044776,0,0.014925,0.029851,0.014925,0,0,0.014925,0.044776,0.029851,0,0.014925
0.036145,0.012048,0.012048,0.012048,0,0,0,0.012048,0,0.012048,0,0.036145,0.060241,0.012048,0.036145,0.024096,0.024096,0,0,0.012048,0,0,0.012048,0,0.024096,0,0,0,0,0.012048,0.048193,0.012048,0.012048,0,0,0.012048,0.036145,0,0.012048,0,0,0,0,0.024096,0.048193,0.024096,0,0.024096,0.024096,0.024096,0.024096,0.024096,0.024096,0,0.036145,0,0.024096,0,0,0.012048,0.060241,0.024096,0.048193,0.072289
0.32432,0.027027,0,0,0.027027,0.054054,0,0.054054,0.027027,0.027027,0,0.027027,0,0,0,0,0.054054,0,0,0,0,0,0,0,0.027027,0.027027,0,0,0,0,0,0,0,0,0.027027,0,0.054054,0,0,0,0,0,0,0,0,0,0.027027,0,0.054054,0,0,0,0,0,0.027027,0.027027,0.027027,0.027027,0.027027,0,0,0,0.027027,0
0.12,0,0.04,0,0,0,0.04,0.08,0,0,0,0,0,0,0.12,0.04,0.04,0.04,0,0,0.04,0,0,0,0,0,0.04,0,0.04,0,0.04,0.04,0.04,0,0.04,0.04,0,0,0,0.04,0,0.04,0,0,0,0,0,0,0,0,0,0,0,0,0,0,0.04,0,0,0,0,0,0.04,0
0.055556,0,0,0.055556,0.11111,0,0,0.055556,0,0,0,0,0,0,0.055556,0,0,0.11111,0.055556,0,0,0,0,0,0,0,0,0,0,0,0.055556,0,0,0,0,0,0,0,0,0.055556,0,0,0,0.055556,0,0,0,0,0,0,0,0,0.11111,0,0,0.11111,0,0,0,0,0,0.055556,0,0.055556
0.035714,0,0.035714,0.035714,0.071429,0,0,0,0,0.035714,0,0,0.035714,0.035714,0.071429,0.035714,0,0,0.035714,0,0.035714,0,0,0,0,0,0.035714,0,0.10714,0,0,0,0,0.035714,0.071429,0,0,0,0,0,0,0,0,0,0.035714,0,0.035714,0,0,0.071429,0.035714,0,0,0,0.071429,0,0.035714,0,0,0,0,0,0,0
0,0.058824,0,0.11765,0,0.058824,0,0,0,0,0,0.058824,0.11765,0,0.058824,0,0.11765,0,0,0.058824,0.058824,0,0,0,0,0,0,0,0.058824,0,0,0,0,0,0,0,0.058824,0,0,0,0,0,0,0,0,0,0,0,0,0.058824,0,0,0,0,0,0,0,0,0,0,0.11765,0,0,0
0.047619,0,0.02381,0.02381,0,0,0,0,0,0.02381,0.02381,0.02381,0.047619,0,0,0,0,0,0.047619,0.02381,0.02381,0,0,0.02381,0.02381,0,0,0,0.02381,0,0.02381,0.02381,0.047619,0,0,0,0,0.02381,0.02381,0,0.02381,0,0,0.02381,0,0,0,0.02381,0,0,0.02381,0,0,0.02381,0.02381,0.02381,0,0.02381,0.02381,0.047619,0,0.02381,0.095238,0.095238
0.05,0,0,0,0,0,0,0.05,0,0,0.05,0,0.05,0,0.05,0,0,0.05,0,0,0,0,0,0,0,0.05,0.05,0,0,0,0.1,0.05,0,0,0,0,0.05,0,0,0,0,0,0,0.05,0,0,0,0,0.1,0,0,0.05,0,0,0.05,0,0,0,0.05,0,0.05,0,0,0.05
0.083333,0,0,0,0,0,0,0,0,0,0,0,0.083333,0,0.083333,0,0,0,0,0,0,0.083333,0,0,0,0,0,0.083333,0.083333,0,0,0,0,0,0,0,0.083333,0,0,0,0,0.083333,0,0,0,0,0,0,0,0,0.083333,0.16667,0,0,0,0,0.083333,0,0,0,0,0,0,0
0,0,0,0,0,0,0,0,0,0,0,0,0,0,0,0.05,0,0,0,0.05,0,0.05,0.05,0,0,0.05,0,0,0,0,0.15,0.1,0,0,0,0,0,0,0,0,0,0,0,0,0,0,0,0.15,0,0,0,0,0,0,0,0,0.05,0.05,0,0,0,0.05,0.1,0.1
0,0.035714,0,0,0,0,0.071429,0,0,0,0,0,0,0,0,0,0,0,0.035714,0,0,0,0,0,0.071429,0,0.035714,0.035714,0,0.071429,0.035714,0.10714,0,0,0.035714,0,0,0,0,0.071429,0,0,0,0,0,0,0.035714,0,0,0,0,0.035714,0,0.035714,0,0.14286,0,0.071429,0,0,0.035714,0,0.035714,0
0,0,0,0,0,0,0,0,0,0,0,0,0,0,0,0,0.058824,0,0,0,0,0,0.23529,0,0,0.11765,0,0.11765,0,0,0,0,0,0,0,0,0,0,0,0,0.058824,0,0,0,0.058824,0.17647,0,0,0,0,0,0,0,0,0.058824,0,0,0,0.058824,0,0,0,0.058824,0
0.058824,0,0.058824,0,0,0,0.058824,0.058824,0,0.058824,0,0,0,0,0.058824,0.058824,0.058824,0.11765,0,0,0,0.058824,0,0,0.058824,0,0,0,0,0,0,0,0,0,0,0,0,0,0,0,0,0,0,0,0,0,0,0,0,0,0,0.058824,0,0,0,0,0.11765,0.058824,0,0,0,0.058824,0,0
0,0,0,0.071429,0.071429,0.071429,0,0,0,0.071429,0,0.071429,0,0,0.071429,0,0,0,0,0.071429,0,0,0,0,0,0,0,0,0,0,0.071429,0,0,0,0.071429,0,0.14286,0.071429,0,0,0,0,0,0.071429,0,0,0.071429,0,0,0,0,0,0,0,0,0,0,0,0,0,0,0,0,0
0.21212,0.030303,0.12121,0.030303,0.030303,0,0,0,0.030303,0,0,0,0,0.030303,0,0,0.060606,0,0,0,0.030303,0,0.12121,0,0.030303,0,0,0.030303,0,0,0,0,0,0,0,0,0,0,0,0,0,0,0,0,0,0,0,0.030303,0.060606,0,0,0,0,0,0.030303,0,0,0.030303,0.030303,0.030303,0,0.030303,0,0
0.19355,0.064516,0,0,0.032258,0.032258,0,0,0,0,0,0,0.032258,0,0,0.032258,0.064516,0.032258,0.032258,0,0,0,0,0.032258,0.032258,0,0,0.032258,0,0,0.032258,0,0,0,0,0,0,0,0.032258,0.064516,0,0,0,0.032258,0,0,0,0,0.064516,0,0,0,0,0,0,0,0,0.032258,0,0.064516,0.032258,0,0,0.032258
0.0625,0.0625,0,0.0625,0,0,0,0,0,0,0,0.0625,0,0,0,0,0.0625,0,0,0,0,0,0,0,0,0,0,0,0,0,0,0,0,0,0,0,0,0,0.0625,0,0,0,0,0,0,0,0.0625,0,0.0625,0.0625,0,0.0625,0.0625,0,0,0,0,0.125,0,0,0.0625,0,0,0.125
0,0.066667,0,0.066667,0.066667,0,0,0,0.066667,0,0,0,0.13333,0,0,0,0,0,0,0,0,0,0.066667,0,0,0,0,0,0,0,0,0,0,0,0,0,0,0,0,0,0,0,0,0,0.066667,0,0,0,0,0,0,0.066667,0,0,0,0,0.066667,0,0.066667,0,0.066667,0,0.066667,0.13333
0.085714,0,0.028571,0.028571,0,0.057143,0,0,0,0,0,0.028571,0.028571,0.057143,0,0.057143,0.028571,0,0.028571,0.028571,0.057143,0.028571,0,0,0,0.028571,0.057143,0,0,0,0,0,0,0.028571,0.028571,0,0.057143,0,0,0,0,0,0,0,0,0.028571,0,0,0.057143,0,0,0,0.057143,0,0,0,0,0.028571,0,0.028571,0.028571,0.028571,0,0
0,0.032258,0,0,0,0,0.064516,0,0,0.032258,0,0.032258,0.064516,0.032258,0.032258,0,0,0.032258,0,0,0.032258,0,0,0.032258,0.032258,0,0,0,0,0.032258,0,0,0,0,0,0,0.064516,0,0.032258,0.032258,0,0.032258,0,0,0.032258,0,0.032258,0,0,0.032258,0.032258,0.064516,0,0,0.032258,0,0.032258,0.032258,0,0.096774,0,0,0,0
0,0,0.034483,0,0,0.034483,0,0,0.034483,0,0.034483,0,0.034483,0.034483,0,0.034483,0.034483,0.068966,0.034483,0.034483,0.034483,0.068966,0,0,0,0,0.034483,0,0,0.034483,0,0,0,0.034483,0,0,0.068966,0.034483,0.034483,0,0,0,0,0,0.034483,0,0.034483,0,0,0.034483,0,0,0.034483,0,0,0.034483,0,0.034483,0.034483,0,0,0,0,0
0.1,0,0.1,0,0,0,0,0,0,0.1,0,0.1,0,0,0,0,0,0,0,0,0,0,0,0,0,0,0,0,0,0,0,0,0,0,0,0,0.2,0,0.1,0,0,0.1,0.1,0,0,0,0,0,0.1,0,0,0,0,0,0,0,0,0,0,0,0,0,0,0
0.090909,0,0.045455,0,0,0,0.090909,0,0,0,0,0,0,0,0,0,0.090909,0.045455,0,0,0,0,0,0,0.045455,0,0,0,0,0,0,0,0.045455,0.045455,0,0,0.045455,0.045455,0.090909,0,0,0,0,0,0,0,0.045455,0,0.045455,0.045455,0,0.045455,0,0,0,0,0.045455,0,0,0,0,0,0.090909,0
0,0,0.0625,0,0,0,0,0.0625,0,0.0625,0.0625,0,0,0,0,0,0.0625,0,0.1875,0,0,0,0.125,0,0,0,0.0625,0,0,0,0,0,0.125,0.0625,0,0,0,0,0,0,0,0,0.0625,0.0625,0,0,0,0,0,0,0,0,0,0,0,0,0,0,0,0,0,0,0,0
0.058824,0,0,0,0.058824,0,0,0,0,0.058824,0.058824,0.058824,0,0.11765,0,0,0,0,0,0,0,0,0,0,0.058824,0,0,0,0,0,0.11765,0,0,0,0,0.058824,0,0.058824,0,0,0,0,0,0,0,0.11765,0,0,0,0,0,0,0,0.11765,0,0,0,0,0,0,0,0,0.058824,0
0.074074,0,0,0,0,0,0,0,0,0.037037,0,0,0.074074,0.037037,0.037037,0.074074,0,0,0,0,0,0,0,0,0,0.037037,0,0,0,0,0,0,0.037037,0,0,0,0,0,0,0,0,0,0,0,0,0,0,0.11111,0.11111,0.037037,0.037037,0.037037,0.037037,0.037037,0,0,0.037037,0.037037,0,0.037037,0,0.037037,0.037037,0
0,0,0,0,0,0,0,0,0.055556,0,0,0,0.055556,0.055556,0.11111,0,0.055556,0,0,0.11111,0,0,0,0,0,0.055556,0,0,0,0,0,0.055556,0.055556,0,0,0,0,0,0,0.055556,0,0,0,0,0.055556,0,0,0.055556,0.055556,0,0,0,0,0,0,0,0,0,0.055556,0,0.055556,0.055556,0,0
0.043478,0,0,0.043478,0,0,0.043478,0,0,0,0,0,0.043478,0.043478,0,0.043478,0,0,0,0,0,0,0,0,0,0,0,0,0,0,0,0,0,0,0,0,0,0,0.043478,0,0,0,0,0,0.043478,0,0,0.043478,0.086957,0.043478,0,0.043478,0.043478,0.043478,0,0,0.043478,0,0,0,0.086957,0.043478,0.043478,0.13043
0.081633,0.020408,0.020408,0.040816,0.020408,0,0.020408,0.020408,0.081633,0,0.020408,0,0.040816,0,0,0,0.020408,0.040816,0.020408,0.020408,0.020408,0.020408,0,0,0.020408,0,0.020408,0,0,0,0,0.020408,0,0,0,0,0,0,0,0.020408,0.020408,0.040816,0,0,0,0.020408,0.040816,0.040816,0.040816,0.040816,0,0.020408,0.020408,0,0,0,0,0.040816,0.020408,0.020408,0.020408,0,0,0.020408
0,0,0,0,0,0,0.041667,0,0,0,0,0,0,0,0,0,0,0,0,0,0,0,0,0.041667,0,0,0.041667,0.041667,0,0.041667,0,0.041667,0.041667,0,0.041667,0,0,0,0,0,0,0,0,0,0.041667,0.041667,0,0,0.041667,0.083333,0.083333,0,0,0,0.041667,0.041667,0,0.083333,0,0.125,0.041667,0,0,0.041667
0,0,0,0.045455,0,0,0,0,0,0,0,0,0.045455,0,0,0.090909,0.045455,0,0,0.045455,0,0,0,0,0,0,0,0,0,0,0,0.045455,0.045455,0,0,0.090909,0,0.045455,0,0,0,0,0,0,0,0.090909,0.045455,0,0.045455,0.090909,0,0.045455,0,0,0.045455,0,0,0,0,0,0,0,0.045455,0.090909
0,0.032258,0.064516,0,0,0.032258,0,0,0,0,0,0.032258,0,0,0.096774,0,0,0,0.032258,0,0.032258,0,0,0,0,0.032258,0,0,0.032258,0,0,0,0.064516,0,0,0.032258,0,0,0,0,0.032258,0,0,0,0.064516,0,0.032258,0,0.032258,0,0.032258,0.032258,0,0,0,0.064516,0.064516,0,0.032258,0,0.064516,0,0.064516,0
0.04,0,0,0.04,0,0,0.08,0,0.08,0,0.04,0,0.04,0,0.08,0.04,0,0,0,0.04,0,0,0.04,0,0,0,0,0,0,0,0.08,0,0,0,0.04,0,0.04,0,0,0,0,0.04,0,0,0,0,0,0.04,0.12,0,0,0.04,0,0,0,0,0,0.08,0,0,0,0,0,0
0,0.11111,0,0,0,0,0.11111,0,0,0,0,0,0.11111,0,0,0,0,0,0,0,0,0,0,0,0.11111,0,0.11111,0,0,0,0,0,0,0.11111,0,0,0,0,0.11111,0,0,0.11111,0,0,0,0,0,0,0,0,0,0,0,0,0,0,0,0,0,0,0,0,0.11111,0
0.10811,0.027027,0.054054,0.027027,0.054054,0,0,0,0.027027,0.081081,0,0.027027,0.054054,0.027027,0,0,0.027027,0,0,0,0.027027,0,0,0,0,0,0,0,0.054054,0,0,0,0.027027,0,0.027027,0,0.027027,0.027027,0,0,0,0.027027,0,0,0,0,0.027027,0,0.054054,0,0,0,0,0,0,0.027027,0.027027,0.027027,0,0,0.054054,0,0,0.054054
0.12,0,0,0.04,0.04,0,0,0,0,0,0,0,0.12,0,0,0.08,0.04,0.04,0,0,0,0.04,0,0,0,0,0,0,0,0.04,0.04,0,0.04,0,0,0,0,0,0,0,0,0,0,0,0,0,0,0.04,0.04,0,0,0.08,0.08,0,0,0,0.04,0.04,0,0,0,0,0.04,0
0,0.05,0,0,0,0,0.05,0,0,0.05,0.05,0,0.05,0.05,0,0.05,0,0,0,0,0,0,0.05,0,0,0,0.05,0.05,0,0.05,0.05,0.1,0,0,0,0,0.05,0,0,0.05,0.05,0,0,0,0,0,0,0,0,0,0,0,0,0,0,0,0,0,0.05,0,0.1,0,0,0
0.083333,0.041667,0,0,0.125,0.041667,0.041667,0,0.041667,0,0.041667,0.041667,0,0,0,0.083333,0.083333,0,0,0,0,0,0,0,0,0.041667,0,0,0.041667,0,0,0,0.041667,0,0,0,0,0,0,0,0,0,0,0,0,0,0,0.041667,0.041667,0.041667,0,0,0,0,0,0,0,0,0,0.083333,0,0,0,0.041667
0,0,0,0,0.066667,0,0,0,0,0,0,0.066667,0.066667,0,0,0,0,0.066667,0,0.066667,0,0,0,0,0,0,0,0,0,0,0,0,0,0,0.066667,0,0,0,0,0.066667,0,0,0,0,0,0,0,0,0.13333,0,0,0.066667,0,0,0,0,0,0.066667,0,0,0.066667,0,0.2,0
0.08,0.08,0,0.04,0.08,0.04,0,0,0,0.04,0,0,0,0.04,0.04,0,0,0,0,0,0.04,0,0,0,0.04,0,0.08,0,0,0,0.04,0,0.04,0,0,0,0,0,0,0,0,0,0,0,0.04,0,0,0,0.12,0,0,0,0.04,0,0,0,0,0,0,0,0.04,0.04,0.04,0
0.090909,0.18182,0,0,0,0,0,0,0,0,0,0,0.090909,0,0,0,0,0,0,0,0,0,0,0,0,0,0,0,0,0,0,0,0,0,0,0,0,0,0,0,0,0,0,0,0,0,0.090909,0.090909,0,0,0.090909,0,0.090909,0,0,0,0,0.090909,0.090909,0,0,0,0.090909,0
0.032258,0.064516,0.016129,0.016129,0.032258,0.032258,0,0,0,0.016129,0,0.016129,0.016129,0.016129,0.032258,0,0.032258,0.016129,0,0.016129,0.016129,0.032258,0,0,0.032258,0,0,0,0.016129,0.016129,0,0.064516,0.016129,0.016129,0.016129,0,0,0.016129,0.016129,0,0.016129,0.016129,0,0,0,0,0,0.016129,0.048387,0.016129,0,0.016129,0.016129,0.032258,0.016129,0.032258,0.016129,0.016129,0,0.032258,0.016129,0.032258,0.032258,0.016129
0.17647,0,0,0.11765,0,0,0,0,0,0,0,0,0,0,0,0.058824,0,0.058824,0.058824,0,0,0,0,0,0,0,0,0,0,0,0,0,0,0,0,0,0,0,0,0,0,0,0,0,0.058824,0,0,0,0,0,0.058824,0,0,0,0,0,0.058824,0,0,0,0.17647,0,0.058824,0.11765
0.055556,0,0,0,0,0,0,0,0,0,0,0.055556,0.055556,0,0,0.055556,0.11111,0,0,0,0.055556,0,0,0,0,0,0,0,0.055556,0,0,0,0,0,0,0,0.055556,0,0,0,0,0,0,0,0.055556,0,0.055556,0,0.055556,0,0,0.055556,0.055556,0,0,0,0,0.055556,0,0,0.055556,0.11111,0,0
0.071429,0,0,0,0,0,0.071429,0.071429,0,0,0,0,0.071429,0,0,0,0,0,0.071429,0,0,0,0,0,0,0.071429,0,0,0,0,0,0.071429,0,0,0,0,0,0.071429,0,0,0,0,0,0,0,0,0,0,0,0.071429,0,0.14286,0.14286,0,0,0,0,0.071429,0,0,0,0,0,0
0.0625,0,0,0,0,0,0,0,0,0.0625,0.0625,0,0,0,0,0,0,0,0,0.0625,0.0625,0,0,0.0625,0.0625,0,0,0,0,0,0.0625,0,0,0,0,0.0625,0,0.0625,0,0,0,0,0.125,0,0,0,0,0,0,0,0,0,0,0.0625,0.0625,0,0,0.0625,0.0625,0,0,0,0,0
0.11111,0,0.11111,0,0,0,0,0.11111,0,0,0,0,0,0,0,0,0,0,0,0,0,0,0,0,0,0.11111,0.11111,0,0,0,0,0,0.11111,0,0.11111,0,0,0,0,0,0,0.11111,0,0,0,0,0,0,0,0,0,0,0,0,0,0,0,0,0,0,0,0,0.11111,0
0.12,0.08,0,0.04,0.04,0,0,0,0,0.04,0,0,0,0.04,0,0.04,0.08,0.04,0,0,0,0,0,0,0,0,0,0,0,0,0,0,0,0,0,0,0,0,0.04,0,0,0,0,0,0.04,0,0,0.04,0.04,0.04,0,0,0,0,0.04,0,0,0,0,0,0.08,0.04,0.08,0.04
0,0.052632,0.052632,0,0,0.10526,0.052632,0,0,0,0,0,0,0.052632,0,0,0.052632,0,0,0,0,0,0,0,0.052632,0,0,0,0,0,0.052632,0,0,0,0,0,0.10526,0.052632,0,0.052632,0.15789,0,0,0,0,0,0.052632,0,0,0,0,0,0.052632,0.052632,0,0,0,0,0,0,0,0,0,0
0,0,0,0.041667,0,0,0.041667,0.041667,0,0,0.083333,0,0,0.041667,0,0.041667,0,0.041667,0,0,0.083333,0.041667,0.041667,0,0,0,0.041667,0,0,0,0,0,0.041667,0,0,0.041667,0.041667,0.083333,0,0.041667,0,0,0,0,0,0,0.041667,0,0,0,0,0,0,0,0,0,0,0.083333,0.041667,0,0.041667,0,0,0
0,0,0,0,0.05,0,0.05,0,0,0,0.05,0,0.05,0,0,0.05,0.05,0,0.1,0.05,0.05,0,0.05,0,0,0.05,0,0,0,0,0,0,0,0.05,0,0,0,0,0,0,0,0,0,0,0,0,0,0.05,0,0.05,0,0,0.05,0,0,0,0,0,0,0,0,0.1,0.05,0.05
0.051282,0.038462,0.025641,0.051282,0.025641,0,0.012821,0,0.012821,0.025641,0,0,0.025641,0.025641,0,0.051282,0.076923,0.038462,0.012821,0.012821,0,0,0,0.012821,0.038462,0.012821,0.012821,0,0.012821,0,0,0,0.025641,0.012821,0,0.012821,0.012821,0.012821,0.025641,0.012821,0.012821,0.025641,0.012821,0,0.012821,0,0.025641,0,0.025641,0,0,0.012821,0.025641,0,0.012821,0,0.038462,0.012821,0.012821,0.012821,0.012821,0.025641,0,0.025641
0,0,0,0,0,0,0.083333,0.083333,0,0,0,0,0,0,0,0,0,0,0,0,0,0,0,0,0.083333,0,0,0,0,0,0.083333,0,0,0,0,0,0,0,0.083333,0,0,0,0,0,0,0.083333,0.083333,0.083333,0,0,0,0,0,0,0.083333,0.083333,0.083333,0,0,0,0,0.083333,0,0
0.083333,0,0,0.16667,0,0,0,0,0,0,0,0,0.083333,0,0,0,0.16667,0,0,0,0,0,0,0,0,0,0,0,0.083333,0,0,0,0,0,0,0,0.083333,0.083333,0.083333,0,0,0,0,0,0,0,0,0,0.083333,0,0,0,0,0,0,0,0,0,0,0,0,0,0,0.083333
0,0,0,0,0.04,0,0.04,0.04,0,0.04,0,0,0.04,0,0,0.04,0.04,0,0,0,0,0,0,0,0.04,0.04,0,0.04,0,0,0,0,0,0,0,0.04,0,0.12,0.04,0,0,0,0,0,0,0.04,0,0.08,0,0,0,0,0,0,0.04,0,0,0.08,0.08,0.04,0,0,0,0.04
0,0,0,0,0.083333,0,0,0,0,0.083333,0,0,0,0,0.083333,0,0,0.083333,0.083333,0,0,0,0,0,0,0,0,0,0,0,0,0,0.16667,0,0,0,0,0,0.083333,0,0,0,0,0,0,0,0.083333,0,0,0,0,0,0.083333,0,0,0,0.083333,0,0,0,0,0,0.083333,0
0.027778,0.055556,0,0.027778,0.083333,0,0,0,0,0.027778,0,0.027778,0,0,0,0.055556,0.027778,0,0,0,0,0.027778,0,0,0,0.027778,0,0.027778,0,0,0,0,0.055556,0,0,0.027778,0.027778,0,0.027778,0,0.027778,0.027778,0,0.027778,0,0,0.055556,0,0.027778,0,0,0,0.027778,0.055556,0.027778,0,0.055556,0.027778,0.027778,0.027778,0,0,0.027778,0
0,0,0,0,0.0625,0,0,0.0625,0,0,0,0,0.1875,0,0.0625,0,0,0,0,0.0625,0,0.0625,0,0,0,0,0,0,0,0,0,0,0,0,0,0.0625,0,0,0,0,0,0,0,0,0,0.0625,0,0,0,0.125,0.0625,0.1875,0,0,0,0,0,0,0,0,0,0,0,0
0,0,0.076923,0,0.076923,0,0,0,0,0,0,0,0.076923,0,0,0.076923,0.23077,0,0,0,0,0,0,0,0.076923,0,0,0,0,0,0,0,0.076923,0,0,0,0.076923,0,0,0,0,0,0,0,0,0,0,0,0,0,0,0,0,0,0,0,0,0,0,0.076923,0.076923,0.076923,0,0
0.03125,0.09375,0,0,0,0,0.03125,0,0,0.0625,0.03125,0,0,0.03125,0.03125,0,0,0,0.0625,0,0,0.03125,0,0,0,0.03125,0,0,0,0.03125,0,0,0,0.03125,0,0,0.0625,0,0,0.03125,0,0.15625,0,0,0,0.03125,0.03125,0,0.03125,0,0,0,0,0,0,0,0,0.0625,0.0625,0,0,0,0.03125,0
0.090909,0,0.045455,0,0,0,0,0,0,0.27273,0,0.045455,0,0,0,0,0.045455,0,0,0,0,0,0,0.045455,0.090909,0,0,0,0,0.045455,0,0,0,0,0,0,0,0.045455,0,0,0.090909,0.090909,0,0,0,0,0,0,0,0,0,0,0,0,0,0,0,0,0.045455,0,0,0,0.045455,0
0,0,0,0.034483,0.034483,0,0.034483,0.034483,0,0,0,0,0,0.034483,0.034483,0,0.034483,0,0,0,0.034483,0,0,0,0,0,0,0,0.068966,0.034483,0,0,0.068966,0,0.034483,0.034483,0.034483,0,0.034483,0,0,0,0,0,0.034483,0,0.068966,0,0.10345,0.034483,0,0,0,0,0.034483,0,0.068966,0.034483,0,0.034483,0,0,0,0
0.025641,0.025641,0.012821,0.025641,0.038462,0.076923,0,0.012821,0,0.038462,0.012821,0.012821,0,0.025641,0.012821,0.012821,0.012821,0,0.012821,0.012821,0.025641,0.012821,0.025641,0,0.064103,0.064103,0.012821,0.012821,0.012821,0.025641,0.012821,0,0.012821,0,0,0.012821,0.012821,0.064103,0,0.025641,0.012821,0,0,0.025641,0.012821,0,0,0,0.025641,0.012821,0.012821,0,0.012821,0.025641,0.025641,0,0,0.038462,0.025641,0,0,0,0,0
0.085714,0.028571,0.028571,0.057143,0,0,0.028571,0.028571,0,0,0,0,0,0.028571,0,0,0.11429,0,0.028571,0,0.028571,0.028571,0,0,0,0,0,0,0,0,0.028571,0.028571,0.085714,0.057143,0,0,0.028571,0.028571,0,0,0.028571,0.085714,0,0,0,0,0.028571,0,0,0,0.028571,0,0,0,0.028571,0,0,0.028571,0,0,0,0,0.028571,0
0.03125,0.03125,0.03125,0.03125,0.03125,0.03125,0,0,0.03125,0.0625,0,0.0625,0.03125,0,0,0,0,0,0,0,0,0.03125,0.03125,0,0,0,0.03125,0,0,0,0.03125,0,0.03125,0,0,0,0,0.09375,0.0625,0,0.0625,0,0.03125,0,0,0,0,0,0,0,0.03125,0,0,0,0.0625,0,0.03125,0.03125,0,0.03125,0,0,0,0.03125
0,0,0,0.1,0,0,0,0.1,0,0,0,0.1,0,0,0,0,0,0,0.1,0,0.1,0,0,0,0,0,0,0,0,0,0,0,0,0,0,0,0,0.1,0,0,0,0.1,0,0,0,0,0.1,0,0.1,0,0,0,0,0,0.1,0,0,0,0,0,0,0,0,0
0,0,0,0,0,0,0,0.037037,0,0,0,0,0.11111,0,0,0,0,0.037037,0,0,0,0.037037,0.037037,0,0,0.037037,0,0,0.037037,0.037037,0.037037,0,0,0,0,0,0,0.074074,0.037037,0,0,0,0,0,0.074074,0,0.074074,0,0.037037,0,0,0,0,0,0.037037,0.074074,0,0.037037,0,0,0,0.074074,0.074074,0
0.047619,0,0,0,0,0,0,0,0,0,0.047619,0,0,0,0,0,0.095238,0.047619,0.095238,0.047619,0.095238,0,0.047619,0.047619,0,0,0.047619,0,0,0,0.047619,0,0,0,0.047619,0,0,0,0,0,0,0,0,0.047619,0,0,0.047619,0,0.047619,0,0.047619,0,0,0,0,0,0.047619,0,0,0,0,0,0.047619,0
0.025,0.05,0,0.025,0,0,0.025,0,0.025,0.025,0,0,0.05,0.05,0,0.025,0.025,0,0.025,0.025,0,0,0.025,0,0.025,0.025,0,0,0,0,0.025,0,0.075,0,0,0,0,0.05,0.05,0,0.05,0,0,0.025,0,0,0,0,0.05,0,0,0,0,0.025,0.025,0.05,0.05,0,0,0.025,0.025,0,0,0.025
0,0,0.058824,0.058824,0,0,0.058824,0,0,0.058824,0.058824,0,0.058824,0,0,0.058824,0.058824,0,0,0,0,0,0.058824,0,0,0,0,0,0,0,0.058824,0,0,0,0,0,0.11765,0.058824,0,0,0,0.058824,0,0.058824,0,0,0,0,0,0,0,0,0,0,0,0,0.058824,0,0,0,0.058824,0,0,0
0.0625,0.125,0.0625,0,0,0.0625,0,0,0,0.0625,0,0,0,0,0,0.0625,0.0625,0,0,0,0,0,0,0,0,0,0,0,0,0,0,0,0,0,0,0,0.0625,0.0625,0,0,0,0.0625,0,0,0,0,0,0,0.0625,0,0,0.0625,0,0,0.0625,0,0,0,0,0,0,0,0.0625,0.0625
0.071429,0,0.071429,0,0,0,0,0,0,0,0,0.071429,0,0.14286,0,0,0,0,0,0,0,0,0,0,0.071429,0,0,0,0,0,0,0,0,0,0,0,0,0,0,0,0.071429,0.071429,0,0,0,0,0,0,0,0,0.14286,0,0,0,0.071429,0,0,0.071429,0,0.071429,0,0,0,0.071429
0,0,0,0,0.11111,0,0,0,0,0,0,0,0,0,0,0,0.22222,0,0,0,0,0,0,0,0,0.11111,0,0,0,0,0,0,0,0,0,0.11111,0,0,0.11111,0,0.11111,0,0,0,0,0,0,0,0,0.11111,0,0,0,0,0,0,0,0,0,0,0.11111,0,0,0
0.16667,0,0.041667,0.041667,0.041667,0.041667,0,0.041667,0.041667,0,0,0,0,0,0,0,0,0,0.125,0,0,0.041667,0,0,0.041667,0,0,0,0,0,0.041667,0,0.083333,0,0,0.041667,0,0,0.041667,0,0,0,0,0,0,0,0,0,0,0,0,0,0,0,0,0,0.041667,0.083333,0.041667,0,0,0,0,0
0.078947,0.026316,0.078947,0.026316,0.026316,0,0.026316,0,0.026316,0.052632,0,0,0,0,0,0,0.10526,0.026316,0.052632,0,0,0.026316,0.026316,0,0.026316,0,0.026316,0,0.026316,0,0,0,0.10526,0,0,0,0.052632,0,0,0,0.026316,0.026316,0.026316,0,0,0,0,0,0,0,0.052632,0,0,0,0,0,0,0,0,0,0.052632,0,0,0
0.078947,0,0.026316,0.026316,0,0,0,0,0.026316,0.026316,0,0.026316,0.026316,0.026316,0,0,0,0.026316,0,0.026316,0,0,0.026316,0,0.052632,0.026316,0,0,0.026316,0,0,0,0.078947,0,0,0.052632,0.026316,0.078947,0.026316,0.026316,0.026316,0.026316,0,0,0,0,0.052632,0.026316,0,0.026316,0,0,0,0.026316,0,0,0.026316,0,0.026316,0,0.026316,0,0,0
0,0,0,0,0,0,0,0,0,0,0,0,0,0.1,0.05,0,0,0,0,0,0,0,0,0,0.05,0.05,0.05,0.05,0,0.05,0,0,0.05,0,0.1,0,0,0.05,0.05,0,0.05,0,0,0,0.05,0,0.05,0,0,0,0.05,0,0,0,0,0,0.05,0.05,0,0,0,0,0.05,0
0,0,0,0,0,0,0,0,0,0,0,0,0,0,0,0,0.083333,0.083333,0,0,0,0,0.083333,0,0,0,0,0,0,0,0,0.083333,0,0,0,0,0.16667,0,0,0,0.083333,0.083333,0.083333,0,0,0,0,0.083333,0,0,0,0,0,0.083333,0,0,0,0.083333,0,0,0,0,0,0
0,0,0,0,0,0,0,0.045455,0,0,0,0,0,0,0,0.045455,0,0,0,0,0,0.045455,0.045455,0,0,0.045455,0.045455,0,0,0.045455,0.045455,0,0,0,0,0,0,0.045455,0.045455,0,0,0.045455,0,0,0,0,0.18182,0,0,0.045455,0,0,0,0,0.045455,0,0,0,0,0.22727,0,0,0,0
0,0,0,0.10526,0,0,0,0,0,0.10526,0,0.052632,0,0,0,0,0.052632,0,0,0,0,0,0,0.052632,0,0,0.052632,0,0.052632,0,0,0,0,0,0,0,0.052632,0.10526,0.052632,0,0,0.052632,0,0,0,0,0.15789,0,0,0,0,0,0,0,0,0,0.052632,0,0,0.052632,0,0,0,0
0.033333,0.033333,0,0.033333,0.1,0.033333,0,0,0,0,0,0,0.033333,0.033333,0,0,0,0.033333,0.1,0.033333,0,0.033333,0,0,0,0,0,0,0,0.033333,0.033333,0.033333,0.066667,0,0.033333,0,0,0.033333,0,0.033333,0.033333,0,0,0,0,0,0.066667,0,0,0,0,0.033333,0,0,0,0,0.066667,0,0,0,0,0,0.033333,0
0,0.026316,0,0,0,0,0.026316,0,0,0,0.026316,0.026316,0.052632,0,0.052632,0.026316,0.026316,0,0,0.026316,0,0,0,0,0.026316,0.052632,0,0.052632,0,0.026316,0.026316,0,0,0,0,0,0.026316,0,0.052632,0,0,0.026316,0,0,0.026316,0.026316,0.026316,0,0.026316,0.026316,0.026316,0.052632,0,0,0,0,0.026316,0,0,0.052632,0,0.026316,0,0.10526
0.090909,0,0,0,0.090909,0,0,0,0,0.090909,0.090909,0,0,0,0,0,0,0,0,0,0.090909,0,0,0,0,0,0,0,0,0,0.090909,0,0,0,0,0,0,0,0,0,0,0,0,0,0,0,0.090909,0,0.090909,0,0,0,0,0,0.090909,0,0,0.090909,0,0,0,0,0,0.090909
0.041667,0.041667,0,0,0.083333,0.041667,0.041667,0.041667,0,0.041667,0,0,0,0,0,0.041667,0,0.041667,0.041667,0.041667,0.041667,0,0.041667,0,0,0,0,0,0,0,0,0.041667,0.041667,0,0,0,0,0,0,0,0.041667,0,0.041667,0,0,0,0,0,0,0.041667,0,0,0,0,0.041667,0,0,0,0.041667,0,0.041667,0,0.083333,0
0,0,0,0,0,0,0.076923,0,0,0,0,0,0,0,0.076923,0,0.076923,0,0,0,0,0,0,0,0.076923,0,0,0,0,0.076923,0,0,0,0,0,0,0,0,0,0.076923,0,0,0,0,0,0,0.076923,0,0,0,0,0.076923,0,0,0,0,0.076923,0,0,0,0.15385,0,0.076923,0.076923
0.052632,0.052632,0.052632,0,0,0,0,0,0,0,0,0,0.052632,0.052632,0,0.10526,0,0,0,0,0,0,0.052632,0,0,0,0,0.052632,0,0.052632,0,0.052632,0,0,0,0,0.052632,0,0,0.052632,0.052632,0,0,0,0,0,0,0.052632,0.052632,0,0,0,0,0,0.052632,0,0.052632,0,0,0,0,0,0,0.052632
0,0,0,0,0,0,0.05,0,0,0.05,0,0,0,0,0,0,0,0.1,0,0,0,0,0,0,0,0.05,0.05,0,0.05,0.05,0.1,0,0,0.05,0.05,0,0,0.05,0,0.05,0,0.05,0,0,0,0,0,0,0,0.05,0,0,0,0.05,0,0,0.05,0,0,0,0,0.05,0.05,0
0.047619,0,0,0,0,0,0,0.047619,0,0,0,0,0,0,0,0,0,0,0,0,0,0,0,0,0,0.047619,0,0,0.047619,0,0.047619,0,0,0.047619,0.095238,0,0,0.14286,0,0.047619,0.095238,0.047619,0,0,0,0,0.095238,0,0,0,0,0,0,0,0,0,0.047619,0,0.047619,0,0,0.095238,0,0
0.086957,0.086957,0.021739,0,0.043478,0,0.021739,0.021739,0,0.021739,0,0,0.021739,0,0.021739,0,0,0.043478,0,0.021739,0,0,0,0,0.065217,0.021739,0,0,0,0.021739,0,0.021739,0.021739,0,0.021739,0.021739,0.043478,0,0.021739,0,0.021739,0.021739,0,0.021739,0,0.021739,0.021739,0.021739,0.086957,0,0,0,0.021739,0,0,0.021739,0,0,0,0,0,0.021739,0,0.043478
0.076923,0,0.038462,0.038462,0.038462,0,0,0,0,0.076923,0,0,0,0,0,0.11538,0.038462,0.038462,0,0,0.038462,0,0,0,0.038462,0.038462,0,0,0,0.038462,0,0.038462,0.038462,0,0,0,0.038462,0,0,0,0,0.038462,0,0,0,0,0.038462,0,0,0.038462,0,0.038462,0,0,0,0.076923,0,0,0,0,0.038462,0,0,0
0.076923,0,0,0,0,0,0.076923,0.076923,0,0,0,0,0,0,0,0,0,0.076923,0,0,0.15385,0.076923,0,0,0,0,0.076923,0,0,0,0.076923,0,0,0,0,0,0,0.076923,0,0,0,0,0,0,0,0,0,0,0,0,0,0,0,0,0,0,0,0.23077,0,0,0,0,0,0
0.2,0,0,0,0,0,0,0,0,0,0,0,0,0,0,0,0.1,0,0,0.1,0,0,0,0,0,0,0,0,0,0,0.1,0,0,0,0,0,0,0,0.1,0,0,0,0,0,0,0.1,0.2,0,0,0,0,0,0,0,0,0,0,0,0,0,0.1,0,0,0
0,0.027778,0,0,0.027778,0,0,0,0,0,0,0.027778,0,0,0.027778,0.027778,0.055556,0.027778,0.13889,0,0.027778,0,0.027778,0,0,0,0.027778,0.027778,0.027778,0,0.027778,0.055556,0,0,0,0,0.027778,0,0,0,0,0,0,0,0,0,0,0.055556,0.027778,0.027778,0.027778,0.027778,0,0,0,0,0,0.083333,0.027778,0.055556,0,0,0.055556,0
0.11765,0,0.058824,0.058824,0,0,0,0,0,0,0,0,0,0,0,0,0,0.058824,0,0,0,0,0,0,0.058824,0,0,0,0,0,0.058824,0,0,0,0,0,0,0,0,0,0.058824,0,0,0.058824,0.058824,0,0.058824,0,0,0,0,0.058824,0,0,0,0,0,0.058824,0,0.058824,0,0.058824,0.058824,0.058824
0.045455,0.13636,0,0,0.090909,0,0.045455,0,0,0.13636,0,0,0,0,0.045455,0,0.045455,0.090909,0,0,0,0,0,0,0,0,0,0,0,0,0,0,0,0,0,0,0.13636,0,0,0,0,0,0,0,0,0,0,0,0,0,0.090909,0,0,0.045455,0,0,0,0.045455,0,0,0.045455,0,0,0
0.04878,0.097561,0,0,0.073171,0.02439,0.073171,0,0,0.02439,0,0,0.04878,0,0,0.02439,0.02439,0.04878,0,0,0,0,0,0,0,0,0.02439,0,0,0,0,0.02439,0.073171,0,0.02439,0,0.02439,0.073171,0.04878,0,0,0,0,0,0.02439,0,0,0,0.073171,0,0.02439,0,0,0,0,0,0.02439,0,0.02439,0.02439,0,0.02439,0,0
0.10526,0.052632,0.052632,0.052632,0.10526,0,0,0,0,0,0,0,0,0,0,0,0.052632,0,0,0.052632,0,0.052632,0,0,0,0,0,0.10526,0,0,0,0,0.052632,0,0,0,0,0,0.052632,0,0,0,0,0,0.10526,0,0.052632,0,0,0,0.052632,0,0,0.052632,0,0,0,0,0,0,0,0,0,0
0.060606,0.15152,0,0,0.030303,0.030303,0.060606,0,0,0,0,0,0.030303,0,0,0,0.030303,0.030303,0.060606,0.030303,0,0,0,0,0,0,0.030303,0,0,0,0,0,0,0.030303,0.060606,0,0.060606,0,0.090909,0,0,0,0,0,0.030303,0,0,0,0,0,0.030303,0.030303,0,0,0.060606,0,0.030303,0,0,0,0,0,0,0.030303
0.125,0.0625,0,0,0.125,0,0,0,0,0,0,0,0.0625,0.0625,0.0625,0.0625,0.0625,0,0,0.0625,0,0,0,0,0.0625,0,0,0,0,0,0,0,0,0,0,0,0,0,0,0,0,0,0,0,0,0.0625,0,0,0,0,0.0625,0,0,0,0,0,0,0,0,0,0,0,0,0.125
0,0.125,0,0,0.0625,0.0625,0,0,0.0625,0,0,0,0.1875,0,0,0,0,0,0,0,0,0,0,0,0.0625,0,0,0,0,0,0,0,0,0,0,0,0,0,0,0,0,0,0,0,0,0,0.0625,0,0.0625,0,0.0625,0.0625,0,0,0,0,0,0,0,0,0.125,0,0.0625,0
0.071429,0.071429,0,0,0.14286,0,0,0,0,0,0,0,0,0,0,0,0,0,0.14286,0,0,0.071429,0.071429,0,0,0,0,0,0.071429,0,0,0,0,0,0,0,0,0,0,0.071429,0.071429,0,0,0,0,0,0,0,0.071429,0,0,0,0,0.071429,0,0,0,0,0,0,0,0,0,0.071429
0,0,0.034483,0.10345,0,0.034483,0,0,0,0.068966,0,0.034483,0.034483,0,0.034483,0,0.034483,0.068966,0.068966,0,0.034483,0,0,0,0,0,0,0,0,0,0,0,0.034483,0,0,0,0,0.068966,0,0,0,0.034483,0,0,0,0,0,0,0.034483,0,0.034483,0,0.10345,0.034483,0,0,0,0.034483,0.068966,0,0,0,0,0
0.19355,0.032258,0.032258,0,0,0.032258,0,0,0.064516,0,0,0,0,0.032258,0,0,0.064516,0,0,0,0,0.064516,0,0,0,0.064516,0,0,0,0,0,0.032258,0.064516,0.032258,0,0,0,0,0,0,0,0.096774,0.032258,0,0,0,0,0,0,0.064516,0,0,0,0,0,0,0.032258,0,0,0,0.032258,0,0.032258,0
0.1,0.05,0,0,0,0,0,0,0.05,0.1,0,0,0.05,0,0,0,0,0.05,0,0,0.15,0,0,0,0,0,0,0,0,0.05,0,0,0.05,0,0,0,0,0,0.05,0,0,0,0,0,0,0.05,0.05,0,0.05,0.05,0,0.05,0,0,0,0.05,0,0,0,0,0,0,0,0
0.18182,0.090909,0,0,0,0,0,0,0.090909,0,0,0,0,0,0,0,0.090909,0,0.090909,0,0,0,0,0,0.090909,0,0,0.090909,0,0,0,0,0,0,0.090909,0,0,0,0,0.090909,0,0,0,0,0,0,0,0,0,0,0,0,0,0,0,0,0.090909,0,0,0,0,0,0,0
0,0,0.086957,0.086957,0,0,0.043478,0,0.043478,0.043478,0.086957,0.043478,0,0,0.043478,0.086957,0.086957,0,0.086957,0,0,0,0.043478,0,0,0,0.043478,0,0,0,0,0,0,0,0,0,0,0,0.043478,0,0,0,0.043478,0,0,0,0,0,0,0,0,0,0,0,0,0,0.043478,0,0.043478,0,0,0,0,0
0.074074,0,0,0.074074,0,0.11111,0,0.037037,0,0,0,0,0.074074,0.037037,0,0.037037,0.074074,0,0,0,0,0,0,0,0.074074,0,0,0,0,0,0,0,0,0,0,0,0.074074,0,0,0,0.11111,0,0.037037,0,0,0.037037,0,0,0,0,0,0,0,0,0,0,0,0,0,0.11111,0,0,0.037037,0
0.090909,0,0,0,0,0,0,0,0,0,0,0,0,0,0,0,0,0,0,0,0,0,0,0,0.090909,0,0.090909,0,0,0,0,0,0.090909,0,0,0.090909,0,0,0.090909,0.090909,0,0,0,0,0.090909,0.090909,0,0,0,0,0,0,0.090909,0,0,0,0,0,0,0,0,0.090909,0,0
0,0.047619,0,0,0.047619,0,0.047619,0.047619,0,0,0,0.047619,0,0.047619,0,0,0.047619,0,0,0,0,0,0,0.047619,0,0.047619,0.047619,0,0.047619,0,0.047619,0.047619,0,0,0,0,0,0,0,0,0,0,0,0,0,0.095238,0,0,0,0,0,0,0,0.047619,0.14286,0,0,0,0,0.095238,0,0,0,0
0,0.0625,0,0,0,0.0625,0,0,0,0,0,0.0625,0,0,0,0,0,0.0625,0.0625,0,0,0,0,0,0.0625,0,0.0625,0,0,0,0,0,0,0,0,0.0625,0.0625,0,0.0625,0.0625,0.0625,0,0,0,0,0,0.0625,0,0,0,0,0,0,0,0.0625,0,0,0.0625,0,0,0,0.0625,0,0
0,0,0,0.035714,0.071429,0,0,0,0.035714,0,0,0,0.071429,0,0,0,0,0.035714,0.035714,0,0.071429,0,0.035714,0.035714,0,0,0,0,0,0.035714,0,0.035714,0.035714,0,0,0,0,0.035714,0.035714,0.071429,0,0,0,0,0.035714,0,0.071429,0,0,0,0,0.035714,0,0,0.035714,0,0,0.035714,0.071429,0,0.035714,0,0,0
0,0.043478,0,0,0,0,0,0,0,0,0,0,0,0,0,0.043478,0,0,0,0,0.043478,0,0.043478,0,0,0.13043,0,0,0,0,0,0,0.086957,0,0,0,0,0,0,0.043478,0,0,0,0,0.043478,0,0,0.043478,0.043478,0,0,0.043478,0,0.043478,0.043478,0,0,0.043478,0.043478,0,0.086957,0,0,0.13043
0.083333,0,0.041667,0,0,0,0,0,0,0.125,0,0.041667,0,0,0,0,0.041667,0,0,0,0,0,0,0,0,0.041667,0.041667,0.041667,0,0.041667,0,0,0.083333,0,0.041667,0,0.083333,0,0.041667,0,0,0,0,0,0,0.041667,0.041667,0,0,0,0,0.041667,0,0,0,0,0.041667,0,0,0,0.041667,0,0.041667,0
0,0,0.090909,0,0.045455,0,0,0,0,0,0,0,0,0,0,0.045455,0.045455,0,0,0,0,0,0,0,0,0,0,0,0,0.045455,0,0,0,0,0,0,0,0.045455,0,0,0.045455,0,0.090909,0.045455,0,0,0.045455,0,0.090909,0,0,0,0.045455,0.045455,0,0,0.13636,0,0.045455,0,0,0,0.090909,0
0,0,0,0,0.047619,0,0,0.047619,0,0,0,0,0.047619,0.047619,0,0.047619,0,0,0,0,0,0.095238,0,0,0,0,0.047619,0,0,0,0.047619,0,0,0,0,0,0,0,0,0.095238,0,0,0,0,0,0,0.14286,0,0.047619,0,0,0,0,0.047619,0.047619,0.047619,0,0,0,0.095238,0.047619,0,0,0
0.071429,0.035714,0,0.071429,0,0.035714,0,0,0.035714,0,0,0,0,0.071429,0,0.035714,0,0.071429,0.035714,0,0.035714,0,0,0.035714,0,0,0,0,0.035714,0,0,0,0,0,0,0,0,0,0,0.035714,0,0,0,0.035714,0,0,0,0,0,0.071429,0.10714,0.035714,0,0,0,0.035714,0,0.035714,0,0,0.071429,0,0,0
0.085714,0.085714,0,0.028571,0,0,0,0,0,0,0,0,0,0.028571,0,0.057143,0.028571,0,0.028571,0.028571,0.057143,0,0.028571,0,0.028571,0,0.028571,0,0,0,0,0,0,0,0,0,0.057143,0.057143,0,0,0.028571,0,0,0,0.057143,0,0.057143,0,0,0,0,0.028571,0.057143,0.028571,0,0,0.028571,0.028571,0,0,0,0.028571,0,0.028571
0.1,0,0,0,0,0,0,0,0,0,0,0,0,0,0.1,0,0,0,0,0,0,0,0,0,0,0.2,0,0,0,0,0,0,0,0,0,0,0.1,0,0,0,0,0,0,0,0,0,0,0,0,0,0,0.1,0,0,0,0.1,0,0,0,0,0.1,0,0.1,0.1
0,0,0,0,0,0,0,0,0,0,0,0,0,0,0,0.076923,0.076923,0.076923,0,0,0,0,0,0,0.076923,0,0,0,0,0,0,0,0,0,0,0,0,0,0,0.076923,0,0,0.15385,0,0,0,0,0,0,0,0,0.076923,0,0,0.076923,0,0,0,0,0,0.15385,0,0,0.15385
0.16667,0,0.066667,0,0,0,0,0,0,0,0,0.033333,0.1,0,0.033333,0,0.033333,0,0,0,0,0,0,0,0,0,0,0,0,0,0,0,0,0,0,0,0.033333,0.033333,0,0,0,0,0,0.066667,0.033333,0,0.13333,0,0.033333,0.033333,0,0,0,0,0,0,0.033333,0.066667,0,0.033333,0,0,0.033333,0.033333
0.17647,0,0,0.058824,0,0,0,0,0,0,0.058824,0,0.058824,0,0,0,0.058824,0,0,0,0,0,0,0,0,0,0,0,0.058824,0,0,0,0,0,0,0.058824,0.058824,0,0,0,0,0.058824,0,0.058824,0,0,0,0,0.11765,0,0,0,0,0,0,0,0,0,0,0,0,0.058824,0,0.11765
0,0,0,0,0,0,0,0,0.071429,0,0.071429,0.071429,0.071429,0.071429,0,0,0,0,0,0,0,0,0,0,0,0,0,0,0,0,0,0,0,0,0,0,0,0,0,0,0,0,0,0,0.071429,0,0.071429,0,0,0,0.071429,0.071429,0,0,0,0,0,0,0.071429,0,0.071429,0.14286,0,0.071429
0,0,0,0,0,0,0,0,0,0,0.076923,0.076923,0,0,0.076923,0,0,0.076923,0,0.076923,0,0,0,0.076923,0,0,0.076923,0,0,0,0,0,0,0,0.076923,0,0,0,0,0,0,0.076923,0,0,0,0,0,0,0,0,0,0,0.076923,0,0,0.076923,0.15385,0,0,0,0,0,0,0
0.055556,0,0,0.055556,0,0,0.055556,0,0,0.055556,0,0,0,0,0,0,0,0.055556,0,0,0,0,0,0,0,0,0.055556,0,0,0,0,0,0,0,0,0,0.055556,0.055556,0,0,0,0,0,0,0,0,0.055556,0,0,0,0,0.055556,0,0.055556,0,0,0.055556,0,0,0.055556,0.055556,0,0.11111,0.11111
0.3125,0.0625,0,0,0,0,0,0,0,0,0,0,0,0,0,0,0,0,0,0,0.125,0,0,0.0625,0,0.0625,0,0,0,0,0,0.0625,0,0,0,0.0625,0,0,0,0,0,0,0,0,0,0,0,0.0625,0,0,0,0,0,0,0,0,0,0.0625,0,0,0,0,0.125,0
0.04,0.04,0,0,0.04,0,0,0,0,0,0,0,0.08,0,0,0.04,0.08,0,0,0,0.04,0,0,0,0.04,0,0,0,0,0,0.04,0.04,0.04,0,0,0,0,0,0,0.04,0,0,0,0,0,0,0.12,0.08,0.04,0,0,0.08,0,0.04,0.04,0,0,0,0,0.04,0,0,0,0
0,0.066667,0,0.033333,0,0,0,0.033333,0,0,0,0,0,0.066667,0,0.066667,0.033333,0,0,0,0.1,0.033333,0.033333,0,0.1,0,0,0,0.033333,0.033333,0.033333,0,0,0.033333,0.033333,0.033333,0,0,0,0,0,0,0,0,0.033333,0,0.033333,0,0.033333,0,0,0,0,0,0.066667,0,0,0,0.033333,0,0.033333,0,0,0
0,0.045455,0.045455,0.045455,0.18182,0.045455,0,0,0,0,0,0,0,0,0.045455,0,0.090909,0,0.045455,0,0.045455,0,0,0,0.045455,0,0,0,0,0,0,0,0.13636,0.045455,0,0,0,0,0.045455,0,0,0,0,0,0,0,0,0,0.045455,0.045455,0,0,0,0,0,0,0,0,0,0,0,0,0.045455,0
0.068966,0,0,0,0,0,0,0,0.034483,0,0.068966,0,0,0.068966,0,0.034483,0,0.034483,0,0,0,0,0,0.034483,0.034483,0.034483,0,0,0,0,0,0,0,0,0,0,0.10345,0,0.034483,0,0,0,0.034483,0.034483,0,0,0,0.034483,0.034483,0,0,0,0,0.068966,0.034483,0.034483,0.034483,0.034483,0,0,0,0,0,0.10345
0.013158,0.013158,0.013158,0.026316,0.013158,0.013158,0,0.013158,0,0.026316,0,0,0.026316,0.013158,0,0.052632,0,0.013158,0.013158,0.013158,0.013158,0.013158,0.013158,0,0,0,0.013158,0,0,0,0,0.039474,0,0,0,0,0.013158,0.013158,0.026316,0.039474,0,0.039474,0.026316,0.013158,0,0.039474,0,0.013158,0,0.026316,0,0.039474,0.039474,0,0.039474,0,0,0.026316,0.013158,0,0.026316,0.052632,0.026316,0.13158
0,0,0,0.0625,0,0,0,0,0,0.0625,0,0,0,0.0625,0,0.0625,0,0,0,0,0,0,0,0,0,0.0625,0,0,0,0,0,0.0625,0,0,0,0,0,0,0,0,0,0.125,0,0,0.0625,0,0,0,0.0625,0,0,0,0.0625,0,0,0,0,0,0,0,0,0,0.0625,0.25
0.17647,0,0,0.11765,0,0,0,0.058824,0.058824,0.11765,0,0,0,0,0,0,0.058824,0,0,0,0,0,0,0,0,0.058824,0,0,0,0,0.11765,0,0,0,0,0,0,0,0,0,0,0,0,0,0,0,0.058824,0,0,0.058824,0.058824,0,0,0,0,0,0,0,0,0,0.058824,0,0,0
0.16129,0.032258,0,0,0.032258,0.032258,0,0.032258,0,0.032258,0,0,0,0,0.032258,0.032258,0.096774,0,0,0,0.064516,0.064516,0,0.032258,0,0,0,0.032258,0,0,0,0.032258,0,0,0,0,0,0,0,0.032258,0,0,0,0,0,0.032258,0,0,0.032258,0,0,0,0.032258,0,0,0.064516,0.032258,0.064516,0,0,0,0,0,0
0.18519,0,0,0.11111,0.037037,0,0,0,0,0,0,0,0.037037,0,0,0,0.074074,0,0,0,0,0.037037,0,0,0.037037,0,0,0,0.037037,0.037037,0.037037,0,0,0,0,0,0.037037,0,0,0.037037,0,0,0,0,0.037037,0.037037,0,0,0,0,0.037037,0,0.037037,0,0,0,0,0,0.037037,0,0.037037,0,0,0.074074
0.125,0,0,0,0.03125,0.03125,0,0,0.0625,0,0,0.03125,0.0625,0,0,0,0.03125,0,0.03125,0,0,0,0,0,0,0,0,0,0.0625,0.03125,0,0,0.03125,0.03125,0.03125,0,0,0,0.03125,0,0,0,0,0,0.0625,0,0.03125,0.03125,0.0625,0,0,0,0,0,0,0,0,0.0625,0,0.03125,0.0625,0,0.03125,0
0,0,0,0,0,0,0,0.058824,0,0,0,0,0,0,0,0,0.058824,0.058824,0,0,0,0,0,0,0,0,0,0.058824,0,0,0.058824,0,0,0,0,0,0,0,0.058824,0,0,0.058824,0,0.058824,0,0,0,0.058824,0,0,0,0,0,0,0,0,0.058824,0,0,0.058824,0,0.11765,0.11765,0.11765
0.05,0,0,0.025,0,0.025,0.05,0,0,0.025,0,0.025,0.025,0.025,0,0,0.05,0,0,0,0,0,0,0,0,0,0,0,0,0.05,0,0,0,0,0,0,0.025,0,0.025,0.125,0,0,0,0.025,0,0,0,0,0,0.025,0,0.025,0.025,0,0,0.025,0,0,0.05,0,0.125,0.05,0.075,0.05
0,0,0,0.041667,0,0.083333,0,0,0,0.083333,0,0,0.041667,0.041667,0.083333,0,0.041667,0,0,0,0,0,0,0,0,0,0,0,0,0,0,0,0.041667,0.041667,0,0,0.041667,0,0,0,0,0.041667,0.041667,0,0,0,0,0,0,0,0,0,0.041667,0,0.041667,0,0.16667,0.041667,0,0,0,0,0.041667,0.041667
0,0,0,0,0,0,0,0.045455,0,0,0,0,0,0,0,0,0.090909,0,0,0,0,0.045455,0.045455,0.045455,0.045455,0,0,0,0,0,0,0,0,0,0,0,0.18182,0,0,0.045455,0,0.045455,0.045455,0,0,0,0,0,0.045455,0,0,0,0.090909,0,0,0,0,0,0.045455,0,0.045455,0.045455,0.045455,0.045455
0.058824,0,0.058824,0,0.29412,0.058824,0,0,0,0,0,0,0.058824,0,0,0,0,0,0,0,0.058824,0,0,0,0,0,0,0,0,0,0,0,0,0,0,0,0.17647,0,0.058824,0,0,0,0,0,0,0,0,0.058824,0,0,0,0,0.058824,0,0.058824,0,0,0,0,0,0,0,0,0
0.064516,0,0.032258,0.064516,0,0.032258,0.064516,0,0,0.032258,0.032258,0.064516,0.064516,0,0,0.032258,0,0,0,0,0.032258,0,0.032258,0.032258,0,0,0.032258,0,0,0,0,0,0,0,0.032258,0,0.032258,0.064516,0.032258,0.032258,0,0,0,0,0,0,0,0,0,0,0,0,0.032258,0,0.064516,0,0.064516,0.032258,0,0,0,0,0,0
0.12121,0,0.060606,0.030303,0.060606,0.030303,0.030303,0,0,0,0,0.030303,0.060606,0,0,0.030303,0.060606,0,0,0.060606,0.030303,0,0,0,0,0,0,0,0,0,0,0,0.030303,0,0,0,0,0,0,0,0,0,0,0,0,0,0,0,0.030303,0.060606,0.030303,0,0.060606,0,0.030303,0,0,0.030303,0,0,0.060606,0,0,0.060606
0.076923,0,0,0,0.15385,0,0,0,0,0,0,0,0,0,0,0,0.076923,0,0,0.076923,0,0,0,0,0,0.076923,0,0,0,0.076923,0,0,0,0,0,0,0,0,0,0,0,0.076923,0,0,0,0.076923,0,0,0.076923,0,0,0,0,0,0.076923,0,0.076923,0,0,0,0,0,0,0.076923
0.125,0,0,0.0625,0,0,0,0,0.0625,0,0,0,0,0,0.0625,0,0,0,0,0.0625,0,0,0.0625,0,0,0,0,0,0,0,0,0,0,0,0,0,0,0,0,0,0.0625,0,0,0,0,0,0.0625,0.0625,0,0.0625,0,0,0,0,0,0,0,0.0625,0.0625,0.125,0,0,0.0625,0
0.047619,0,0.047619,0,0,0,0,0,0,0,0,0,0.047619,0.047619,0,0.14286,0.047619,0,0,0,0,0,0.047619,0,0,0,0,0,0,0,0.047619,0,0.047619,0,0,0.047619,0,0,0,0.047619,0,0,0,0,0,0,0.047619,0.19048,0,0,0,0,0,0,0,0,0,0,0,0,0,0.047619,0.095238,0
0.10345,0.068966,0.17241,0,0,0,0,0,0.034483,0.034483,0,0,0,0,0,0,0.034483,0.034483,0,0.034483,0.034483,0.034483,0,0,0,0,0,0,0,0,0,0,0.10345,0,0,0,0.034483,0,0,0,0.068966,0.034483,0.034483,0,0,0,0,0,0,0.034483,0,0,0,0,0,0,0,0,0,0,0,0,0.068966,0.034483
0,0,0,0,0,0,0,0,0,0,0,0,0,0,0,0.18182,0.090909,0,0.090909,0.090909,0,0,0,0,0,0,0,0,0,0,0,0,0,0,0,0,0,0,0,0,0,0,0,0,0,0,0,0,0,0,0,0.090909,0,0,0,0,0.090909,0,0.090909,0.090909,0.090909,0,0.090909,0
0.071429,0.071429,0.071429,0,0.071429,0,0.071429,0,0,0.071429,0,0,0,0,0,0,0,0.071429,0,0,0,0,0,0,0,0,0,0,0,0,0,0,0,0,0,0,0,0,0.071429,0,0,0,0.071429,0,0,0,0,0,0,0,0,0,0,0,0,0,0,0.071429,0.071429,0,0.071429,0.071429,0.071429,0
0.095238,0,0.047619,0,0,0,0,0,0,0,0,0.047619,0,0,0.047619,0.047619,0.047619,0.047619,0,0,0,0.047619,0.047619,0,0,0,0.095238,0.047619,0.047619,0,0,0.047619,0,0,0,0,0,0,0,0,0,0.047619,0,0,0,0,0,0,0,0,0,0,0,0,0.047619,0,0.047619,0.047619,0,0,0.047619,0,0.047619,0
0.04,0.04,0.04,0.04,0,0,0,0,0,0.04,0,0,0,0.04,0,0,0.04,0,0,0.04,0,0,0,0,0.04,0,0,0,0.04,0,0,0,0.08,0,0,0,0.04,0.12,0,0,0,0,0,0,0,0,0.04,0.08,0.08,0,0,0,0,0,0,0,0,0.04,0,0.08,0.04,0,0,0
0.2,0,0,0,0,0,0.066667,0,0,0,0.066667,0,0,0,0,0,0,0,0.066667,0,0,0,0,0,0,0,0,0,0,0.066667,0.066667,0,0,0,0,0,0,0,0.13333,0,0,0.13333,0,0.066667,0,0,0,0,0,0,0,0,0,0,0,0,0.066667,0,0,0,0,0.066667,0,0
0.038462,0.038462,0,0,0.076923,0,0,0.076923,0,0.038462,0,0,0,0,0,0.038462,0,0,0,0,0.038462,0,0,0,0.038462,0,0,0,0.038462,0,0.038462,0,0.15385,0,0,0,0.038462,0,0,0,0,0.038462,0,0,0.076923,0,0.038462,0,0.038462,0,0,0,0.038462,0,0,0,0,0.076923,0,0,0,0,0,0.038462
0,0,0,0,0,0,0,0,0,0.071429,0,0,0,0,0,0,0,0.071429,0,0,0.071429,0,0.071429,0,0,0,0,0,0,0,0,0.071429,0.071429,0,0,0,0.071429,0,0,0.071429,0,0,0.071429,0,0.071429,0,0,0,0,0,0,0.071429,0,0,0,0,0.071429,0.071429,0,0,0,0,0.071429,0
0.068182,0.022727,0,0,0,0,0,0,0,0,0,0.045455,0.022727,0,0.022727,0.045455,0,0.045455,0,0,0,0,0,0.045455,0,0,0,0.022727,0.022727,0.090909,0,0,0,0,0,0,0.045455,0,0.022727,0,0,0,0.022727,0,0,0.045455,0,0.068182,0.045455,0,0.022727,0,0,0.022727,0.022727,0,0.022727,0.022727,0.022727,0,0.022727,0.068182,0.022727,0.045455
0.1,0.033333,0,0,0.033333,0.033333,0.033333,0,0,0,0,0,0,0.066667,0,0.033333,0,0,0,0,0,0,0,0,0,0,0,0,0,0,0.033333,0.033333,0,0,0,0,0,0.066667,0,0.033333,0,0,0,0,0,0.033333,0,0.066667,0,0,0,0,0,0,0.066667,0.066667,0,0,0.033333,0,0.033333,0.033333,0.066667,0.1
0.12903,0.032258,0.032258,0,0.032258,0,0,0,0,0.064516,0,0.032258,0.064516,0,0,0.032258,0.032258,0.032258,0,0,0.032258,0.064516,0.032258,0,0,0,0.032258,0,0,0,0.032258,0,0.032258,0,0.032258,0,0,0,0,0,0,0,0,0,0,0,0.032258,0,0,0,0.032258,0,0,0,0,0.032258,0,0,0.032258,0.032258,0,0.032258,0.032258,0.032258
0.038462,0.076923,0,0,0.038462,0.038462,0,0,0,0,0,0,0.076923,0,0.038462,0.076923,0.076923,0,0,0.076923,0,0,0,0,0,0,0,0,0,0,0,0.038462,0,0,0,0,0,0,0,0.038462,0,0,0,0,0,0,0,0,0.11538,0,0.038462,0.038462,0.038462,0,0,0,0,0,0,0,0.11538,0,0.038462,0
0.090909,0,0,0,0.090909,0.090909,0,0,0,0,0,0,0,0,0,0,0,0.090909,0,0.090909,0,0,0,0,0,0,0,0,0,0,0,0,0,0.090909,0,0,0,0,0,0,0,0,0,0,0,0,0,0,0.090909,0,0,0,0,0,0.18182,0,0.090909,0,0,0,0,0,0.090909,0
0.090909,0.18182,0,0.090909,0.045455,0,0,0,0,0,0.045455,0.045455,0,0.090909,0,0.045455,0.045455,0,0.045455,0,0,0,0,0,0,0,0,0,0,0,0,0,0.045455,0.045455,0,0.045455,0,0.090909,0,0,0,0,0,0,0,0,0,0,0,0.045455,0,0,0,0,0,0,0,0,0,0,0,0,0,0
0.086957,0,0,0.043478,0.043478,0,0,0.043478,0.043478,0,0,0,0.043478,0.043478,0,0,0,0,0,0,0.043478,0,0,0,0.086957,0,0,0,0.043478,0,0.043478,0.043478,0.086957,0,0.043478,0,0.043478,0,0,0,0.043478,0,0,0,0,0,0,0,0.13043,0,0,0,0,0,0,0,0,0,0,0,0.043478,0,0,0
0,0,0,0,0,0,0,0,0,0,0,0,0.076923,0.076923,0.076923,0,0.23077,0,0,0.15385,0,0,0,0,0,0,0,0,0,0,0,0,0,0,0,0,0,0,0,0,0,0,0,0,0,0,0.076923,0.076923,0,0,0,0.076923,0,0,0,0,0,0,0,0,0,0,0.076923,0.076923
0,0.090909,0,0,0.045455,0.045455,0,0,0,0.045455,0,0,0.090909,0,0,0,0.045455,0,0,0,0,0,0,0,0,0.045455,0,0,0,0,0,0,0,0.045455,0,0,0.045455,0,0,0,0,0,0,0,0,0,0.045455,0,0,0.045455,0,0.045455,0.045455,0,0,0,0,0.090909,0.045455,0.090909,0,0,0.090909,0
0.058824,0,0,0,0,0,0,0,0,0,0,0,0.058824,0,0,0.23529,0,0,0,0,0,0,0,0,0.058824,0,0,0.11765,0,0,0,0,0,0,0,0,0.11765,0,0,0,0.058824,0,0,0,0,0.058824,0,0,0.11765,0,0,0,0,0,0.058824,0,0,0,0,0,0.058824,0,0,0
0,0,0.043478,0,0.043478,0,0.043478,0,0,0,0,0,0,0,0,0.043478,0,0,0.043478,0,0.043478,0,0,0,0,0,0.043478,0,0,0.043478,0.043478,0,0,0.043478,0,0,0.043478,0,0,0,0,0,0,0,0.17391,0,0,0,0,0,0,0,0,0.086957,0.086957,0,0,0,0,0.043478,0,0.086957,0.043478,0
0.15789,0,0.052632,0.10526,0,0,0,0,0,0,0,0,0,0,0,0,0.10526,0,0.052632,0,0,0,0,0,0,0,0.052632,0,0,0,0,0,0,0,0.052632,0,0,0.052632,0,0,0.052632,0,0,0,0,0,0.052632,0,0,0,0,0,0,0,0,0,0.052632,0,0,0,0.052632,0.052632,0.052632,0.052632
0.125,0,0,0,0,0,0,0,0,0,0,0,0,0,0,0,0.125,0,0,0,0,0,0,0,0,0,0.125,0,0,0,0.125,0,0,0,0,0,0,0.125,0,0,0,0,0,0,0,0,0,0,0.125,0,0,0,0,0,0,0,0,0,0,0,0,0.125,0,0.125
0.086957,0,0,0,0.086957,0,0,0,0.043478,0,0.043478,0,0.043478,0.043478,0,0,0.086957,0,0,0,0.043478,0,0,0,0,0,0,0.043478,0,0,0,0,0,0,0,0,0,0.043478,0,0,0,0,0,0,0,0,0.043478,0,0.043478,0,0,0.043478,0.086957,0,0,0,0.043478,0,0,0.043478,0,0,0.043478,0.086957
0.12,0.04,0.08,0.04,0,0,0.08,0,0.04,0,0,0,0.08,0.04,0,0,0.12,0,0.04,0,0.04,0,0,0,0,0.04,0.04,0,0,0,0,0,0.08,0,0,0,0,0,0,0,0,0,0,0,0.04,0,0,0,0.04,0,0,0,0,0,0,0,0.04,0,0,0,0,0,0,0
0.0625,0.0625,0,0,0,0,0,0,0,0,0.0625,0,0.0625,0,0,0,0,0,0,0.0625,0,0,0.0625,0,0,0.0625,0,0,0,0,0.0625,0,0.0625,0,0,0,0,0,0,0,0,0.0625,0,0,0.0625,0,0.0625,0,0,0,0.125,0,0,0,0,0,0,0,0,0,0.0625,0,0.0625,0
0.023256,0.023256,0.023256,0.023256,0.023256,0,0,0.023256,0,0.069767,0,0,0.046512,0.023256,0,0.046512,0.093023,0.046512,0.023256,0,0.023256,0,0.023256,0,0.023256,0.023256,0.023256,0,0,0.023256,0,0.023256,0,0.023256,0.023256,0,0.023256,0.023256,0.069767,0,0,0,0,0,0,0,0,0.023256,0.023256,0,0,0,0,0,0.046512,0.023256,0.023256,0.023256,0,0,0,0.023256,0,0
0.045455,0.090909,0.045455,0,0,0,0.045455,0,0,0,0,0.045455,0,0,0,0,0,0,0,0.045455,0,0,0,0,0,0,0,0.045455,0,0,0,0,0,0,0,0,0.045455,0.045455,0.045455,0,0,0,0.045455,0,0.045455,0,0,0.090909,0,0.045455,0,0,0,0,0,0,0.045455,0,0,0.045455,0,0,0,0.18182
0.095238,0,0,0.047619,0,0,0,0,0,0.047619,0,0.047619,0,0,0.047619,0.047619,0,0.047619,0.047619,0,0.047619,0,0,0,0.095238,0,0,0.047619,0.047619,0,0,0.047619,0,0,0,0,0,0,0,0,0.047619,0,0,0,0,0,0,0,0,0,0.047619,0.047619,0,0,0.047619,0,0.047619,0,0,0,0,0,0,0.047619
0,0,0.076923,0,0.076923,0,0.076923,0.076923,0,0,0,0,0,0,0.076923,0,0,0,0,0,0,0.076923,0,0,0,0,0,0,0,0,0,0,0,0.076923,0,0.15385,0,0,0,0,0,0,0,0,0,0,0,0,0,0.076923,0.076923,0,0,0,0,0,0,0.076923,0,0,0,0,0.076923,0
0.0625,0.03125,0.03125,0,0.03125,0,0.03125,0.03125,0.03125,0,0,0.0625,0.09375,0.03125,0,0.0625,0,0.03125,0,0,0,0.03125,0,0,0,0,0,0,0,0,0.03125,0,0.0625,0,0,0,0.03125,0,0,0,0.03125,0,0,0,0,0,0.09375,0,0.0625,0.03125,0,0,0,0,0,0,0.03125,0,0,0,0,0,0.0625,0
0.10526,0,0,0.026316,0,0.026316,0,0.026316,0,0,0.026316,0,0.026316,0.026316,0,0.026316,0.052632,0,0,0,0.026316,0,0,0,0.052632,0.026316,0,0,0.026316,0.026316,0.026316,0,0,0,0,0,0.052632,0.026316,0,0.078947,0,0,0,0,0,0,0,0,0.026316,0.026316,0,0,0.026316,0.052632,0,0,0.026316,0,0,0.052632,0,0,0.052632,0.052632
0.11111,0.027778,0.11111,0.027778,0,0,0.083333,0,0,0,0,0,0,0.027778,0,0.055556,0.055556,0,0,0,0,0.027778,0,0,0,0.027778,0,0,0,0,0.027778,0.027778,0.027778,0.027778,0.027778,0,0.055556,0,0.055556,0,0,0,0,0,0,0.027778,0.027778,0,0,0.027778,0,0,0,0,0,0,0,0,0.027778,0,0,0.055556,0,0.027778
0.1,0,0.1,0,0,0,0,0,0,0.2,0,0,0,0,0,0,0,0,0,0,0,0,0.1,0,0,0,0,0,0,0,0,0,0,0,0,0,0,0.1,0.1,0,0.1,0.1,0,0,0,0,0,0,0,0,0,0,0,0,0,0,0,0,0,0.1,0,0,0,0
0,0,0,0,0,0,0,0,0,0,0,0,0.22222,0,0,0,0,0,0,0.11111,0,0.11111,0,0,0.11111,0,0,0,0,0,0,0,0,0,0,0,0,0,0,0,0,0,0.11111,0,0,0,0,0.11111,0,0,0,0,0.11111,0,0,0,0.11111,0,0,0,0,0,0,0
0,0,0,0.090909,0,0,0,0,0,0,0,0,0,0,0.090909,0,0.090909,0,0,0,0,0,0,0,0,0,0,0,0,0.090909,0.090909,0,0,0,0,0,0,0,0,0,0,0.090909,0,0,0.090909,0,0.090909,0,0.090909,0,0,0,0,0,0,0,0,0.090909,0,0,0.090909,0,0,0
0,0.066667,0.066667,0.066667,0.13333,0,0,0,0,0.066667,0,0,0,0,0,0,0,0,0,0,0,0,0,0,0,0.066667,0,0.066667,0,0,0,0,0,0,0,0.066667,0,0.066667,0,0,0,0,0,0,0,0,0.066667,0.13333,0,0,0.066667,0,0,0,0,0,0,0.066667,0,0,0,0,0,0
0,0,0,0,0,0,0,0,0.1,0,0,0,0,0,0,0,0.2,0,0.1,0.1,0,0,0,0,0,0,0,0,0,0.1,0,0,0,0,0,0,0.2,0,0,0,0,0,0,0,0,0,0,0.1,0,0,0,0,0,0,0,0,0,0,0,0.1,0,0,0,0
0.055556,0.027778,0.027778,0.027778,0.13889,0,0,0,0.13889,0,0.027778,0,0,0,0,0,0.055556,0,0,0,0,0,0,0,0,0.027778,0,0,0.027778,0,0,0.027778,0.13889,0.027778,0,0,0.083333,0,0.027778,0,0,0.027778,0,0,0.027778,0,0,0,0.027778,0.055556,0,0,0,0,0,0,0,0,0,0,0,0,0,0
0.033333,0,0.033333,0,0,0,0,0.033333,0.033333,0,0.033333,0.033333,0.033333,0.033333,0.066667,0,0,0,0,0,0.033333,0,0.033333,0,0,0.066667,0,0.033333,0,0,0.033333,0,0.033333,0,0.033333,0.033333,0.066667,0.033333,0,0,0,0,0,0,0,0.033333,0,0.033333,0.033333,0.033333,0,0,0,0,0,0,0,0,0.066667,0.033333,0.033333,0,0,0
0.1,0,0,0.033333,0.033333,0,0,0,0.066667,0,0,0.033333,0,0,0,0.066667,0.033333,0,0.033333,0,0,0,0,0,0,0.033333,0,0,0.033333,0,0.033333,0.033333,0.066667,0,0,0.033333,0.033333,0.033333,0,0,0,0,0,0,0,0.033333,0.066667,0,0.066667,0,0,0.066667,0,0.033333,0.033333,0,0,0,0,0,0,0,0,0
0,0,0.2,0,0,0,0,0,0.1,0.1,0,0,0,0,0,0,0,0,0,0,0,0.1,0,0,0,0,0,0,0,0,0,0,0,0,0,0,0,0,0,0,0,0,0.1,0,0,0,0,0,0.1,0,0,0.1,0.1,0,0,0,0.1,0,0,0,0,0,0,0
0.10345,0.034483,0,0,0,0,0.034483,0,0,0.034483,0,0,0,0.034483,0,0,0.068966,0,0,0,0.034483,0.034483,0.034483,0,0.034483,0,0.068966,0,0,0,0,0,0,0.034483,0,0.034483,0,0.068966,0.034483,0,0,0,0,0,0,0.034483,0.034483,0,0,0.068966,0,0,0,0.034483,0,0,0,0.034483,0,0.034483,0.034483,0.034483,0,0
0,0,0,0,0.15385,0.076923,0,0,0,0,0,0,0,0,0,0,0,0,0,0,0.076923,0,0,0,0,0,0,0,0,0,0,0,0,0.076923,0,0,0,0,0,0,0,0.15385,0,0,0,0,0.076923,0.076923,0.076923,0,0,0,0,0,0,0,0.076923,0,0,0,0,0.15385,0,0
0.15385,0,0,0,0,0,0,0,0.076923,0,0,0,0,0,0,0,0,0,0,0,0.076923,0,0,0,0.076923,0,0,0,0,0,0,0,0,0,0,0.076923,0,0.076923,0,0,0,0,0,0,0,0,0.076923,0,0.076923,0,0.076923,0,0,0,0,0,0,0,0.076923,0.076923,0,0.076923,0,0
0,0,0.083333,0,0,0,0.041667,0,0,0.083333,0,0,0,0.083333,0,0.041667,0.16667,0,0,0,0,0,0,0,0.083333,0,0,0,0.041667,0,0,0.083333,0.125,0,0,0,0,0.041667,0.041667,0,0.041667,0,0,0,0,0,0,0,0,0,0,0,0,0,0,0,0.041667,0,0,0,0,0,0,0
0.027027,0,0,0.027027,0,0,0.054054,0,0,0.081081,0,0.027027,0,0.16216,0,0.027027,0.027027,0.027027,0.027027,0,0.081081,0,0.054054,0.027027,0,0,0,0,0,0.027027,0,0,0.027027,0.027027,0,0,0,0,0.027027,0,0.054054,0.054054,0.027027,0,0,0,0,0,0,0,0,0,0,0.027027,0.027027,0,0,0,0,0,0,0,0.054054,0
0,0.11111,0,0.055556,0,0.055556,0,0,0,0,0,0,0,0,0,0,0.11111,0.11111,0.055556,0,0,0,0,0,0,0.055556,0,0,0,0,0.27778,0,0,0,0,0,0,0.055556,0,0,0,0,0,0,0,0,0,0,0,0,0,0,0,0,0,0,0.055556,0.055556,0,0,0,0,0,0
0.074074,0.037037,0,0.074074,0,0,0.074074,0.037037,0,0,0,0,0,0.037037,0,0,0,0,0,0,0,0,0,0,0,0,0.14815,0,0.037037,0,0,0,0.037037,0,0,0.037037,0.037037,0,0,0,0.074074,0.037037,0,0,0.037037,0,0,0,0,0,0,0,0,0.074074,0.037037,0,0,0,0.037037,0.037037,0,0,0.037037,0
0.058824,0.014706,0.029412,0,0.014706,0,0.014706,0.014706,0.014706,0,0,0.029412,0.014706,0,0,0,0.058824,0.029412,0.029412,0,0,0.029412,0.014706,0,0.014706,0.014706,0.029412,0,0.014706,0,0.058824,0,0.029412,0.029412,0.073529,0.029412,0.014706,0.014706,0.014706,0,0.044118,0.029412,0,0,0,0.014706,0.029412,0.014706,0,0.014706,0.014706,0,0.014706,0.058824,0,0,0.014706,0.014706,0.014706,0.014706,0,0,0,0
0.033333,0,0,0,0.033333,0.033333,0.033333,0,0,0.033333,0,0,0.033333,0.066667,0,0.13333,0,0,0,0,0.033333,0,0,0,0,0.066667,0,0,0.033333,0,0.066667,0.033333,0,0.033333,0.033333,0,0,0,0,0,0,0,0,0,0,0.033333,0,0,0.033333,0,0,0,0,0,0,0,0.033333,0.1,0,0,0.033333,0,0.066667,0
0,0,0,0,0,0,0,0,0,0,0,0,0,0,0.1,0,0.1,0,0,0,0,0,0,0,0,0.1,0,0,0,0,0,0,0.1,0.1,0,0,0,0,0,0,0.1,0,0,0,0,0,0,0,0.1,0.1,0,0.1,0,0,0,0,0,0,0,0,0,0,0.1,0
0.031746,0.079365,0.047619,0.063492,0.031746,0,0.015873,0.047619,0.015873,0.015873,0.015873,0,0,0.015873,0,0.031746,0,0.015873,0.031746,0,0.031746,0,0.031746,0,0.031746,0.015873,0,0,0.015873,0,0.015873,0.015873,0.047619,0.015873,0.015873,0,0.047619,0,0.031746,0,0.047619,0.015873,0,0,0,0.015873,0,0,0,0.031746,0.015873,0.015873,0,0.031746,0.015873,0,0,0.015873,0,0,0,0,0,0.015873
0.095238,0,0.047619,0,0,0,0,0,0.047619,0.047619,0,0,0.047619,0,0,0.047619,0,0.047619,0,0,0.047619,0,0,0,0.047619,0.047619,0,0,0,0,0,0,0,0,0,0,0.047619,0,0,0,0.095238,0,0,0,0.047619,0,0.047619,0,0,0,0,0.095238,0,0,0,0,0,0,0,0.047619,0,0,0.095238,0
0.068182,0,0.045455,0.022727,0.022727,0,0.022727,0,0,0,0.022727,0.022727,0.045455,0,0.022727,0.022727,0.068182,0.022727,0.022727,0.022727,0,0,0,0,0,0,0.068182,0,0,0,0,0,0.022727,0,0,0,0.022727,0.022727,0,0.022727,0,0,0,0,0.068182,0,0.022727,0,0.022727,0,0,0.022727,0,0,0.068182,0.022727,0,0.022727,0,0,0.045455,0.022727,0.022727,0.045455
0.058824,0,0.039216,0.039216,0.039216,0.019608,0,0.019608,0.019608,0,0,0,0.019608,0.039216,0,0.019608,0.039216,0,0,0,0,0.019608,0.019608,0,0,0.019608,0,0,0,0.058824,0,0.019608,0.019608,0,0,0,0.098039,0,0,0,0.019608,0,0,0,0,0,0.019608,0.019608,0,0,0.019608,0.019608,0.019608,0.019608,0.058824,0.058824,0.039216,0.019608,0,0.019608,0,0.039216,0,0.019608
0.1,0,0,0,0,0,0,0,0,0,0,0.1,0,0.1,0.1,0,0,0,0,0,0.1,0,0,0,0,0,0,0,0,0,0,0,0,0,0,0,0,0,0,0,0,0,0,0,0.1,0,0,0,0,0,0,0,0,0.1,0,0.1,0,0.1,0,0,0.1,0,0,0
0,0,0,0,0,0,0,0.1,0,0,0,0,0,0,0,0,0,0,0,0,0,0,0,0.1,0,0,0,0,0,0,0.1,0.1,0,0,0,0.1,0,0,0,0,0,0,0,0,0,0,0,0,0,0,0,0.1,0,0,0,0,0,0.1,0.1,0,0,0,0.1,0.1
0.055556,0,0,0,0,0.027778,0,0,0,0,0.055556,0,0,0,0.027778,0.055556,0.083333,0,0,0.083333,0.027778,0.027778,0,0,0,0,0,0,0,0,0,0,0,0.027778,0,0,0,0.027778,0.027778,0,0,0,0.027778,0,0.027778,0,0,0.027778,0.027778,0,0.027778,0.027778,0,0,0.027778,0,0.027778,0.027778,0.027778,0.055556,0.11111,0,0,0.027778
0.085714,0,0,0.085714,0.057143,0.028571,0,0,0.057143,0,0,0,0,0.028571,0.028571,0,0,0.028571,0.028571,0,0.028571,0,0,0,0,0,0,0,0.028571,0,0,0,0,0,0,0,0,0.028571,0,0.028571,0,0.028571,0,0.028571,0,0,0,0,0.085714,0,0.085714,0,0,0,0,0.028571,0.085714,0.057143,0,0,0.028571,0.028571,0,0
0,0.066667,0.066667,0,0,0,0,0,0,0,0,0,0,0,0,0.26667,0.066667,0,0,0,0,0,0,0,0,0,0,0,0,0,0,0,0,0,0,0,0,0,0,0,0,0,0.066667,0,0,0.066667,0,0.066667,0,0,0,0,0,0,0,0,0.066667,0,0,0,0.066667,0.066667,0,0.13333
0.027027,0.027027,0.027027,0.027027,0,0.027027,0,0,0,0,0,0,0,0,0.027027,0.054054,0,0,0,0.027027,0,0,0.027027,0,0,0.054054,0.054054,0,0.027027,0,0,0,0.027027,0,0,0,0,0,0.081081,0,0,0,0.027027,0.027027,0.027027,0.054054,0,0.027027,0,0.027027,0,0.027027,0.027027,0,0,0,0,0,0.081081,0,0,0.054054,0.027027,0.081081
0,0.0625,0,0,0,0,0,0,0,0,0.125,0,0,0.0625,0,0,0.0625,0,0,0,0,0,0,0.0625,0.0625,0,0,0,0,0,0,0,0,0,0,0,0,0,0,0,0,0,0.0625,0.0625,0,0,0.0625,0.0625,0.0625,0,0,0,0.0625,0,0.0625,0,0,0,0,0,0,0,0,0.125
0,0,0.04,0.04,0,0,0,0.04,0,0,0.04,0,0,0.04,0,0.04,0,0.04,0,0.04,0.04,0,0.04,0,0,0,0,0,0.12,0,0,0,0,0.04,0,0.04,0.04,0,0,0,0,0,0,0.08,0,0,0,0,0,0,0,0,0.04,0,0.04,0,0,0.04,0,0.04,0.04,0.04,0.04,0
0,0,0,0,0,0,0.034483,0,0.034483,0,0.034483,0,0.068966,0,0,0.034483,0.068966,0,0,0.034483,0,0.034483,0.034483,0.034483,0,0,0,0,0,0.034483,0.034483,0,0,0,0,0.034483,0,0,0.034483,0,0,0,0.034483,0,0,0.034483,0,0.034483,0,0,0,0,0.13793,0,0.034483,0.034483,0,0.034483,0,0.034483,0,0,0.034483,0.034483
0,0.03125,0,0.03125,0.03125,0,0,0,0.03125,0.03125,0,0,0.0625,0,0.03125,0.03125,0.03125,0,0.03125,0,0.03125,0,0,0,0,0.03125,0,0,0,0,0.0625,0.0625,0,0,0.03125,0,0,0,0,0,0.03125,0,0,0,0,0,0,0.03125,0,0,0.03125,0.0625,0.0625,0.03125,0,0,0,0.03125,0.0625,0,0,0.03125,0.03125,0.03125
0,0,0.058824,0.058824,0.058824,0.058824,0,0,0,0,0.058824,0,0,0,0,0,0.058824,0,0,0,0.11765,0.058824,0,0,0,0,0,0,0,0,0.058824,0.058824,0,0,0,0,0,0,0,0,0,0,0,0,0,0,0,0.058824,0,0,0.058824,0.058824,0,0,0.058824,0,0,0,0,0,0,0,0.11765,0
0.095238,0.047619,0,0,0.095238,0,0,0,0,0,0,0,0,0,0,0.095238,0,0,0,0.047619,0,0,0,0,0,0,0.047619,0.047619,0,0,0,0,0.047619,0,0,0,0.047619,0.047619,0.047619,0,0,0.047619,0,0,0,0,0,0.047619,0.095238,0.047619,0,0,0,0,0,0,0,0.047619,0,0,0,0,0.047619,0
0.0625,0,0,0,0,0,0,0,0,0.0625,0,0.0625,0,0,0,0.0625,0.0625,0,0,0,0,0.0625,0,0,0.0625,0.0625,0,0,0,0.0625,0,0,0,0.0625,0.0625,0,0,0,0,0,0,0,0,0,0,0.0625,0.0625,0,0,0,0,0,0,0.0625,0.0625,0,0,0,0,0,0,0,0.0625,0
0.0625,0,0,0,0,0.0625,0.125,0,0.0625,0.125,0.0625,0,0,0,0,0,0,0,0,0,0,0,0,0,0,0.0625,0,0.0625,0,0,0,0,0,0.0625,0,0,0,0,0,0,0,0,0,0,0,0.0625,0.0625,0,0.0625,0,0,0,0,0.0625,0,0,0,0.0625,0,0,0,0,0,0
0,0,0,0,0,0,0,0,0,0,0,0,0,0,0,0,0.125,0,0,0,0,0,0,0.0625,0,0,0,0.125,0,0,0.125,0,0,0,0,0,0.0625,0.0625,0,0,0,0,0,0,0,0,0.0625,0,0.0625,0,0,0.0625,0,0,0.0625,0,0,0,0,0,0.125,0,0,0.0625
0,0,0,0.16667,0.083333,0,0,0,0,0,0,0,0,0,0.16667,0,0,0,0,0,0,0,0.16667,0,0,0,0,0,0,0,0,0,0,0,0,0,0,0,0.083333,0,0,0.083333,0.083333,0,0,0,0.083333,0,0,0,0,0,0,0,0,0,0,0.083333,0,0,0,0,0,0
0,0,0,0,0.090909,0,0,0,0.090909,0,0.090909,0,0,0,0,0,0,0.090909,0,0.090909,0,0,0,0,0,0,0,0,0,0,0,0,0,0,0,0,0,0,0.090909,0,0.090909,0,0,0,0,0,0,0,0,0,0,0,0,0,0.090909,0,0,0,0,0.18182,0.090909,0,0,0
0,0,0.045455,0.022727,0,0.022727,0.022727,0,0,0,0,0,0.090909,0.045455,0,0.022727,0,0,0.022727,0.022727,0,0,0.045455,0,0.045455,0,0,0.022727,0,0,0.022727,0.022727,0.045455,0,0,0.022727,0,0,0,0,0.045455,0,0,0,0.022727,0,0.068182,0.022727,0.045455,0,0,0,0.045455,0,0.022727,0,0,0,0,0.022727,0.022727,0,0.022727,0.11364
0,0,0,0,0,0,0,0,0,0,0.066667,0,0,0,0,0.13333,0.13333,0,0,0,0,0.066667,0,0,0,0.066667,0,0,0,0,0.066667,0,0,0,0,0,0,0,0,0,0,0,0,0,0,0,0,0.066667,0.13333,0.066667,0,0.066667,0.066667,0,0,0,0,0,0,0,0,0.066667,0,0
0,0,0,0,0,0,0.090909,0.090909,0.090909,0,0,0,0,0.090909,0.090909,0,0,0,0,0,0,0,0,0,0,0,0,0,0,0,0,0,0,0.090909,0,0,0,0,0.18182,0,0,0,0.090909,0,0,0.090909,0,0,0,0,0,0,0,0,0,0,0,0.090909,0,0,0,0,0,0
0,0,0,0,0,0,0,0.1,0,0,0,0,0,0,0,0,0,0,0.1,0,0,0,0,0,0,0,0.1,0,0.1,0,0,0,0,0,0.1,0,0.1,0,0,0,0,0,0,0,0,0,0.1,0.1,0,0,0,0,0,0.1,0.1,0,0,0,0,0,0,0,0,0
0.16667,0,0,0,0,0.083333,0.16667,0,0,0.083333,0,0,0.083333,0,0.083333,0,0,0,0,0,0,0,0,0,0,0,0,0,0,0,0,0.083333,0,0,0,0,0,0,0,0,0,0,0,0,0,0,0,0,0.083333,0.083333,0,0,0.083333,0,0,0,0,0,0,0,0,0,0,0
0.0625,0.0625,0.0625,0,0,0,0,0,0,0,0,0,0,0.125,0,0,0.0625,0,0,0.0625,0,0,0,0,0,0,0,0,0,0,0,0,0,0,0.0625,0,0,0.0625,0,0,0,0,0,0,0,0.0625,0,0,0,0,0,0,0,0,0,0.0625,0,0,0,0,0.0625,0.0625,0,0.1875
0.10526,0,0.052632,0,0,0,0,0,0,0.052632,0,0,0,0,0,0,0.052632,0,0,0.052632,0,0,0,0,0,0,0,0,0,0,0,0,0,0,0.052632,0,0,0,0,0,0,0,0,0,0,0,0.26316,0.10526,0,0,0,0,0,0,0,0,0.052632,0,0.052632,0.10526,0,0,0,0.052632
0.057143,0.028571,0.028571,0.028571,0,0,0.028571,0,0,0,0,0,0,0,0,0,0,0.028571,0.085714,0.057143,0.085714,0,0,0.057143,0,0.028571,0,0,0,0,0,0,0,0,0,0,0,0.028571,0.057143,0,0.028571,0,0,0,0,0,0.028571,0.057143,0,0,0,0.028571,0,0,0.028571,0.028571,0,0.028571,0.028571,0.028571,0.028571,0,0.028571,0.057143
0.071429,0,0,0,0.14286,0,0,0,0,0,0,0,0.071429,0.071429,0,0,0.071429,0,0,0,0,0,0,0,0,0.071429,0,0,0,0,0,0,0,0,0,0.071429,0,0,0,0,0,0.071429,0.071429,0.071429,0.071429,0,0,0,0,0,0,0.071429,0,0,0,0,0,0,0,0,0,0,0,0.071429
0.071429,0,0,0,0,0,0.071429,0,0,0.071429,0,0,0.14286,0,0,0,0.071429,0,0,0.071429,0.071429,0,0,0,0,0,0,0.071429,0,0,0,0,0,0,0,0,0,0,0,0,0,0.071429,0.071429,0,0,0,0.071429,0,0,0,0,0,0,0,0,0,0,0,0,0.071429,0,0,0,0.071429
0,0,0.125,0,0,0,0,0.25,0,0,0,0.125,0,0.125,0,0,0,0,0,0,0,0,0,0,0,0,0.125,0,0,0,0,0,0,0,0,0,0,0,0,0,0,0,0,0,0,0,0,0,0,0,0,0.125,0,0,0,0.125,0,0,0,0,0,0,0,0
0.035714,0.071429,0,0.035714,0.035714,0,0,0,0.071429,0,0,0,0,0,0,0.071429,0.071429,0.035714,0,0.035714,0,0,0,0.035714,0,0,0,0,0,0,0,0,0,0,0,0,0,0.035714,0,0.035714,0.10714,0,0,0,0.035714,0.035714,0,0.035714,0.071429,0,0,0.071429,0,0,0,0,0.035714,0,0,0,0,0,0.035714,0
0.10204,0.040816,0.040816,0.020408,0.061224,0,0.020408,0,0,0.020408,0.040816,0,0.040816,0,0.020408,0.020408,0.020408,0.020408,0,0,0,0,0,0,0,0,0,0,0.040816,0,0.020408,0.040816,0,0,0,0,0,0,0,0,0,0,0.020408,0.020408,0,0,0.020408,0,0.020408,0.020408,0.020408,0.020408,0.020408,0,0,0,0.040816,0.020408,0,0,0.10204,0,0.081633,0.020408
0.13333,0,0.066667,0,0,0,0.066667,0,0.066667,0,0,0,0,0,0,0,0.066667,0,0.13333,0,0,0,0.066667,0,0,0,0,0,0,0.066667,0,0,0,0,0,0,0,0.066667,0,0,0,0,0,0,0,0,0,0,0.066667,0,0,0,0.066667,0,0,0,0,0,0,0,0,0.13333,0,0
0,0.055556,0.055556,0,0,0,0,0,0,0,0,0,0,0,0,0,0,0.055556,0.055556,0.055556,0.11111,0,0.055556,0.055556,0.11111,0,0.055556,0,0,0,0,0,0.055556,0,0,0,0,0.055556,0,0,0.055556,0,0.055556,0,0,0,0,0,0.11111,0,0,0,0,0,0,0,0,0,0,0,0,0,0,0
0.025641,0.076923,0,0,0,0.051282,0.051282,0,0,0.025641,0,0,0.051282,0,0.025641,0,0.025641,0,0,0,0.025641,0,0,0,0,0.025641,0.025641,0,0,0.025641,0.025641,0,0.051282,0,0.025641,0.025641,0.025641,0,0,0,0,0.025641,0,0.025641,0,0.025641,0.025641,0.025641,0,0.051282,0,0.051282,0.025641,0,0.025641,0,0,0.025641,0.025641,0,0,0,0.051282,0.025641
0.05,0,0,0,0,0,0,0,0.05,0,0,0.05,0,0.05,0,0,0,0.05,0,0,0.05,0,0,0,0.05,0.05,0,0,0,0.05,0.05,0,0,0,0,0,0.05,0,0,0,0,0.05,0,0,0,0.05,0,0,0,0,0,0,0,0,0.05,0,0,0,0,0,0,0.1,0.15,0.05
0.038462,0.038462,0,0,0,0,0,0.038462,0,0.038462,0,0.076923,0,0.076923,0,0,0.038462,0,0.038462,0.038462,0,0,0.038462,0,0,0.076923,0,0,0,0,0.038462,0,0.038462,0.038462,0.076923,0,0,0,0,0,0,0,0,0.038462,0,0,0.038462,0,0,0.038462,0,0,0,0,0.038462,0,0,0,0,0.076923,0,0.038462,0,0
0,0,0,0,0.18182,0,0.090909,0,0,0,0,0,0,0,0,0,0,0,0,0,0,0.090909,0.090909,0,0,0,0,0,0,0,0,0,0,0,0,0,0,0.090909,0,0,0,0.090909,0,0,0,0,0,0.090909,0,0,0,0,0,0,0,0.090909,0,0.090909,0.090909,0,0,0,0,0
0.027778,0.027778,0,0.027778,0,0.055556,0,0.027778,0,0,0,0,0.083333,0.027778,0.027778,0,0.027778,0,0,0,0,0.027778,0,0,0.027778,0,0,0,0,0,0,0,0.027778,0,0,0,0,0.027778,0,0.027778,0,0,0.027778,0.027778,0.055556,0,0,0,0,0,0,0.027778,0.027778,0.027778,0.027778,0.083333,0.027778,0.027778,0.027778,0.055556,0.027778,0.027778,0,0.027778
0.014493,0.014493,0,0.014493,0.057971,0.028986,0.014493,0.014493,0,0.014493,0,0,0.014493,0.014493,0,0.028986,0.028986,0.014493,0.028986,0.028986,0.028986,0.028986,0,0.086957,0.043478,0.028986,0.043478,0,0.057971,0.014493,0,0,0,0.014493,0,0,0,0.014493,0.014493,0,0.014493,0.014493,0,0,0.028986,0.014493,0,0.014493,0,0.043478,0,0,0.043478,0.043478,0,0.014493,0.014493,0,0,0,0.014493,0.028986,0,0
0,0.083333,0,0,0,0,0,0,0,0,0,0,0,0,0,0,0.083333,0,0.083333,0,0,0,0,0,0.083333,0,0,0,0,0,0,0,0.16667,0,0,0,0.083333,0,0.083333,0,0,0,0,0,0,0,0.16667,0,0,0,0,0,0,0,0,0,0,0,0,0,0,0.083333,0.083333,0
0,0.23529,0,0,0.058824,0.11765,0,0,0,0,0,0,0,0,0,0,0.058824,0,0,0,0,0,0,0,0,0,0,0,0,0,0,0,0.058824,0,0,0,0.11765,0,0,0,0,0,0,0,0,0,0.11765,0,0,0,0.058824,0,0.11765,0,0.058824,0,0,0,0,0,0,0,0,0
0,0,0,0.16667,0.083333,0,0.083333,0,0,0,0.083333,0,0,0,0.083333,0,0,0,0.083333,0,0,0,0,0,0,0,0,0,0,0,0,0,0,0,0,0,0,0,0,0,0,0,0,0,0,0,0.083333,0,0,0,0.083333,0,0,0,0,0.083333,0,0,0.083333,0,0.083333,0,0,0
0,0,0,0,0.043478,0,0.043478,0.043478,0,0,0.043478,0.043478,0,0,0,0,0,0.043478,0.086957,0.043478,0,0,0,0.043478,0.043478,0,0,0.043478,0,0,0,0,0,0,0,0,0,0,0,0.043478,0,0,0,0.043478,0,0,0,0.086957,0.043478,0,0,0,0.043478,0,0.043478,0.13043,0,0,0.043478,0,0,0,0,0
0.052632,0,0,0.052632,0,0,0.026316,0,0.026316,0,0,0.026316,0.10526,0,0,0.052632,0,0,0,0.026316,0,0,0.026316,0,0,0,0,0,0,0,0,0,0,0.026316,0,0,0.026316,0,0,0,0,0,0,0,0.026316,0.026316,0,0.052632,0.10526,0.026316,0,0.026316,0.026316,0,0.026316,0.026316,0.026316,0,0.026316,0,0.026316,0.026316,0.026316,0.078947
0,0,0,0,0.055556,0.055556,0,0,0.055556,0,0.055556,0,0,0,0,0,0.055556,0,0.055556,0,0.055556,0,0,0,0,0,0.055556,0,0,0,0,0,0,0,0,0,0.055556,0,0.055556,0.055556,0,0,0,0,0,0,0,0.055556,0,0,0.055556,0,0.11111,0,0,0,0,0,0,0.055556,0,0.055556,0.055556,0
0.030303,0,0.060606,0,0.090909,0,0,0.060606,0.030303,0.030303,0,0,0.030303,0,0,0,0,0,0,0,0,0.030303,0,0,0.030303,0.060606,0,0,0.030303,0,0.030303,0,0.030303,0.030303,0.030303,0,0,0,0,0,0.030303,0,0,0.030303,0.030303,0,0,0.030303,0.030303,0.030303,0.030303,0,0,0,0,0,0.060606,0.030303,0,0.060606,0.030303,0,0,0
0.083333,0,0,0,0,0,0,0,0,0.041667,0,0,0.041667,0,0.083333,0.125,0,0.083333,0,0.041667,0,0,0,0,0,0,0,0,0,0,0,0,0,0,0,0,0,0,0.041667,0,0,0,0,0,0,0,0,0.041667,0,0.041667,0,0,0.041667,0,0,0.041667,0,0.125,0,0.041667,0.083333,0,0,0.041667
0.045455,0.015152,0,0.015152,0.030303,0.015152,0,0,0.015152,0,0,0.015152,0,0,0.015152,0.045455,0,0.015152,0,0,0.045455,0,0.030303,0,0.045455,0.015152,0.015152,0,0,0,0.015152,0,0,0,0.015152,0.015152,0.015152,0.015152,0.045455,0.060606,0.015152,0,0,0.015152,0.015152,0.015152,0.060606,0.030303,0.060606,0.015152,0,0,0.015152,0.030303,0.015152,0,0,0.030303,0.015152,0.030303,0.015152,0,0.015152,0.045455
0.064516,0,0.032258,0,0,0,0,0,0,0,0,0.032258,0,0.064516,0,0,0.064516,0.032258,0,0,0,0,0,0,0,0.032258,0,0.032258,0.032258,0,0,0.032258,0.032258,0,0,0.032258,0.096774,0.032258,0.032258,0,0.032258,0,0,0,0,0.064516,0,0,0.032258,0.032258,0,0.032258,0.032258,0.032258,0,0,0,0.032258,0,0,0,0.032258,0.032258,0
0,0,0,0,0.026316,0.026316,0,0.026316,0,0.026316,0,0,0.026316,0.052632,0.052632,0.078947,0,0,0,0.026316,0.026316,0,0,0,0.026316,0,0.026316,0,0,0,0.026316,0,0,0,0,0.026316,0,0,0,0,0,0,0,0,0.026316,0,0.026316,0,0,0.026316,0.026316,0.026316,0.052632,0,0.026316,0,0.052632,0.052632,0,0.052632,0.026316,0,0.052632,0.078947
0.029412,0,0.029412,0.088235,0.029412,0,0,0.029412,0,0,0,0,0.058824,0.029412,0.029412,0.058824,0.029412,0,0,0.029412,0,0,0,0,0,0,0,0,0.029412,0,0,0,0.029412,0,0,0.029412,0.029412,0,0,0,0,0.029412,0,0,0.029412,0,0.058824,0.029412,0,0.029412,0,0.058824,0.029412,0.029412,0.029412,0.029412,0.029412,0,0,0,0,0,0,0.058824
0.17391,0,0,0,0.043478,0,0,0,0,0,0,0,0.21739,0,0.043478,0.043478,0.086957,0,0,0,0,0.043478,0,0,0,0,0,0,0,0,0,0,0,0,0,0,0,0,0,0,0,0,0,0,0.086957,0,0,0,0.043478,0,0,0,0,0,0,0,0,0,0,0.043478,0.043478,0,0.086957,0.043478
0.13333,0.066667,0,0,0.2,0,0,0.066667,0,0,0,0.066667,0,0,0,0,0,0,0,0,0,0,0,0,0,0,0,0,0,0,0,0,0.066667,0,0,0.066667,0,0,0,0,0,0,0.066667,0,0,0.066667,0,0,0,0,0,0,0,0,0,0.066667,0,0,0,0,0.066667,0,0.066667,0
0,0,0,0.058824,0,0,0,0,0,0.058824,0,0,0,0,0,0.058824,0,0.058824,0,0.058824,0.11765,0,0,0,0,0,0,0.058824,0,0,0,0,0,0,0,0,0,0,0,0,0.058824,0,0,0,0,0,0.058824,0.058824,0.058824,0,0,0,0,0,0.11765,0.058824,0,0,0,0,0.058824,0,0.058824,0
0.057143,0.028571,0.028571,0.028571,0.028571,0,0,0.028571,0,0.028571,0,0,0.057143,0.028571,0,0.028571,0,0,0,0,0,0,0,0,0,0,0.028571,0,0,0,0.028571,0.028571,0.057143,0.057143,0,0.028571,0,0.028571,0,0,0,0,0,0,0,0,0,0,0.057143,0.028571,0.028571,0,0.028571,0,0,0,0.028571,0.057143,0,0.028571,0.057143,0.028571,0,0.057143
0,0,0,0,0.05,0,0,0,0,0,0,0.1,0.05,0,0.15,0.05,0,0.05,0,0,0,0,0,0.05,0,0,0,0,0,0,0,0,0,0,0,0,0.05,0,0,0,0,0,0,0,0.05,0,0.05,0.05,0.05,0.05,0,0,0,0,0,0,0.05,0,0,0.05,0.05,0,0.05,0
0,0,0,0,0.05,0,0,0.05,0,0.05,0,0.05,0.1,0,0.05,0,0,0,0.05,0,0,0,0,0,0,0,0,0,0.05,0,0,0,0,0,0,0,0,0,0,0,0,0,0,0,0.05,0,0,0.05,0.1,0.05,0,0.05,0,0,0,0,0.05,0,0,0.1,0.1,0,0,0
0.043478,0,0.043478,0,0.043478,0,0.043478,0,0,0,0.086957,0,0.043478,0,0,0.043478,0,0,0,0,0,0,0,0,0,0,0,0,0,0,0,0,0.086957,0,0,0,0.043478,0,0,0,0.043478,0.043478,0,0,0,0.043478,0,0,0.043478,0,0,0.086957,0.043478,0,0,0,0,0.043478,0,0,0.043478,0.043478,0,0.086957
0.125,0,0,0.083333,0,0.041667,0.041667,0,0,0.041667,0,0,0,0.083333,0,0.125,0.041667,0,0,0,0,0,0,0,0,0,0,0.041667,0,0,0.041667,0,0.041667,0,0,0,0,0,0,0,0,0,0,0,0.041667,0,0,0.041667,0,0,0,0.041667,0.041667,0,0,0,0,0,0,0,0.083333,0.041667,0,0
0,0,0,0,0,0,0,0,0,0,0,0,0.066667,0.066667,0.066667,0.066667,0,0.066667,0,0,0,0,0,0.066667,0.066667,0,0,0,0,0,0,0,0.066667,0,0,0,0,0,0.13333,0,0.066667,0,0,0,0,0,0,0,0,0,0,0.066667,0,0,0,0,0,0,0,0.066667,0.066667,0,0.066667,0
0.034483,0,0,0,0.034483,0,0.034483,0,0.034483,0,0,0.034483,0,0.068966,0,0.034483,0,0,0,0,0.034483,0,0.068966,0,0.034483,0,0,0,0,0.034483,0.068966,0.034483,0.034483,0,0.034483,0.034483,0,0,0.068966,0,0,0,0,0,0,0,0.034483,0,0.034483,0.034483,0,0.034483,0.034483,0.034483,0.034483,0,0,0,0,0,0,0.034483,0,0
0.066667,0,0.033333,0.033333,0.066667,0,0.033333,0.033333,0.033333,0,0,0,0,0,0,0,0.066667,0,0.033333,0.033333,0,0,0,0,0,0,0,0,0,0,0,0.033333,0.066667,0,0,0.033333,0,0,0,0.033333,0,0,0,0,0,0,0,0.033333,0.1,0.033333,0.033333,0,0.033333,0,0,0,0,0,0.033333,0,0,0.033333,0.033333,0.066667
0,0,0,0.14286,0,0,0,0,0,0,0,0,0,0,0,0,0.071429,0,0,0,0,0,0,0,0,0,0,0,0,0,0,0.071429,0,0.071429,0,0,0,0.071429,0,0,0,0,0.071429,0,0,0.071429,0,0.071429,0.14286,0,0,0,0.071429,0.071429,0,0,0,0,0.071429,0,0,0,0,0
0.04,0.04,0,0,0.04,0,0,0,0,0.04,0,0,0.04,0,0,0.04,0,0,0,0,0,0,0.04,0,0,0.04,0,0,0,0.04,0,0,0,0,0,0.08,0.04,0,0.04,0,0,0,0,0,0,0.04,0.04,0.04,0,0,0,0,0.08,0,0,0,0.04,0.04,0.04,0,0.04,0,0.08,0.04
0.11111,0,0.037037,0,0.074074,0,0,0,0,0,0,0.037037,0.037037,0,0,0.074074,0.037037,0.11111,0,0,0,0,0.037037,0,0,0,0.037037,0,0.037037,0,0.037037,0.037037,0,0,0,0,0,0.037037,0,0,0,0,0,0.037037,0.037037,0,0.074074,0,0.037037,0,0,0,0,0.037037,0.037037,0,0,0,0,0,0,0,0,0
0,0,0.15,0.05,0,0,0,0,0,0,0,0.05,0,0,0,0,0.05,0,0.05,0,0,0,0,0,0,0,0,0,0,0,0,0,0,0,0,0,0.05,0,0,0.05,0,0,0,0,0,0,0.1,0,0.1,0.05,0,0,0.1,0,0,0,0.1,0.1,0,0,0,0,0,0
0.042553,0,0.021277,0.042553,0.021277,0.021277,0,0.021277,0,0,0,0.021277,0.042553,0.021277,0.042553,0.021277,0,0,0,0,0.042553,0,0,0,0.06383,0,0,0,0,0.021277,0.021277,0.021277,0,0.021277,0,0,0.021277,0,0,0,0.021277,0,0.021277,0,0.06383,0,0,0.021277,0.06383,0,0.021277,0.042553,0.021277,0.021277,0.021277,0,0,0.021277,0.021277,0,0.021277,0,0.021277,0.06383
0.125,0,0,0,0,0,0,0,0,0,0.0625,0,0,0,0,0.0625,0,0.0625,0,0.0625,0,0,0,0,0,0,0.0625,0,0.0625,0,0,0,0.0625,0,0,0,0.0625,0,0,0,0.0625,0,0,0,0,0,0.0625,0,0.0625,0,0,0,0,0,0.0625,0,0,0,0.0625,0,0.0625,0,0,0
0,0,0,0,0.05,0,0.05,0,0,0,0,0,0.05,0,0,0,0,0,0,0,0,0,0.05,0,0,0,0,0.05,0,0.05,0,0,0.1,0,0,0,0,0,0.1,0,0,0,0,0,0.05,0,0.15,0,0,0,0,0,0.05,0,0,0,0,0.1,0.05,0,0,0.05,0,0.05
0.052632,0.10526,0,0,0,0,0.052632,0,0,0.052632,0,0,0,0,0,0,0,0,0.052632,0,0,0,0,0.052632,0,0.052632,0,0,0,0,0.052632,0,0.10526,0,0,0.052632,0,0,0,0,0.10526,0,0.052632,0,0,0,0.052632,0,0,0,0,0,0,0,0.10526,0,0,0,0.052632,0,0,0,0,0
0.02439,0.02439,0.073171,0,0,0.073171,0,0,0.02439,0.02439,0,0,0.02439,0,0,0,0.073171,0.04878,0.097561,0.02439,0,0.02439,0.02439,0,0,0,0,0,0.04878,0,0,0,0.04878,0.02439,0,0.02439,0,0,0.04878,0,0.02439,0,0.02439,0,0,0,0.02439,0,0.02439,0,0.04878,0,0.04878,0,0,0,0,0.02439,0,0,0.02439,0,0,0
0,0,0,0.047619,0.095238,0,0,0,0,0,0,0,0.095238,0,0,0.047619,0,0,0,0,0.047619,0,0,0,0,0,0,0,0.047619,0,0,0.047619,0,0,0.047619,0,0.047619,0,0,0.047619,0,0,0,0,0,0,0,0.047619,0.047619,0.047619,0,0.095238,0,0,0,0.047619,0,0,0.047619,0,0,0.047619,0,0.047619
0,0.15385,0,0.076923,0,0,0,0,0,0,0,0,0,0,0,0,0,0,0,0.076923,0.076923,0,0,0.076923,0.076923,0,0,0,0,0,0,0,0,0,0,0,0,0,0,0,0,0.076923,0,0,0,0,0,0.076923,0,0,0,0,0,0.076923,0.076923,0,0,0.076923,0.076923,0,0,0,0,0
0.085714,0.057143,0,0,0.028571,0,0,0,0.057143,0.028571,0,0.028571,0,0.028571,0,0,0.11429,0,0.028571,0,0,0.028571,0,0,0.057143,0,0,0,0,0,0,0,0,0.028571,0.057143,0.028571,0,0,0,0.028571,0.028571,0.057143,0,0,0,0,0,0.028571,0.028571,0.028571,0.028571,0.028571,0,0,0.028571,0,0.028571,0,0,0,0.028571,0,0,0
0,0,0,0,0,0,0.071429,0,0,0,0,0,0,0.071429,0,0,0.071429,0.071429,0,0,0,0,0,0.071429,0,0.071429,0.071429,0.071429,0,0,0,0,0,0,0,0,0,0,0,0,0,0,0,0,0,0,0,0.071429,0,0,0,0,0,0,0,0,0,0,0.21429,0,0.071429,0,0.071429,0
0,0,0.045455,0,0,0,0,0,0.090909,0.090909,0.068182,0.022727,0,0.090909,0,0.022727,0,0,0.045455,0,0,0,0.045455,0,0.022727,0.022727,0,0.022727,0,0.022727,0,0,0.022727,0,0,0.022727,0,0.022727,0.022727,0.045455,0,0,0.045455,0.022727,0,0.022727,0.022727,0,0,0,0,0,0.022727,0,0.022727,0,0.022727,0.022727,0.045455,0,0,0,0,0
0.1,0,0,0,0,0.1,0,0,0,0.1,0,0,0,0,0,0,0,0,0,0,0.1,0,0,0,0.2,0,0,0,0.1,0,0.1,0,0,0,0,0,0,0,0,0,0,0,0,0,0,0,0.1,0,0,0,0,0,0,0,0,0,0.1,0,0,0,0,0,0,0
0.090909,0,0.090909,0,0,0,0,0,0,0.090909,0,0,0.090909,0,0,0,0,0,0,0,0,0,0,0,0,0,0,0.090909,0,0,0,0,0,0,0,0,0,0,0,0,0.090909,0,0,0,0,0,0.090909,0,0.090909,0,0,0,0,0,0,0,0.090909,0,0.090909,0,0,0,0,0.090909
0.16667,0.125,0,0,0,0,0,0.041667,0.041667,0,0,0.041667,0,0,0,0,0,0,0,0,0,0.041667,0.041667,0,0,0,0.041667,0,0,0,0,0,0,0,0.041667,0,0,0.041667,0,0,0,0.041667,0.041667,0.041667,0.083333,0,0.041667,0,0,0,0,0,0,0,0,0,0,0,0,0,0.041667,0,0.083333,0
0.14286,0,0,0,0,0,0,0,0,0,0,0,0,0,0,0.071429,0,0,0,0,0,0,0,0,0,0,0,0,0,0,0,0,0,0,0.071429,0,0.071429,0,0,0,0,0.071429,0,0,0,0,0,0,0.071429,0,0,0,0,0,0.21429,0,0.071429,0.071429,0,0,0.071429,0.071429,0,0
0.13333,0.066667,0,0,0.066667,0,0,0,0,0,0,0.066667,0,0,0.13333,0.066667,0.066667,0,0,0,0,0,0,0,0.066667,0,0,0,0.066667,0,0,0,0,0,0,0,0,0,0.066667,0,0,0,0,0,0,0,0,0,0,0,0,0.066667,0,0.13333,0,0,0,0,0,0,0,0,0,0
0.071429,0.071429,0,0,0,0,0,0,0,0,0,0.071429,0,0,0.071429,0,0.071429,0.071429,0,0,0.071429,0,0,0,0,0.071429,0,0,0,0,0,0,0.071429,0,0,0,0,0,0,0,0,0,0,0,0,0,0,0,0,0.071429,0.071429,0,0,0,0,0,0,0.071429,0,0.071429,0.071429,0,0,0
0.15385,0.038462,0.038462,0,0,0.038462,0,0.038462,0,0.038462,0,0,0.038462,0,0.038462,0,0.076923,0,0,0,0.038462,0,0,0,0,0,0,0,0.038462,0,0,0,0.038462,0.076923,0,0.038462,0,0.038462,0,0,0.038462,0,0,0,0,0,0,0,0.038462,0,0,0,0,0,0,0.038462,0.038462,0.038462,0,0,0,0.038462,0,0
0.04,0.08,0.04,0.04,0,0,0.04,0,0,0,0,0,0,0.04,0,0,0.04,0,0,0.04,0,0,0,0,0.04,0,0,0,0,0,0.04,0.08,0,0,0,0.04,0.08,0,0,0,0.04,0.04,0,0,0.04,0,0,0,0,0,0.04,0,0,0,0,0,0.04,0.08,0.04,0,0,0,0.04,0
0.078947,0.052632,0,0.052632,0.052632,0,0,0,0,0.026316,0,0,0.078947,0,0,0.026316,0.052632,0,0.026316,0,0,0,0,0,0.026316,0.026316,0,0.026316,0,0,0.026316,0,0.026316,0.026316,0.026316,0,0.026316,0,0.052632,0,0.026316,0,0,0,0,0,0,0,0.026316,0,0,0,0.026316,0,0.026316,0,0.052632,0.052632,0,0.026316,0,0,0,0.052632
0.090909,0,0.13636,0,0.045455,0,0,0,0,0,0,0.045455,0.045455,0,0,0,0,0,0,0,0,0,0,0,0,0,0,0,0.045455,0,0,0,0,0.090909,0,0.045455,0,0,0,0.045455,0,0.045455,0,0,0,0,0.090909,0,0,0,0,0.045455,0,0,0,0,0,0,0,0.090909,0.045455,0,0.045455,0.045455
0.125,0,0,0,0,0,0,0,0,0,0,0,0,0,0,0,0,0,0,0,0,0,0.125,0,0,0,0.125,0,0,0,0,0,0,0,0,0.125,0,0,0,0,0,0,0.125,0,0,0,0.125,0,0,0,0,0,0,0,0,0,0,0,0,0,0,0,0,0.25
0,0,0,0.066667,0,0,0,0,0,0,0,0,0,0.066667,0,0.066667,0.13333,0,0,0.066667,0,0,0,0,0,0,0,0,0,0,0,0,0.066667,0,0,0,0,0,0,0.066667,0,0.066667,0,0,0,0,0,0,0,0,0,0.066667,0,0,0.066667,0,0,0.066667,0.066667,0,0,0,0.13333,0
0.071429,0.071429,0,0,0,0,0,0,0,0,0,0,0,0,0,0,0,0,0,0,0,0,0,0,0.071429,0.071429,0.071429,0,0,0,0,0,0.14286,0,0,0,0,0.14286,0.071429,0,0.071429,0,0,0,0,0,0,0.071429,0,0,0,0,0,0,0,0,0,0,0,0,0,0.14286,0,0
0.11111,0,0.055556,0.055556,0,0,0,0,0,0.11111,0.055556,0,0,0,0,0,0.11111,0,0,0,0.055556,0,0,0,0,0,0,0,0.055556,0,0,0,0,0,0,0.055556,0.055556,0,0,0,0,0,0.055556,0,0,0,0,0,0,0,0.055556,0,0.055556,0,0,0,0,0,0,0.11111,0,0,0,0
0,0.2,0.1,0,0,0.1,0,0,0,0,0,0,0,0,0,0,0,0,0,0,0.1,0,0.1,0,0,0,0,0,0,0,0,0,0.1,0.1,0,0,0,0.1,0,0,0,0.1,0,0,0,0,0,0,0,0,0,0,0,0,0,0,0,0,0,0,0,0,0,0
0,0,0,0.1,0,0.1,0,0,0,0,0,0,0,0.1,0,0,0,0,0,0,0,0,0.1,0,0.1,0.1,0,0,0,0,0,0,0.1,0,0,0,0.1,0,0,0,0,0,0,0,0,0,0,0,0,0,0,0,0,0,0,0,0.1,0,0,0.1,0,0,0,0
0.15385,0,0,0.038462,0,0,0,0,0,0,0,0,0,0.038462,0,0.038462,0.15385,0.038462,0.038462,0.076923,0.076923,0,0,0,0,0,0,0,0,0,0,0,0.038462,0,0.038462,0,0.038462,0,0.038462,0,0,0,0,0,0.038462,0,0,0,0.076923,0,0,0,0,0,0,0,0,0,0.038462,0,0,0,0.038462,0
0.039216,0.019608,0.039216,0.019608,0.039216,0,0.019608,0,0.019608,0,0,0.019608,0.039216,0.019608,0.058824,0.019608,0.058824,0,0.019608,0.039216,0.019608,0,0,0,0.019608,0.039216,0,0.039216,0,0.039216,0.019608,0,0.039216,0,0,0,0.039216,0,0.019608,0,0,0,0,0,0,0,0.039216,0,0,0.019608,0,0,0.019608,0,0.058824,0.019608,0.039216,0,0.019608,0,0.019608,0.019608,0,0
0.0625,0,0,0.125,0,0,0,0,0,0.0625,0,0,0,0,0.0625,0,0,0,0,0.0625,0.125,0,0,0,0,0.0625,0,0,0,0,0,0,0.0625,0,0,0,0,0,0,0,0,0,0,0.125,0,0,0,0,0.1875,0,0,0,0.0625,0,0,0,0,0,0,0,0,0,0,0
0,0,0.0625,0,0.125,0,0,0,0,0,0,0,0.125,0.0625,0,0,0.125,0,0,0,0,0,0,0,0.0625,0,0.0625,0,0.0625,0,0.0625,0,0,0,0,0,0.0625,0,0,0,0,0,0,0,0,0,0,0,0.0625,0,0,0,0,0,0,0,0,0.0625,0,0.0625,0,0,0,0
0.052632,0.10526,0,0,0,0,0,0,0,0,0,0,0,0.052632,0,0.052632,0.10526,0,0,0,0,0.052632,0,0.052632,0,0,0,0,0,0,0,0,0.10526,0.052632,0,0,0,0,0.052632,0,0.10526,0,0,0,0,0,0,0,0,0,0.052632,0,0,0,0.052632,0,0.052632,0,0,0.052632,0,0,0,0
0,0,0,0.03125,0,0,0.03125,0,0.03125,0,0,0,0,0,0.03125,0,0.09375,0.03125,0.0625,0,0,0.03125,0,0,0,0,0.0625,0,0,0,0.03125,0.0625,0,0,0,0.03125,0,0,0.03125,0,0.03125,0.03125,0.03125,0,0,0.03125,0.03125,0,0,0,0.03125,0,0.03125,0,0,0,0,0,0.0625,0,0,0.03125,0.0625,0.0625
0.095238,0,0.02381,0,0,0,0,0.047619,0.02381,0.02381,0,0,0.02381,0.02381,0,0.047619,0.02381,0,0,0,0,0.047619,0.071429,0,0.047619,0,0.02381,0,0.02381,0,0.02381,0,0.02381,0.02381,0.02381,0,0,0,0,0.047619,0.02381,0.095238,0,0,0,0,0.02381,0,0.02381,0,0,0,0,0,0.047619,0,0,0.047619,0.02381,0.02381,0,0,0,0
0.21429,0,0.071429,0,0,0.071429,0,0,0,0.071429,0,0,0,0,0,0,0,0,0,0,0,0,0,0.071429,0,0,0,0,0.071429,0,0,0,0,0,0,0,0,0,0,0,0.071429,0,0,0,0,0,0,0,0,0,0.14286,0,0.071429,0,0,0,0,0,0,0,0.071429,0,0.071429,0
0.10526,0,0,0,0.052632,0.052632,0,0,0,0,0,0,0.052632,0,0,0,0.052632,0,0,0,0,0.052632,0,0,0,0,0,0.052632,0,0,0,0.052632,0,0,0,0,0.052632,0,0,0,0,0,0,0,0,0,0,0.052632,0,0,0.052632,0.052632,0.052632,0,0,0,0,0,0,0,0.052632,0.052632,0,0.15789
0.16667,0,0.083333,0,0.083333,0,0,0.083333,0,0,0,0.083333,0.083333,0,0,0,0,0,0,0.083333,0,0,0,0,0,0,0,0,0,0,0,0,0,0,0,0,0.083333,0,0,0,0,0,0,0,0,0,0,0,0,0.083333,0,0.083333,0,0,0,0,0,0,0,0,0.083333,0,0,0
0,0,0.083333,0,0,0,0,0,0,0,0,0,0.25,0,0,0,0.083333,0.083333,0,0,0,0,0,0,0,0,0,0,0,0,0,0,0,0,0.083333,0,0,0,0.083333,0,0,0,0,0,0,0,0.083333,0,0,0,0,0.16667,0,0,0,0,0,0,0,0.083333,0,0,0,0
0.071429,0.071429,0,0.071429,0,0,0.071429,0,0,0,0,0.071429,0,0,0,0,0,0,0,0,0,0,0,0,0,0,0.071429,0,0,0,0.21429,0,0,0,0,0,0,0,0.071429,0,0,0,0,0,0,0,0,0,0,0,0.071429,0,0,0,0,0,0.071429,0,0,0,0,0,0,0.14286
0,0,0,0,0,0,0,0,0,0,0,0,0,0,0.083333,0,0,0,0.083333,0,0,0,0,0,0,0.16667,0.25,0,0.083333,0,0,0,0,0,0,0.083333,0,0,0,0,0,0,0,0,0,0,0,0,0.083333,0,0.083333,0,0,0,0,0.083333,0,0,0,0,0,0,0,0
0.1,0,0,0,0,0,0,0,0,0,0,0,0,0,0,0.1,0,0,0,0,0,0,0,0,0,0,0,0,0.1,0,0,0,0,0,0,0,0,0,0.1,0.1,0,0,0,0,0,0,0,0.2,0,0,0,0,0,0,0,0,0,0,0,0,0.1,0,0.1,0.1
0,0,0,0,0,0,0,0,0,0,0,0.083333,0,0,0,0.083333,0,0,0,0,0,0.083333,0.083333,0,0,0,0,0,0.083333,0,0,0,0,0,0,0,0,0,0,0,0,0,0,0,0,0,0,0,0,0,0.083333,0,0.083333,0.083333,0.083333,0,0.083333,0,0.083333,0,0,0.083333,0,0
0,0,0,0.054054,0,0.027027,0,0.054054,0,0,0,0,0,0,0,0,0.054054,0.054054,0,0,0,0,0,0,0.027027,0,0,0.081081,0,0.081081,0,0,0.054054,0.027027,0,0,0,0,0.054054,0.027027,0,0.054054,0,0,0,0.027027,0,0,0,0,0,0,0.027027,0,0.081081,0,0,0.10811,0,0.027027,0.027027,0,0.027027,0.027027
0,0,0.090909,0,0,0,0,0,0,0,0,0,0,0,0,0,0.090909,0,0,0,0,0,0,0,0.090909,0,0,0,0.090909,0,0,0,0,0,0,0.090909,0.18182,0,0,0,0,0,0,0,0,0,0.18182,0,0.090909,0,0,0,0,0,0,0,0,0,0,0,0,0,0,0.090909
0.055556,0.074074,0,0.092593,0,0.037037,0,0,0.074074,0.018519,0,0,0.018519,0,0,0.018519,0.018519,0,0,0,0,0,0,0,0.055556,0.055556,0.018519,0.018519,0,0.018519,0,0.018519,0,0.018519,0.018519,0,0.018519,0,0.018519,0,0.037037,0.037037,0,0.018519,0,0.018519,0.037037,0,0,0.018519,0,0,0.018519,0,0.055556,0,0,0,0,0,0,0.037037,0.018519,0.037037
0.076923,0,0.076923,0,0.076923,0,0.076923,0,0,0.076923,0,0,0,0,0,0,0,0,0,0,0,0,0,0,0,0.076923,0,0,0.076923,0.076923,0,0.076923,0,0.076923,0,0,0,0,0,0,0,0,0,0,0,0,0,0,0.076923,0,0,0,0,0.076923,0,0,0,0,0,0,0.076923,0,0,0
0,0.047619,0.047619,0.047619,0,0,0,0,0,0,0.047619,0.047619,0,0,0,0,0,0.047619,0.047619,0,0.095238,0,0,0,0,0,0,0.047619,0,0,0,0,0,0,0,0,0,0,0,0.047619,0.095238,0.047619,0,0,0,0,0,0,0.095238,0,0,0.047619,0,0,0.047619,0,0,0,0,0.047619,0.047619,0.047619,0,0
0.090909,0,0,0,0,0,0,0,0.090909,0,0,0,0,0,0.090909,0,0.090909,0,0,0,0,0,0,0,0,0,0.090909,0.090909,0,0,0.090909,0,0,0,0,0.090909,0.090909,0,0.090909,0,0,0,0,0,0.090909,0,0,0,0,0,0,0,0,0,0,0,0,0,0,0,0,0,0,0
0.034483,0.068966,0.10345,0,0,0.034483,0,0,0,0,0.034483,0,0,0,0,0.034483,0.034483,0,0,0,0.068966,0,0.034483,0.034483,0.034483,0,0,0,0,0,0,0.034483,0.10345,0,0.034483,0,0,0.034483,0.068966,0,0,0.068966,0,0,0,0.034483,0,0,0,0,0,0,0.034483,0,0,0,0,0,0,0.034483,0,0,0,0.034483
0.083333,0.055556,0,0.11111,0.027778,0,0,0,0,0,0,0,0,0.027778,0,0,0.055556,0,0,0,0,0,0,0,0.027778,0.027778,0,0.027778,0,0,0.055556,0,0,0,0.027778,0,0.055556,0,0.027778,0,0.083333,0,0.027778,0,0,0.027778,0.027778,0.027778,0,0,0.027778,0.027778,0,0,0,0,0.027778,0,0.027778,0,0.083333,0,0,0
0.25,0,0.083333,0,0,0,0,0,0,0,0.083333,0,0,0,0,0,0,0.083333,0,0,0,0,0,0.083333,0,0,0,0,0,0.083333,0,0,0,0,0,0,0,0.083333,0,0,0.083333,0,0,0,0,0,0,0,0.083333,0,0,0.083333,0,0,0,0,0,0,0,0,0,0,0,0
0.055556,0,0,0.055556,0,0,0.055556,0.055556,0,0,0,0,0,0.055556,0,0,0.055556,0,0,0,0,0,0,0,0.055556,0,0,0.055556,0,0,0.055556,0.055556,0,0,0.11111,0,0.055556,0.055556,0.055556,0,0,0,0,0,0,0,0.055556,0.055556,0,0,0,0,0,0,0,0,0,0,0,0,0,0.055556,0,0
0.02381,0,0.047619,0,0,0,0,0,0.071429,0.02381,0.047619,0,0.02381,0,0.02381,0.02381,0,0,0.02381,0,0,0.02381,0,0.095238,0.047619,0,0.02381,0,0,0,0.02381,0,0,0,0.02381,0,0,0.047619,0,0,0.16667,0.02381,0,0,0,0,0,0,0,0,0,0.02381,0.02381,0.02381,0.02381,0,0,0.02381,0,0,0.047619,0.02381,0,0.02381
0,0,0.043478,0.043478,0,0,0,0,0.086957,0,0,0,0,0.043478,0,0,0,0,0.043478,0,0.043478,0.086957,0.086957,0,0,0,0,0,0,0,0.043478,0,0.086957,0.043478,0,0,0.043478,0,0,0.043478,0.17391,0,0,0,0,0,0,0,0.043478,0,0,0,0,0,0,0,0,0,0,0,0,0.043478,0,0
0.076923,0,0.038462,0,0.076923,0,0,0.038462,0,0,0,0,0.038462,0,0,0,0.038462,0,0.038462,0.038462,0,0,0,0.076923,0,0,0,0,0,0.038462,0,0.076923,0,0,0,0.038462,0.076923,0.038462,0,0,0,0,0,0,0.038462,0.038462,0,0,0,0,0,0,0,0.038462,0,0,0.038462,0,0.038462,0,0.038462,0,0,0.038462
0.058824,0.058824,0,0,0,0,0.058824,0,0,0,0,0,0,0,0.058824,0,0,0,0,0.058824,0,0.058824,0,0,0,0.058824,0,0,0,0,0,0,0,0,0,0,0,0,0,0,0,0,0,0,0,0,0,0,0,0,0.058824,0,0,0,0.058824,0.058824,0.11765,0.058824,0,0,0,0.058824,0.11765,0.058824
0.058824,0.058824,0,0.058824,0,0,0,0,0,0,0,0,0.058824,0,0,0.058824,0.058824,0,0,0,0,0,0,0,0,0,0.058824,0,0,0,0,0,0.058824,0,0.058824,0,0,0,0,0,0,0,0,0,0,0,0,0,0,0,0,0,0,0.058824,0,0,0,0.11765,0,0.058824,0.11765,0.058824,0,0.058824
0.1,0,0,0,0,0,0,0.1,0.1,0,0,0,0,0,0,0,0,0,0,0.1,0,0,0,0,0,0.2,0,0,0,0,0,0.1,0,0,0,0,0,0,0,0,0,0,0,0,0.1,0,0,0,0,0,0,0,0.1,0,0,0,0,0.1,0,0,0,0,0,0
0.037037,0,0.037037,0.11111,0.11111,0,0.037037,0,0,0,0,0.037037,0.037037,0,0,0,0,0,0.11111,0,0,0,0,0,0,0.037037,0,0,0,0,0.037037,0,0,0,0,0,0.037037,0,0.037037,0,0,0.037037,0,0.037037,0,0,0,0,0.037037,0,0,0.037037,0,0,0.037037,0.037037,0.037037,0,0,0,0.037037,0,0.037037,0
0.090909,0.045455,0,0,0,0,0,0,0.045455,0,0,0.045455,0,0.045455,0.045455,0,0.045455,0,0,0,0,0.045455,0,0,0.045455,0,0,0,0,0,0.045455,0,0,0,0,0,0.045455,0.045455,0.045455,0,0,0.045455,0,0,0,0.045455,0,0.045455,0.045455,0,0,0,0,0,0,0,0,0,0,0,0,0,0.045455,0.13636
0.1,0,0,0,0,0,0,0,0,0,0,0,0,0,0,0,0,0.1,0,0,0,0,0.1,0,0,0.1,0.05,0.05,0,0.1,0,0,0,0,0,0,0,0,0,0.05,0,0,0,0,0.05,0,0,0,0.05,0.05,0,0,0,0,0,0.15,0.05,0,0,0,0,0,0,0
0.18182,0,0.090909,0,0.18182,0,0,0,0,0,0,0,0,0,0,0,0,0,0,0,0,0,0,0,0,0,0,0,0,0,0,0,0,0,0.090909,0,0,0,0,0,0.090909,0,0,0,0,0,0,0,0,0.090909,0,0,0,0,0,0,0,0,0,0,0.090909,0.090909,0,0.090909
0.076923,0,0,0.076923,0,0,0,0,0,0,0,0,0.076923,0,0.076923,0,0.076923,0,0,0,0,0,0,0,0,0,0,0,0,0,0,0,0,0,0,0,0,0,0,0,0,0.076923,0,0,0,0,0,0,0.076923,0,0.15385,0,0,0,0,0,0,0,0.076923,0,0.076923,0,0.076923,0.076923
0,0,0,0,0,0,0,0,0,0.052632,0,0,0,0,0,0,0,0,0,0,0,0,0,0.052632,0,0,0.052632,0.052632,0.052632,0,0,0,0,0,0.10526,0.052632,0,0.052632,0,0,0,0,0,0,0,0.052632,0,0,0,0.052632,0,0.052632,0.052632,0.052632,0,0.052632,0,0,0,0,0,0.052632,0.052632,0.10526
0.02381,0,0,0,0,0.071429,0,0.02381,0,0.02381,0,0,0,0,0.02381,0.02381,0.02381,0,0.02381,0.02381,0,0,0.02381,0,0.02381,0,0,0.02381,0.02381,0.047619,0.047619,0.047619,0,0,0.02381,0,0.047619,0.02381,0.047619,0.095238,0,0,0,0,0,0.02381,0,0.02381,0.02381,0,0,0.047619,0,0,0,0,0,0.071429,0.02381,0.02381,0,0,0.02381,0
0.04,0,0,0.08,0,0,0,0,0,0,0.04,0.04,0.04,0,0.04,0,0.04,0.08,0,0.04,0.16,0,0,0,0.04,0.04,0,0,0,0,0,0,0.04,0.04,0.04,0,0,0.04,0,0,0.04,0,0,0,0,0,0,0,0.04,0,0,0,0.04,0,0,0,0,0,0,0,0,0,0.04,0
0,0,0,0,0,0,0,0,0,0,0,0,0,0,0,0,0,0,0,0,0,0.090909,0.090909,0.090909,0,0.090909,0,0,0,0.090909,0,0,0,0,0,0,0,0,0,0.090909,0,0,0,0,0,0,0,0,0,0,0,0,0,0,0.18182,0,0,0.090909,0,0,0,0,0.18182,0
0.066667,0.066667,0,0.066667,0,0,0,0,0,0.066667,0,0.066667,0,0,0,0,0.066667,0,0,0,0.066667,0,0,0,0,0,0,0,0,0,0.066667,0,0.066667,0,0,0,0,0,0.066667,0.066667,0.066667,0,0,0,0,0,0,0,0,0,0,0,0.066667,0,0,0,0,0.066667,0.066667,0,0,0,0,0
0,0,0,0,0,0,0,0,0,0,0,0,0.071429,0,0,0,0.071429,0,0,0.071429,0,0,0,0,0,0,0,0.071429,0,0,0,0,0,0,0,0,0.071429,0.071429,0,0,0,0.071429,0,0,0,0,0,0.14286,0,0,0,0,0.071429,0,0,0,0,0.071429,0,0.071429,0,0,0,0.14286
0,0,0,0,0.11111,0,0.11111,0.11111,0,0,0,0,0,0,0,0,0,0,0,0,0,0,0,0,0,0,0,0,0,0,0,0.11111,0,0,0,0,0,0,0,0,0,0,0,0,0,0,0.11111,0.11111,0,0,0.11111,0,0,0,0.11111,0,0,0,0,0,0,0,0,0.11111
0,0,0,0.2381,0,0.047619,0,0,0,0.095238,0,0,0.047619,0.047619,0,0,0.047619,0,0,0,0,0,0,0,0,0.047619,0.047619,0,0,0,0,0,0,0,0,0,0.047619,0,0,0,0.047619,0,0,0,0,0,0,0,0.047619,0.047619,0,0,0,0,0,0.047619,0.047619,0,0,0,0.047619,0,0.047619,0
0,0,0,0,0,0,0,0.1,0,0.1,0,0,0.2,0,0.1,0,0.2,0,0,0,0,0,0,0,0,0,0,0,0,0,0,0,0,0,0,0,0,0,0,0,0,0,0.1,0,0,0,0,0,0,0,0,0,0,0,0,0,0,0,0,0,0.2,0,0,0
0.0625,0.0625,0.0625,0,0,0,0,0.0625,0,0,0,0,0.0625,0,0.0625,0,0,0.0625,0,0,0,0,0,0,0,0,0,0,0,0,0.0625,0.0625,0,0,0,0,0.0625,0,0,0,0,0.0625,0,0,0,0,0.0625,0,0,0.0625,0,0.0625,0,0,0,0,0,0.0625,0,0,0,0,0,0.0625
0.04,0,0.08,0.04,0.08,0,0,0,0,0,0,0.04,0,0,0,0.04,0,0,0,0,0.04,0,0,0,0,0,0,0,0.04,0,0.04,0.04,0,0,0,0,0.04,0,0,0,0.04,0,0,0,0,0,0.08,0,0.04,0.04,0,0,0,0,0,0.04,0.04,0.04,0,0,0.08,0.04,0,0.04
0.1,0.05,0,0,0,0,0,0,0,0,0.05,0.05,0,0,0,0,0.05,0.05,0,0,0,0,0,0,0,0,0,0,0.05,0,0.05,0.05,0,0,0,0,0,0.05,0,0,0.05,0.05,0,0.05,0,0,0,0.05,0.05,0,0,0,0.05,0,0.05,0.05,0,0,0,0,0,0,0,0.05
0.18182,0,0,0,0.090909,0,0,0,0.090909,0,0,0,0,0,0.18182,0,0,0,0.090909,0,0,0,0,0,0,0,0,0,0.090909,0,0.090909,0,0,0,0,0,0,0,0,0,0,0,0,0,0,0,0,0,0,0,0,0,0.090909,0,0,0,0,0,0,0.090909,0,0,0,0
0.125,0,0.0625,0,0.0625,0,0.0625,0,0,0,0,0,0,0,0,0.0625,0,0,0,0,0,0,0,0,0,0,0,0,0,0,0,0,0.0625,0,0,0,0,0,0,0,0.0625,0,0,0,0,0.0625,0,0,0,0,0,0.0625,0.0625,0,0,0,0,0,0.0625,0,0.0625,0.0625,0.0625,0.0625
0,0.03125,0.03125,0.03125,0,0.0625,0,0,0,0,0,0.03125,0.0625,0,0,0.03125,0,0,0.09375,0.03125,0,0,0,0,0,0.0625,0.03125,0,0,0.03125,0,0,0.0625,0,0,0,0.03125,0,0,0,0,0,0.03125,0.03125,0,0,0.0625,0,0,0.03125,0.0625,0,0,0,0,0.03125,0.03125,0,0,0.03125,0,0,0.03125,0.03125
0.066667,0.066667,0.1,0.033333,0.066667,0.033333,0,0,0.066667,0.033333,0.033333,0,0,0,0,0,0.033333,0.066667,0,0,0.066667,0,0,0,0,0,0,0,0,0,0,0,0.033333,0.066667,0.033333,0.033333,0,0,0,0,0.033333,0.066667,0,0,0,0,0.033333,0,0,0,0,0,0,0,0,0,0.033333,0,0,0,0,0,0,0
0,0,0.04,0.12,0.04,0,0,0,0,0,0,0,0.04,0,0.04,0.04,0,0,0,0,0.04,0,0,0,0.12,0,0,0,0,0,0.04,0,0.04,0,0,0,0.04,0.04,0,0.04,0.04,0,0,0,0,0,0,0,0.12,0.04,0,0,0,0,0.08,0,0,0,0.04,0,0,0,0,0
0,0,0,0.044444,0.066667,0,0,0.022222,0.044444,0,0,0.022222,0.044444,0.044444,0,0,0.044444,0.022222,0.022222,0,0.066667,0,0.022222,0,0.022222,0.066667,0,0,0,0,0.088889,0.022222,0.088889,0,0,0.022222,0,0,0.022222,0,0.022222,0,0,0,0,0,0,0,0.022222,0.022222,0,0,0.022222,0,0,0,0.022222,0.044444,0,0,0,0.044444,0,0
0,0,0,0.037037,0,0,0,0.074074,0,0,0,0,0,0,0.037037,0.074074,0.037037,0,0,0,0,0,0.037037,0.037037,0,0,0,0,0,0,0,0.037037,0,0,0,0,0,0.037037,0,0.037037,0,0,0,0,0,0,0.074074,0.074074,0.037037,0,0,0,0.037037,0,0,0,0,0,0,0.037037,0.074074,0.037037,0.037037,0.14815
0.11538,0,0.076923,0.038462,0,0,0.038462,0,0.038462,0,0,0.038462,0.076923,0,0.038462,0.038462,0.076923,0,0,0,0.038462,0,0,0,0.038462,0,0,0,0.038462,0,0,0,0.038462,0,0,0,0.076923,0,0,0,0,0,0,0,0,0,0,0,0.076923,0,0,0,0,0.038462,0.038462,0,0,0,0,0,0.038462,0,0,0
0.075,0.025,0.05,0.025,0,0.05,0,0.05,0,0,0,0,0.025,0.025,0.025,0,0.025,0,0.075,0,0.025,0,0,0,0.025,0.05,0,0.025,0.025,0,0,0,0.1,0,0,0,0.025,0,0.05,0,0.05,0,0,0,0,0,0,0,0.075,0,0.025,0,0.025,0,0,0,0,0.025,0.025,0,0,0,0,0
0.090909,0.090909,0,0,0.090909,0,0,0,0,0,0,0.090909,0.090909,0,0.090909,0,0,0,0,0,0,0,0,0,0,0,0,0,0,0,0,0,0.090909,0,0,0,0,0,0,0,0,0,0,0.090909,0,0,0,0,0,0,0,0.090909,0,0,0,0,0,0,0,0,0,0.18182,0,0
0.083333,0,0,0,0.16667,0,0,0,0,0,0,0.083333,0,0,0,0,0.083333,0,0.083333,0,0,0,0,0,0,0,0,0,0,0,0,0,0,0,0,0,0,0,0,0,0,0,0,0,0,0,0.16667,0.16667,0,0,0,0,0.16667,0,0,0,0,0,0,0,0,0,0,0
0,0,0.1,0,0.1,0,0,0,0,0,0,0,0,0.1,0,0,0,0.1,0,0,0.1,0,0,0,0,0.1,0.1,0.1,0.1,0,0,0,0,0,0,0,0,0,0,0,0,0,0,0,0,0,0,0,0,0,0,0,0,0.1,0,0,0,0,0,0,0,0,0,0
0.044444,0.022222,0,0.022222,0.022222,0.022222,0,0,0.088889,0,0,0.066667,0.044444,0,0,0,0.022222,0,0,0.044444,0,0.022222,0,0,0,0,0,0,0.022222,0,0,0,0,0,0.044444,0.044444,0.044444,0,0,0,0,0,0,0.022222,0.044444,0,0.044444,0.022222,0.088889,0,0,0.022222,0,0,0,0,0.066667,0,0,0,0.044444,0.044444,0.022222,0
0.058824,0.029412,0,0,0,0.029412,0,0,0.029412,0.029412,0,0,0.088235,0,0.029412,0,0.088235,0,0,0,0.058824,0,0,0,0.029412,0,0,0.029412,0,0,0,0,0.029412,0,0,0,0,0,0,0,0.029412,0,0.058824,0,0.029412,0,0,0,0.058824,0,0.029412,0.088235,0.058824,0,0.058824,0,0,0,0,0,0,0.029412,0.029412,0
0.083333,0.083333,0,0,0.083333,0,0.083333,0,0,0,0,0,0,0.083333,0.16667,0,0,0.083333,0,0,0,0,0,0,0,0,0,0,0,0,0.083333,0,0,0,0,0,0,0,0,0.083333,0,0,0,0,0.083333,0,0,0,0,0,0,0,0,0.083333,0,0,0,0,0,0,0,0,0,0
0,0,0,0,0.1,0,0,0,0,0,0,0,0.1,0,0,0,0,0,0,0,0.1,0,0,0,0,0,0.1,0.1,0,0,0,0,0,0,0.1,0,0,0,0,0.1,0,0,0,0,0,0.1,0,0,0,0,0,0,0,0,0.1,0,0,0,0,0,0.1,0,0,0
0.097561,0,0,0,0,0.02439,0.02439,0,0,0.02439,0,0,0.02439,0.02439,0,0,0,0.04878,0,0.02439,0,0,0.02439,0.02439,0.097561,0.04878,0,0,0,0,0.02439,0.02439,0.02439,0,0,0.02439,0.02439,0,0,0,0,0.04878,0.02439,0,0.073171,0.02439,0.02439,0,0.04878,0,0.02439,0.04878,0,0,0,0.02439,0,0,0,0,0,0.02439,0,0.02439
0.027778,0.013889,0.013889,0.041667,0.055556,0,0,0,0,0,0.013889,0,0.13889,0,0.027778,0,0.027778,0.013889,0,0.013889,0.027778,0.013889,0,0,0.027778,0.027778,0,0,0,0.013889,0.027778,0,0.027778,0.013889,0.041667,0.013889,0.055556,0.027778,0.027778,0,0,0.013889,0,0,0,0,0.013889,0,0.027778,0.013889,0.013889,0.069444,0,0,0.013889,0,0.013889,0.013889,0,0.013889,0.013889,0,0.013889,0.027778
0,0.047619,0.047619,0.047619,0,0,0,0,0,0,0.047619,0,0.047619,0,0.047619,0,0.095238,0,0.047619,0.047619,0.047619,0,0.095238,0,0,0,0,0,0,0.047619,0,0,0,0,0,0,0,0,0,0.047619,0,0,0,0,0,0,0,0,0.047619,0,0.047619,0,0,0,0,0,0.047619,0,0,0.047619,0,0.047619,0.047619,0
0.060606,0,0,0,0,0,0,0.030303,0.060606,0.090909,0,0,0,0.060606,0.030303,0,0,0,0,0,0,0,0.030303,0,0,0.060606,0.030303,0,0,0,0,0.060606,0.030303,0.030303,0,0,0,0.030303,0.030303,0,0.030303,0.030303,0,0,0,0,0,0.030303,0,0,0,0,0.060606,0,0.060606,0,0.030303,0.060606,0,0,0.060606,0,0,0
0.083333,0.020833,0.020833,0.020833,0.10417,0.020833,0.041667,0.041667,0,0.020833,0,0.041667,0.10417,0,0,0,0.10417,0,0,0.020833,0.041667,0.020833,0,0,0.0625,0,0,0,0.041667,0,0,0,0.020833,0,0,0,0.041667,0.020833,0,0,0,0,0,0,0,0.020833,0,0,0.020833,0,0.020833,0,0,0,0.020833,0,0,0,0,0,0,0,0,0.020833
0.071429,0.071429,0,0,0,0,0.071429,0,0,0,0,0,0.071429,0,0.071429,0,0,0,0,0,0,0,0,0,0.071429,0,0,0,0,0,0,0.14286,0.14286,0,0,0,0,0,0,0,0.071429,0,0,0,0,0,0,0,0,0,0,0,0.071429,0,0,0.071429,0,0,0,0,0.071429,0,0,0
0.055556,0.22222,0,0.055556,0,0.055556,0,0,0,0,0,0,0.11111,0.055556,0,0,0,0.055556,0,0,0.055556,0,0,0,0,0,0,0,0,0,0,0,0.055556,0,0,0,0.055556,0,0,0,0,0,0,0,0,0,0,0,0.055556,0,0.055556,0,0,0,0,0,0,0,0,0,0,0.055556,0,0.055556
0.058824,0,0.058824,0.058824,0.11765,0,0,0,0.058824,0,0,0,0,0,0.058824,0,0.11765,0,0,0,0,0,0,0,0.058824,0.058824,0,0,0,0,0,0,0,0.058824,0,0,0,0,0,0.058824,0,0,0,0,0,0,0,0.058824,0,0,0,0,0,0,0,0,0.058824,0,0,0.058824,0.058824,0,0,0
0,0,0.15385,0,0,0,0,0,0,0,0,0,0.076923,0,0,0.076923,0,0,0.076923,0,0,0,0.076923,0,0,0,0,0,0,0,0.15385,0,0,0,0,0.076923,0.076923,0,0,0,0,0,0,0,0,0,0.076923,0,0,0,0,0,0,0,0,0,0.076923,0,0.076923,0,0,0,0,0
0,0.034483,0,0,0.034483,0,0.034483,0.034483,0.034483,0,0,0,0,0,0,0.034483,0.034483,0.034483,0,0.034483,0.10345,0,0,0,0.034483,0.034483,0,0.034483,0,0.034483,0.034483,0,0,0,0,0,0,0,0,0.034483,0.034483,0,0.034483,0,0,0,0,0,0,0,0.034483,0.034483,0,0.034483,0.034483,0,0.068966,0.034483,0,0,0,0,0,0.068966
0,0,0,0.030303,0,0,0.030303,0.030303,0,0,0,0.060606,0,0,0.060606,0.090909,0.030303,0,0,0.030303,0,0,0.030303,0.030303,0,0.030303,0.030303,0,0,0.030303,0,0.030303,0,0.030303,0,0,0,0.030303,0,0.030303,0,0.030303,0,0,0,0,0,0,0,0.030303,0.060606,0,0.030303,0.030303,0,0,0,0.030303,0.030303,0.060606,0.030303,0,0,0.030303
0.052632,0.10526,0.052632,0,0,0,0.10526,0,0,0,0,0.052632,0,0,0,0.052632,0,0,0,0,0,0,0,0,0.10526,0,0,0,0,0,0,0,0,0,0,0,0.15789,0.052632,0.052632,0,0,0,0,0,0.15789,0,0,0,0,0,0,0,0,0,0,0,0,0,0,0,0,0,0.052632,0
0.058824,0,0.058824,0,0.058824,0,0,0.058824,0.058824,0,0,0,0.058824,0.058824,0,0.058824,0.11765,0.058824,0,0.058824,0,0,0,0,0,0,0,0.058824,0,0.058824,0,0.058824,0,0,0,0,0,0,0,0,0,0,0,0,0,0,0,0,0,0,0,0,0,0,0,0,0.058824,0,0,0,0.058824,0,0,0
0.066667,0,0,0.13333,0,0,0.066667,0,0,0,0,0,0,0,0,0,0.13333,0,0,0,0,0,0,0,0,0,0.13333,0,0,0,0,0,0,0,0,0.066667,0,0,0,0.13333,0,0,0,0,0,0,0,0,0.13333,0,0,0,0,0,0.066667,0,0,0,0,0,0,0.066667,0,0
0,0.013699,0,0.027397,0.027397,0.013699,0.041096,0,0.013699,0,0.013699,0.013699,0.027397,0.027397,0.013699,0,0.013699,0.041096,0.013699,0.013699,0.041096,0,0,0.013699,0,0.027397,0,0,0,0.013699,0.013699,0.027397,0.027397,0.013699,0,0,0.027397,0,0,0.013699,0,0.013699,0,0,0.054795,0.013699,0.013699,0,0.013699,0.027397,0,0.013699,0.013699,0.013699,0.013699,0.068493,0,0.013699,0,0.041096,0.027397,0.041096,0,0.082192
0.015873,0.12698,0.047619,0.015873,0.031746,0,0,0,0.015873,0.015873,0,0,0.015873,0.031746,0,0.015873,0.063492,0.015873,0.047619,0,0,0.015873,0.015873,0,0,0,0,0.015873,0,0,0,0,0.063492,0,0.015873,0.031746,0.015873,0.031746,0,0,0.031746,0,0.015873,0,0.031746,0.015873,0.015873,0.031746,0.031746,0,0.015873,0,0.015873,0.015873,0,0,0,0,0,0.015873,0,0.031746,0,0.063492
0,0,0,0.0625,0,0,0,0,0,0,0,0.125,0.125,0,0.0625,0,0.125,0,0,0.0625,0,0,0,0,0,0,0,0,0,0,0,0,0.125,0,0,0,0,0,0,0,0,0,0,0,0.0625,0,0.0625,0,0,0,0.0625,0.0625,0,0,0,0,0,0,0,0,0,0.0625,0,0
0.05,0,0.05,0,0,0,0,0,0,0,0,0.05,0.1,0.05,0,0,0,0.1,0.05,0,0,0,0.05,0.05,0.05,0,0,0,0,0,0,0.05,0,0,0,0,0,0,0,0,0,0,0,0.05,0,0,0,0.05,0,0,0,0.05,0,0.05,0,0.05,0.05,0,0,0,0.05,0,0,0
0.090909,0,0.045455,0,0,0.045455,0,0,0,0,0,0.045455,0,0.090909,0,0,0.13636,0,0.045455,0,0.045455,0.045455,0,0,0,0,0,0,0,0.045455,0,0,0,0,0,0.045455,0,0,0,0,0.090909,0,0,0,0,0,0,0,0,0,0,0.045455,0,0,0.045455,0,0,0.090909,0,0,0,0.045455,0,0
0,0,0,0.071429,0,0,0,0,0,0,0,0,0,0.035714,0,0,0,0,0,0,0,0,0.035714,0.071429,0.035714,0,0,0,0,0,0.071429,0.035714,0.035714,0,0,0,0,0.035714,0.071429,0,0,0,0,0.071429,0,0.071429,0,0.035714,0,0,0,0,0,0.10714,0.035714,0.035714,0,0,0,0.035714,0,0,0.071429,0.035714
0.013333,0.013333,0.026667,0.013333,0.04,0,0.04,0,0,0.013333,0.013333,0.013333,0,0.013333,0,0.04,0.14667,0.013333,0.08,0.013333,0.013333,0.013333,0,0,0.026667,0.04,0,0,0,0,0.013333,0.013333,0.04,0,0,0.013333,0,0,0,0.013333,0.013333,0,0.013333,0,0,0,0.066667,0,0.026667,0.013333,0.013333,0.013333,0.013333,0.013333,0,0.013333,0,0.053333,0,0,0,0.04,0,0.026667
0.022727,0.068182,0.022727,0.022727,0.090909,0.022727,0,0,0.045455,0.045455,0,0.022727,0,0.022727,0,0,0.022727,0.045455,0,0,0.045455,0.045455,0,0,0.022727,0.068182,0,0,0,0,0.022727,0,0,0,0,0,0,0.022727,0,0,0.045455,0.045455,0.022727,0,0,0,0,0.045455,0.022727,0,0,0,0,0.022727,0,0.022727,0.068182,0,0,0,0.022727,0,0,0
0.1,0,0.1,0,0.1,0,0,0,0.1,0,0,0,0,0,0,0,0,0,0.1,0.1,0,0,0,0,0,0.1,0,0,0,0,0,0,0.1,0,0,0,0,0,0.1,0,0,0,0,0,0,0,0,0,0,0,0,0,0,0,0,0,0,0.1,0,0,0,0,0,0
0,0,0,0,0,0,0,0,0,0,0,0.043478,0,0.043478,0.043478,0,0.043478,0.086957,0,0,0.043478,0,0,0,0,0,0,0,0,0,0.043478,0,0,0,0,0,0.043478,0,0,0,0,0.086957,0.043478,0,0.043478,0.043478,0.043478,0.043478,0,0,0,0,0,0.043478,0.043478,0,0,0,0,0,0.043478,0,0.086957,0.086957
0,0,0,0.017544,0,0.017544,0,0.035088,0,0,0,0,0,0.070175,0.017544,0,0.017544,0,0.017544,0,0.035088,0.017544,0,0.035088,0.017544,0.017544,0.017544,0,0.035088,0.017544,0.017544,0.017544,0.017544,0,0.017544,0.017544,0,0.035088,0.052632,0,0.052632,0,0.017544,0,0,0.017544,0.017544,0,0.017544,0,0.035088,0.035088,0,0,0.017544,0.017544,0,0.035088,0.087719,0.017544,0,0,0.035088,0.035088
0,0.15,0,0,0,0,0,0.05,0,0,0,0,0,0,0,0,0,0,0,0.05,0.05,0,0.05,0,0,0.05,0.15,0,0,0,0,0,0.05,0,0,0,0,0,0,0,0,0,0,0,0.05,0,0,0,0,0,0,0.1,0,0,0,0,0,0,0,0,0,0,0.15,0.1
0,0.17857,0.14286,0.035714,0,0,0,0,0,0,0.035714,0,0,0.071429,0,0,0,0.035714,0.035714,0,0,0.035714,0.035714,0.035714,0,0,0,0,0,0,0,0,0,0,0.10714,0,0,0,0.035714,0,0,0.035714,0,0,0,0,0.035714,0,0,0,0,0,0,0.071429,0,0,0,0,0.035714,0,0.035714,0,0,0
0,0,0.055556,0,0.027778,0.027778,0.027778,0,0.027778,0.055556,0.027778,0,0.027778,0.027778,0,0,0.027778,0,0.027778,0,0.027778,0.027778,0.027778,0,0,0,0.027778,0,0,0.055556,0.027778,0,0.083333,0,0,0,0.055556,0,0,0,0.027778,0,0,0,0,0.027778,0.027778,0,0,0,0.027778,0,0.083333,0,0,0,0,0.027778,0.027778,0,0,0.055556,0,0
0.028571,0.028571,0,0,0.085714,0.028571,0.028571,0,0,0,0,0,0.028571,0.028571,0,0.028571,0,0.057143,0.028571,0,0.057143,0,0,0.057143,0,0,0.028571,0,0,0,0.028571,0,0,0,0,0,0.085714,0,0.028571,0,0.057143,0.028571,0,0,0,0,0.028571,0,0.028571,0.057143,0,0,0.028571,0,0,0.028571,0,0,0,0.085714,0,0,0,0
0.05,0,0,0,0,0,0,0,0,0.05,0.05,0.05,0,0,0.05,0.05,0.05,0.05,0.05,0,0.1,0,0,0,0,0,0,0.05,0,0,0.05,0,0,0,0,0,0.05,0,0.05,0,0.05,0,0,0,0,0,0,0,0,0,0,0,0,0,0,0,0,0.1,0,0,0,0,0.05,0.05
0.055556,0,0,0.055556,0,0,0,0,0,0,0,0,0,0.055556,0,0.055556,0.055556,0.055556,0,0,0.055556,0,0,0,0,0.055556,0,0,0,0.055556,0,0,0,0,0,0,0,0.055556,0,0.055556,0,0.055556,0,0,0.055556,0,0,0,0,0,0,0,0,0.055556,0.055556,0,0,0,0,0.055556,0,0.055556,0,0.055556
0.16667,0.020833,0.041667,0.020833,0.041667,0.020833,0,0,0.041667,0.020833,0,0,0.020833,0,0,0.020833,0.020833,0,0.0625,0,0,0.020833,0,0,0.041667,0.020833,0.041667,0,0,0,0,0,0.0625,0,0,0,0.041667,0.0625,0,0,0,0,0,0,0,0,0.041667,0.020833,0,0.020833,0,0,0.020833,0,0,0,0,0.041667,0.020833,0,0,0.041667,0,0
0,0.013158,0.026316,0.013158,0.026316,0,0.013158,0.013158,0,0,0,0,0.052632,0,0.013158,0.052632,0.013158,0.013158,0,0.039474,0.026316,0.013158,0.013158,0,0.039474,0.013158,0.013158,0,0.013158,0.026316,0.052632,0.013158,0.026316,0,0,0.013158,0.026316,0,0.013158,0.026316,0.013158,0.026316,0.013158,0,0.013158,0,0,0.013158,0,0.026316,0,0.078947,0.013158,0,0.013158,0,0.013158,0.039474,0.026316,0.013158,0.013158,0,0.052632,0.013158
0.1,0,0,0,0.066667,0.033333,0,0.066667,0,0,0,0.033333,0,0.066667,0,0.033333,0.066667,0,0,0.033333,0,0,0,0,0,0,0,0,0.033333,0.033333,0,0,0,0.033333,0,0,0,0.066667,0,0,0,0.033333,0,0,0.033333,0,0,0.033333,0,0,0,0.033333,0,0.033333,0.033333,0,0,0.033333,0,0.033333,0,0,0.033333,0.033333
0,0,0.074074,0.037037,0,0,0.074074,0,0,0.037037,0.037037,0,0.037037,0,0,0.037037,0,0.074074,0.14815,0,0.11111,0,0,0,0.037037,0,0,0,0,0,0.037037,0.037037,0,0,0,0,0.037037,0.037037,0.037037,0,0,0,0,0,0,0,0,0,0,0,0,0,0,0,0.037037,0,0,0,0.074074,0,0,0,0,0
0.055556,0,0,0,0.055556,0.055556,0.055556,0,0,0,0,0,0.055556,0,0,0.055556,0.055556,0,0,0,0,0,0,0,0,0.055556,0,0,0,0,0,0.11111,0,0,0,0,0,0,0.055556,0,0,0,0,0.055556,0,0,0,0,0,0,0,0.055556,0,0,0,0,0,0,0,0,0.055556,0,0.11111,0.11111
0,0,0.052632,0.052632,0,0,0,0,0.052632,0.052632,0,0,0,0.10526,0.052632,0,0,0.052632,0.10526,0,0,0,0,0,0.052632,0,0,0,0,0,0,0,0.10526,0,0,0,0,0,0.052632,0,0.10526,0,0,0,0,0,0,0,0,0.052632,0,0,0,0.052632,0,0,0,0,0,0.052632,0,0,0,0
0,0.054054,0.054054,0,0,0,0,0.027027,0,0,0,0.027027,0,0.027027,0.054054,0,0.027027,0,0,0.027027,0.027027,0,0.027027,0,0,0.054054,0,0.027027,0,0.027027,0.081081,0.027027,0,0.027027,0,0.027027,0,0.027027,0.027027,0,0,0,0,0.027027,0.027027,0,0,0.054054,0,0,0,0,0.027027,0,0.027027,0,0.054054,0,0,0.027027,0.027027,0.027027,0.027027,0
0,0,0,0.035714,0,0,0,0,0.035714,0,0,0.035714,0,0,0,0.10714,0.035714,0,0,0,0,0.035714,0,0,0.035714,0.035714,0,0,0,0,0,0,0.035714,0,0,0,0.071429,0.071429,0,0,0,0,0.035714,0,0.10714,0.035714,0,0,0,0,0.035714,0.035714,0,0,0,0,0,0.10714,0,0,0.035714,0.035714,0,0.035714
0,0,0.058824,0.029412,0.029412,0,0.029412,0,0,0.029412,0.029412,0,0.058824,0.029412,0,0,0.029412,0,0,0.029412,0.029412,0,0,0,0,0.029412,0.029412,0,0,0,0,0,0,0,0,0,0.029412,0.029412,0.029412,0,0.058824,0.029412,0.029412,0,0,0,0,0.029412,0,0,0,0.029412,0,0,0.058824,0,0,0.058824,0,0.029412,0,0.088235,0.029412,0.029412
0.023256,0.023256,0,0.046512,0,0,0,0.023256,0,0,0,0,0.069767,0.023256,0.023256,0,0,0,0,0.046512,0,0,0.023256,0,0,0.023256,0.069767,0,0,0,0,0.023256,0,0,0,0.023256,0.023256,0.046512,0.023256,0,0,0.023256,0,0,0.046512,0,0.069767,0.023256,0.046512,0.023256,0,0.023256,0.023256,0,0,0.023256,0,0.023256,0.023256,0.023256,0,0.023256,0.046512,0.023256
0,0,0,0,0,0,0,0,0,0,0,0,0.055556,0,0,0,0,0,0,0,0,0,0,0,0,0,0,0.055556,0,0,0.055556,0,0,0,0,0,0.16667,0,0.055556,0.11111,0,0,0,0,0,0.055556,0.055556,0.055556,0,0,0,0,0.055556,0,0,0,0.055556,0,0,0,0,0,0,0.22222
0.090909,0,0.090909,0,0.090909,0,0,0,0.090909,0.18182,0,0,0,0,0,0,0.090909,0,0,0,0,0,0,0,0,0,0.090909,0,0,0,0,0,0.090909,0,0,0,0.090909,0,0,0,0,0,0,0,0,0,0,0,0,0,0,0,0,0,0,0,0.090909,0,0,0,0,0,0,0
0.043478,0.021739,0,0.043478,0,0.043478,0,0.043478,0,0.021739,0.021739,0,0.065217,0.021739,0.065217,0,0.021739,0.1087,0,0.021739,0,0,0,0,0,0,0,0,0.021739,0,0.021739,0,0,0,0,0,0,0,0,0.021739,0,0.021739,0.021739,0,0,0.021739,0.021739,0,0.043478,0.021739,0,0.043478,0.021739,0,0,0,0,0,0,0.021739,0,0,0.043478,0.1087
0,0,0,0,0.068182,0,0.090909,0,0,0,0,0,0.045455,0.045455,0.045455,0.068182,0.090909,0.022727,0,0.045455,0.045455,0,0,0,0.045455,0,0.022727,0,0.045455,0,0.022727,0.022727,0,0,0,0,0.022727,0,0.022727,0,0,0,0.022727,0,0,0,0.022727,0,0.022727,0,0,0,0,0,0,0,0,0,0,0.022727,0.045455,0.022727,0,0.068182
0.083333,0,0,0,0,0,0,0,0.083333,0.083333,0,0,0,0,0,0,0,0.083333,0.083333,0,0,0,0,0,0,0,0.083333,0,0,0,0,0,0,0,0.083333,0,0,0.16667,0,0,0,0,0,0,0,0,0,0,0.083333,0,0,0,0,0,0,0,0,0,0.083333,0,0,0,0,0.083333
0.066667,0.066667,0,0.066667,0,0,0,0,0,0,0,0,0.2,0,0,0.066667,0,0.066667,0,0.066667,0,0,0,0,0,0,0.066667,0,0,0,0.066667,0,0,0.066667,0,0,0,0,0,0,0,0,0,0,0,0,0,0,0.066667,0,0,0.066667,0,0,0,0,0,0,0,0,0,0,0.066667,0
0.042857,0.014286,0.014286,0.028571,0.028571,0,0.014286,0.042857,0.028571,0.028571,0.014286,0.014286,0,0.014286,0,0.042857,0.042857,0,0.057143,0.028571,0.014286,0,0.014286,0,0.014286,0,0.028571,0,0,0,0.014286,0.014286,0,0.014286,0.042857,0,0.085714,0.014286,0.014286,0,0.042857,0,0.014286,0,0,0,0,0.014286,0.014286,0.014286,0,0,0,0,0.028571,0,0.028571,0,0.042857,0,0.014286,0,0.042857,0.014286
0.125,0.041667,0,0.041667,0,0,0.125,0,0,0,0,0.125,0,0,0,0,0.083333,0,0.083333,0,0,0,0,0,0,0.041667,0,0.041667,0,0,0.041667,0,0,0,0,0,0.083333,0,0.041667,0,0,0,0,0,0,0,0,0,0,0,0,0,0,0,0.041667,0.041667,0,0,0,0.041667,0,0,0,0
0.16667,0.055556,0.11111,0,0.055556,0,0,0,0.055556,0,0,0,0,0,0,0,0,0,0,0,0,0,0,0.055556,0,0,0,0,0,0,0,0,0.055556,0.055556,0,0,0.11111,0,0.055556,0,0,0,0,0,0,0,0,0,0.11111,0,0.055556,0,0.055556,0,0,0,0,0,0,0,0,0,0,0
0.071429,0.071429,0,0.14286,0,0,0,0,0,0,0,0,0.071429,0,0,0.14286,0.071429,0,0,0,0,0,0,0,0,0,0,0,0.071429,0,0,0,0,0,0,0,0,0.071429,0,0,0,0,0,0,0.071429,0,0,0.071429,0,0,0,0,0,0,0,0,0.071429,0,0,0,0,0,0.071429,0
0.19231,0.076923,0.038462,0,0,0.038462,0,0,0,0.038462,0,0,0,0,0,0,0.038462,0.038462,0.11538,0,0,0.038462,0,0,0,0,0,0,0.038462,0,0,0.038462,0,0,0.038462,0,0.076923,0,0,0,0,0.038462,0,0,0,0,0,0,0,0,0,0,0.076923,0,0,0,0,0,0,0,0.038462,0.038462,0,0
0,0.058824,0,0,0,0,0,0,0.058824,0,0,0,0,0.058824,0,0.058824,0,0,0.058824,0,0,0,0,0,0,0,0.058824,0,0.058824,0,0,0,0,0,0,0,0,0,0.058824,0,0.058824,0.058824,0,0,0,0,0,0.11765,0.11765,0,0,0,0,0,0,0,0,0.058824,0,0,0.058824,0,0.058824,0
0.037736,0.037736,0,0.037736,0,0,0.018868,0,0.018868,0.018868,0,0.018868,0,0.018868,0.037736,0.018868,0.018868,0.056604,0.037736,0.037736,0.056604,0.056604,0.018868,0,0.056604,0,0,0,0,0,0.018868,0,0.037736,0,0,0,0.018868,0.018868,0,0.018868,0.018868,0,0,0,0.018868,0,0,0,0.018868,0.018868,0.018868,0.018868,0.018868,0.018868,0,0,0.075472,0.018868,0,0.018868,0,0,0.018868,0
0.083333,0,0.041667,0.041667,0,0.041667,0,0,0,0,0.041667,0.041667,0.125,0,0,0,0,0,0.041667,0.041667,0,0,0,0,0,0.041667,0,0,0,0,0,0,0.041667,0,0.041667,0,0,0,0,0,0.041667,0,0,0,0,0,0,0.041667,0.041667,0,0,0.041667,0,0,0,0.041667,0.041667,0,0,0,0.083333,0,0,0.041667
0.018868,0.018868,0,0,0,0.018868,0,0.018868,0.018868,0.018868,0,0,0,0.018868,0,0.056604,0.037736,0,0,0.018868,0,0.018868,0,0,0.037736,0.037736,0.018868,0.018868,0,0,0.018868,0,0.018868,0,0,0.018868,0.018868,0,0,0.056604,0.018868,0.018868,0,0.056604,0.018868,0,0,0.018868,0,0.018868,0,0,0,0.037736,0.037736,0.018868,0.018868,0.037736,0.056604,0.075472,0.018868,0,0,0.037736
0.072727,0.018182,0.018182,0.018182,0.036364,0.018182,0.018182,0.036364,0.036364,0,0.018182,0.018182,0.018182,0.018182,0,0.018182,0.072727,0.054545,0,0,0.018182,0,0,0,0,0.018182,0.036364,0,0,0,0,0,0.018182,0,0,0.018182,0,0,0.018182,0,0,0,0,0.036364,0.036364,0.018182,0.054545,0,0.018182,0,0.018182,0.018182,0.018182,0,0,0,0,0,0.036364,0.018182,0,0.036364,0.072727,0
0,0.064516,0,0,0.032258,0,0,0,0,0,0,0,0.096774,0.096774,0,0,0,0.064516,0,0.064516,0.064516,0,0,0,0.032258,0.032258,0,0,0,0,0.032258,0,0,0.032258,0,0,0,0,0,0.064516,0,0,0,0,0.032258,0.032258,0,0.032258,0.064516,0.032258,0,0.032258,0,0,0,0,0,0,0,0,0.032258,0,0.064516,0
0.11111,0,0,0.055556,0.055556,0,0,0,0.055556,0,0,0,0,0,0,0.055556,0.16667,0.055556,0,0.055556,0.055556,0,0,0,0,0,0,0,0,0.055556,0,0,0,0,0,0,0,0,0.055556,0,0.055556,0,0,0,0,0,0,0,0,0.055556,0,0,0,0,0.055556,0,0,0,0,0,0.055556,0,0,0
0,0,0,0,0.3,0,0,0,0,0,0,0,0,0,0.05,0.05,0,0.1,0.05,0.1,0,0,0,0,0,0,0,0,0,0,0,0,0.05,0,0,0,0,0,0,0,0,0,0,0,0,0,0,0,0,0,0,0,0,0.05,0,0,0,0.2,0,0.05,0,0,0,0
0.074074,0,0,0,0.11111,0.037037,0,0,0.037037,0.037037,0.037037,0,0.074074,0.037037,0,0,0.074074,0.074074,0.037037,0.037037,0,0,0,0,0,0.037037,0.037037,0,0,0,0,0,0.037037,0,0.037037,0,0.037037,0,0,0,0.037037,0,0,0,0.037037,0.037037,0,0,0,0,0,0,0,0,0,0,0,0,0,0,0,0,0,0.037037
0,0,0,0,0,0.041667,0.041667,0,0.041667,0.125,0,0,0,0.041667,0,0,0,0,0,0,0,0,0,0,0,0.041667,0,0,0,0.041667,0,0,0,0,0,0,0.083333,0.041667,0.041667,0,0,0.041667,0,0,0.041667,0,0,0.041667,0,0.083333,0,0,0,0.041667,0.041667,0.041667,0,0.041667,0.041667,0,0,0,0,0.041667
0.093023,0,0.023256,0,0.32558,0,0.046512,0,0.023256,0.046512,0,0,0.069767,0,0,0,0,0,0,0,0.046512,0,0,0,0,0,0.023256,0,0,0,0,0,0.023256,0,0,0,0.069767,0.046512,0,0.046512,0.046512,0,0,0,0,0,0,0,0,0,0,0,0,0,0.023256,0,0,0.023256,0,0,0,0,0.023256,0
0,0,0.047619,0.14286,0,0,0,0,0.047619,0.047619,0,0,0,0,0.14286,0,0,0,0,0.047619,0.047619,0,0,0,0,0.047619,0,0.047619,0,0,0,0,0,0,0,0,0,0,0.047619,0,0,0,0,0,0,0,0.047619,0,0.047619,0,0,0,0,0.047619,0.047619,0,0.047619,0.047619,0,0,0,0,0.047619,0
0.05,0,0.05,0.05,0,0,0,0,0,0,0,0.05,0,0,0.1,0,0,0,0,0.05,0,0,0,0,0.05,0,0,0,0,0,0,0.05,0,0,0,0.05,0,0,0,0,0.05,0,0.05,0,0,0,0,0,0.15,0,0.05,0,0,0,0,0,0,0.1,0,0.05,0,0,0.05,0
0.012987,0.012987,0.012987,0,0.051948,0,0.051948,0,0.077922,0.051948,0,0,0,0,0,0.012987,0,0.012987,0.038961,0.012987,0.012987,0,0.025974,0,0,0.025974,0.038961,0,0.025974,0,0.025974,0,0.012987,0,0.012987,0,0.1039,0,0.077922,0,0.012987,0,0,0,0,0.012987,0.038961,0.012987,0.012987,0,0,0,0.025974,0,0.038961,0,0,0,0.038961,0.012987,0,0,0.025974,0.051948
0.015625,0.046875,0.015625,0.015625,0,0.03125,0.015625,0.046875,0.03125,0.015625,0,0,0,0,0,0.046875,0.03125,0,0.015625,0,0.015625,0,0.015625,0.015625,0.015625,0.015625,0,0.015625,0,0,0,0.015625,0.03125,0,0,0,0,0,0.046875,0,0,0.03125,0,0,0,0.015625,0.10938,0.015625,0.03125,0.015625,0.015625,0,0,0,0.015625,0.015625,0.015625,0.015625,0.015625,0.078125,0.015625,0.015625,0,0.0625
0.058824,0.058824,0.058824,0,0,0,0,0,0.11765,0.058824,0.058824,0,0.058824,0,0,0,0.058824,0,0,0,0,0,0,0,0,0,0,0,0,0,0,0,0,0.058824,0.23529,0,0,0,0,0,0.058824,0,0,0,0,0,0.058824,0,0,0,0,0,0,0,0.058824,0,0,0,0,0,0,0,0,0
0,0.096774,0,0,0,0,0,0,0,0.19355,0,0,0,0,0,0,0,0,0.032258,0,0.064516,0.032258,0,0,0.032258,0,0,0,0,0,0.032258,0,0,0,0.032258,0,0,0.032258,0.064516,0,0.032258,0.032258,0.032258,0,0.032258,0,0.032258,0,0,0,0,0,0,0.032258,0,0,0.032258,0.064516,0.032258,0,0,0,0.032258,0.032258
0,0.05,0.025,0,0.025,0.05,0,0.025,0,0,0.025,0,0.025,0,0,0.025,0,0.025,0.025,0.025,0.025,0,0.025,0,0.025,0,0,0,0.025,0,0.025,0.025,0.025,0,0.1,0,0.05,0.05,0,0.025,0,0,0.025,0,0.025,0,0.05,0,0.025,0,0,0,0,0,0,0,0,0.025,0.025,0,0.025,0.05,0,0.025
0.035714,0.10714,0,0,0.10714,0,0,0.035714,0,0.071429,0,0.035714,0.035714,0.071429,0,0,0,0,0,0.035714,0,0,0,0,0,0,0,0,0,0,0,0,0,0,0,0,0.14286,0,0.035714,0.035714,0,0.035714,0,0,0,0,0.071429,0,0.035714,0,0,0,0,0,0,0.035714,0,0,0.035714,0,0,0,0,0.035714
0.1875,0,0.0625,0,0,0.0625,0,0,0,0,0,0,0.0625,0,0,0.0625,0,0,0,0.0625,0.125,0,0,0,0,0,0.0625,0,0,0,0,0,0,0,0,0,0.0625,0,0,0,0,0,0,0,0.0625,0,0,0,0.0625,0,0.0625,0,0,0,0,0,0.0625,0,0,0,0,0,0,0
0.076923,0.076923,0,0,0,0,0,0,0,0,0,0,0.15385,0,0,0,0.076923,0,0,0.076923,0.076923,0,0,0,0,0,0,0,0,0,0,0,0,0,0,0,0,0.076923,0.076923,0,0.076923,0,0,0,0.076923,0,0,0,0.076923,0.076923,0,0,0,0,0,0,0,0,0,0,0,0,0,0
0.095238,0,0,0,0,0,0.047619,0,0,0.047619,0,0.095238,0,0.047619,0,0,0,0,0,0,0,0,0,0,0,0,0,0.047619,0,0,0.047619,0.047619,0,0.047619,0,0,0.095238,0,0,0,0,0,0,0,0,0,0,0.047619,0,0,0,0,0,0.047619,0,0.047619,0,0,0.047619,0,0.047619,0.047619,0,0.095238
0.043478,0,0,0.043478,0.043478,0.043478,0.043478,0.086957,0.043478,0,0,0,0,0.043478,0.086957,0,0,0.086957,0,0,0,0,0,0,0,0,0,0,0.043478,0.043478,0,0.043478,0,0,0,0,0,0,0,0,0,0,0,0,0,0,0.043478,0,0.043478,0.043478,0,0,0,0,0.043478,0,0,0.043478,0.043478,0,0,0,0,0.043478
0.26667,0,0,0,0.066667,0,0,0,0,0,0.066667,0,0.066667,0,0.066667,0,0,0.066667,0,0,0.066667,0,0,0,0.066667,0,0,0,0,0,0,0,0,0,0,0,0,0,0,0,0,0,0,0,0,0,0,0,0.066667,0,0,0,0.066667,0,0,0,0.066667,0,0,0,0,0,0.066667,0
0.3,0,0,0,0.05,0,0,0,0.05,0.05,0.05,0,0,0,0,0,0.15,0,0,0,0,0,0,0,0.05,0,0.05,0,0,0,0,0,0,0,0,0,0.05,0,0,0.05,0,0.05,0,0,0,0,0,0,0.1,0,0,0,0,0,0,0,0,0,0,0,0,0,0,0
0.14286,0,0,0.071429,0,0,0,0.071429,0,0,0,0,0,0,0.071429,0,0.071429,0,0,0,0.071429,0,0,0,0.071429,0,0,0,0,0,0.071429,0,0,0,0,0,0.071429,0,0.071429,0,0,0,0,0,0,0,0.071429,0,0,0,0,0,0,0,0,0,0.071429,0,0,0,0,0,0,0.071429
0,0,0,0,0,0,0,0.043478,0,0,0,0,0.13043,0,0,0.086957,0,0,0,0,0,0,0,0,0,0.043478,0,0.043478,0,0,0.043478,0,0.043478,0,0,0.043478,0,0.043478,0.17391,0,0.043478,0.043478,0.043478,0,0,0,0,0,0,0,0.043478,0,0,0,0,0,0,0.043478,0.043478,0,0,0,0.043478,0
0.023256,0,0,0,0,0,0.023256,0,0,0,0,0.023256,0.023256,0,0.023256,0.023256,0.023256,0,0,0,0,0,0,0.023256,0,0.023256,0,0,0,0,0,0,0,0.023256,0,0.023256,0.046512,0.023256,0.023256,0.046512,0,0.023256,0,0,0,0,0.093023,0.023256,0.046512,0.023256,0.023256,0,0.069767,0.023256,0.023256,0,0.023256,0.023256,0.023256,0.069767,0.023256,0.023256,0.023256,0.046512
0.061856,0,0.020619,0.041237,0,0,0.020619,0.010309,0.020619,0.010309,0,0.010309,0,0,0.010309,0.041237,0.051546,0.010309,0.030928,0,0.030928,0.010309,0,0,0.030928,0.030928,0,0,0.010309,0.020619,0.010309,0,0.020619,0.010309,0.030928,0,0.030928,0.010309,0.020619,0.020619,0.020619,0.010309,0.010309,0,0,0.020619,0.010309,0,0.020619,0,0.020619,0.010309,0.010309,0.041237,0.010309,0.051546,0.010309,0.020619,0,0.041237,0,0,0.030928,0.030928
0.043478,0,0,0,0.13043,0.043478,0,0,0,0,0.043478,0,0,0,0,0,0.043478,0,0,0,0.043478,0.043478,0.043478,0.086957,0,0.043478,0,0,0,0,0.043478,0,0,0.043478,0,0,0,0,0,0,0.043478,0,0.043478,0,0,0,0,0,0.043478,0.086957,0,0,0,0,0.086957,0,0,0,0,0,0,0,0,0.043478
0,0,0.2,0,0,0,0,0,0,0,0,0,0,0,0,0,0,0,0,0,0,0,0.2,0,0,0,0.1,0,0,0,0,0,0,0,0,0,0,0,0.1,0,0,0,0,0,0,0,0,0,0.1,0,0,0,0.1,0,0.1,0,0.1,0,0,0,0,0,0,0
0.079365,0,0.031746,0.047619,0,0,0.015873,0,0,0,0,0,0.047619,0,0.031746,0.031746,0.015873,0.015873,0,0,0,0,0,0,0.031746,0,0.015873,0,0,0.015873,0.015873,0,0.015873,0,0,0,0.015873,0.031746,0.015873,0.015873,0.015873,0.015873,0,0,0.015873,0,0,0.031746,0.079365,0,0,0.015873,0,0.015873,0.031746,0.047619,0,0.031746,0,0.015873,0.015873,0.031746,0.095238,0.047619
0.076923,0,0,0.076923,0,0,0,0,0.025641,0.025641,0,0,0.025641,0,0.025641,0.025641,0.051282,0.025641,0,0,0,0.025641,0,0,0,0,0.025641,0,0.051282,0.051282,0,0,0,0.025641,0,0,0,0,0.025641,0.025641,0,0,0,0,0,0.025641,0,0.025641,0,0,0.025641,0,0.025641,0,0.10256,0.025641,0,0,0,0.025641,0.025641,0.025641,0.025641,0.076923
0.058824,0,0,0,0.058824,0,0.058824,0.058824,0,0,0,0,0.058824,0,0,0.058824,0.058824,0.058824,0,0,0,0,0,0,0,0,0,0,0,0,0.058824,0,0,0,0,0,0,0.058824,0,0,0.058824,0,0,0,0.058824,0,0,0,0,0,0,0,0.058824,0,0,0,0,0.058824,0,0,0.058824,0,0.058824,0.058824
0.052632,0.078947,0,0.052632,0,0.052632,0,0,0,0.026316,0,0.026316,0.026316,0.026316,0,0.026316,0.078947,0,0,0,0,0.026316,0.026316,0,0.026316,0.026316,0.026316,0.026316,0,0,0,0,0.026316,0,0,0.026316,0,0,0,0.026316,0,0,0,0,0.052632,0,0.026316,0,0,0,0.026316,0,0.052632,0,0.026316,0,0,0,0,0,0.026316,0.10526,0,0
0,0.0625,0.0625,0,0,0,0,0,0,0,0,0,0,0,0,0.0625,0,0,0,0.0625,0.0625,0,0,0,0,0.0625,0,0,0,0,0.0625,0,0,0,0,0,0.0625,0,0,0,0,0,0,0,0,0,0.0625,0,0.125,0,0,0,0.125,0,0,0,0,0.0625,0,0.0625,0,0.0625,0,0
0.020833,0.0625,0.020833,0,0.020833,0.041667,0.020833,0,0.020833,0.10417,0,0,0.041667,0.020833,0.020833,0.020833,0,0,0,0,0.041667,0,0,0,0.0625,0,0,0.020833,0,0,0,0.041667,0.041667,0.041667,0,0.020833,0,0.020833,0,0,0.020833,0.020833,0.020833,0,0,0,0.020833,0,0.0625,0,0,0,0.020833,0.020833,0,0,0.020833,0.020833,0,0,0,0,0.020833,0.041667
0,0,0,0,0.095238,0.047619,0,0,0,0,0,0,0.095238,0.047619,0,0,0,0.047619,0,0,0.047619,0,0,0,0,0,0,0,0,0,0,0,0,0,0.047619,0.047619,0.2381,0.047619,0,0,0,0.047619,0.047619,0,0,0,0,0,0,0.047619,0,0,0,0,0,0,0,0,0,0,0.047619,0,0.047619,0
0.041667,0,0,0,0,0.041667,0.041667,0,0,0,0,0,0,0.041667,0,0,0.125,0.041667,0.041667,0,0,0,0,0,0,0,0,0,0.041667,0,0,0,0,0.041667,0,0,0,0.041667,0,0,0.041667,0,0,0,0.041667,0.083333,0.041667,0.041667,0.041667,0,0,0,0.041667,0.041667,0,0.041667,0,0,0,0,0.041667,0.041667,0,0
0,0,0.055556,0,0,0,0,0,0,0.16667,0,0,0,0,0,0,0,0,0,0,0,0,0,0,0,0,0,0,0,0.055556,0,0.055556,0,0,0.055556,0,0,0.055556,0.11111,0,0,0,0,0,0,0,0.11111,0,0,0,0,0,0,0,0.055556,0,0,0,0.055556,0.16667,0.055556,0,0,0
0,0,0,0.033333,0.033333,0.033333,0,0,0,0,0,0,0.066667,0,0,0,0.066667,0,0.033333,0,0.033333,0.066667,0.033333,0.066667,0.033333,0.066667,0,0,0,0,0,0.033333,0,0.033333,0,0,0.2,0,0.033333,0,0,0,0,0,0.033333,0,0,0,0,0,0,0,0.033333,0,0,0,0.033333,0,0,0,0,0,0.033333,0
0,0,0,0,0,0,0,0,0.083333,0.083333,0,0.083333,0,0.16667,0,0,0,0,0,0,0,0,0,0,0,0,0,0,0,0,0,0,0,0,0,0,0,0,0,0.083333,0,0,0,0,0,0,0.083333,0.083333,0,0,0,0,0.083333,0,0,0,0.16667,0,0.083333,0,0,0,0,0
0,0,0,0,0.17647,0,0.058824,0.058824,0.058824,0,0,0.058824,0.058824,0.058824,0,0,0.11765,0.058824,0.058824,0,0,0,0,0,0,0,0,0,0,0,0,0,0,0.058824,0,0,0.058824,0,0,0,0,0,0,0,0,0,0,0,0.058824,0,0.058824,0,0,0,0,0,0,0,0,0,0,0,0,0
0,0,0.030303,0,0.060606,0,0,0,0,0.030303,0,0,0.030303,0,0,0.030303,0.030303,0.030303,0.030303,0,0,0,0,0,0,0,0.060606,0,0.030303,0.090909,0.060606,0,0,0.030303,0.030303,0.030303,0.030303,0.030303,0,0.030303,0,0.030303,0,0,0,0,0,0,0,0.030303,0,0,0.030303,0,0.030303,0,0,0,0,0,0.060606,0.030303,0.060606,0.030303
0.066667,0,0,0,0,0,0,0,0,0,0,0,0,0,0,0,0,0.066667,0.066667,0,0,0,0,0,0,0,0,0.066667,0,0,0,0.13333,0,0,0,0,0,0.066667,0,0,0,0.066667,0,0.066667,0,0,0.066667,0.066667,0,0,0,0,0.066667,0,0,0,0,0.066667,0,0,0,0.066667,0.066667,0
0,0.052632,0,0,0,0,0,0,0,0,0.052632,0,0,0,0,0,0.052632,0.052632,0,0,0,0,0.15789,0,0,0.10526,0,0,0,0,0,0.10526,0,0,0,0,0,0,0,0,0,0,0,0,0,0,0.052632,0,0,0,0,0,0,0,0.15789,0,0,0.10526,0.052632,0,0,0,0,0.052632
0,0,0,0,0.083333,0.083333,0,0,0,0,0,0,0,0,0.083333,0,0,0,0,0.083333,0,0,0,0,0,0,0,0,0,0,0,0,0,0,0,0,0.083333,0,0,0,0,0,0,0.083333,0,0,0.083333,0.083333,0,0.083333,0,0.083333,0,0,0,0,0,0,0,0,0.083333,0.083333,0,0
0,0,0,0,0,0,0,0,0,0,0,0,0,0.066667,0,0.13333,0,0.066667,0.066667,0,0.066667,0,0,0,0,0,0,0.066667,0,0,0,0,0.066667,0,0,0.066667,0,0,0,0.066667,0,0,0,0,0.066667,0,0,0,0.066667,0.066667,0,0.066667,0,0,0,0,0,0.066667,0,0,0,0,0,0
0,0.041667,0.041667,0,0.020833,0,0,0,0.041667,0.020833,0.020833,0,0,0,0,0.020833,0,0.041667,0.0625,0,0.041667,0,0,0.020833,0.020833,0,0.083333,0.020833,0,0,0.020833,0,0.020833,0.020833,0,0,0,0.020833,0,0,0.020833,0.020833,0.020833,0,0,0.041667,0,0.041667,0.020833,0,0,0,0.041667,0,0.041667,0,0,0,0.041667,0,0.020833,0.041667,0.0625,0
0.13636,0.045455,0,0.045455,0.045455,0,0,0,0,0,0,0.045455,0,0,0,0,0.045455,0,0.045455,0,0,0,0,0.045455,0,0,0,0,0,0.045455,0,0,0,0.045455,0,0,0.045455,0,0.090909,0,0,0,0,0.045455,0,0,0.045455,0,0,0,0.045455,0,0,0.045455,0.045455,0,0.045455,0,0,0,0,0.045455,0,0
0,0,0,0,0,0,0.083333,0,0,0,0.083333,0,0,0,0,0.083333,0,0,0,0,0.083333,0.16667,0,0,0,0,0,0.083333,0,0,0,0,0.083333,0,0,0,0,0,0,0.083333,0,0,0.083333,0,0,0,0,0.083333,0,0,0,0,0,0,0,0,0,0,0,0,0,0,0.083333,0
0,0,0.043478,0.043478,0,0.043478,0,0,0,0,0.086957,0,0,0.043478,0,0,0,0.086957,0,0,0.043478,0,0,0,0.043478,0,0,0,0,0.043478,0.13043,0,0,0,0,0.043478,0,0.043478,0,0.043478,0,0,0,0,0,0,0,0,0,0.043478,0,0,0,0.086957,0.086957,0,0,0.043478,0,0,0,0,0,0
0.11111,0,0,0.11111,0,0,0,0,0,0,0,0,0,0,0,0,0,0,0,0,0,0,0,0,0,0,0,0,0,0,0,0,0,0,0,0,0,0,0,0,0.055556,0,0,0,0,0,0.22222,0.055556,0.055556,0,0,0.055556,0,0,0.055556,0,0.11111,0.11111,0,0.055556,0,0,0,0
0.10526,0,0,0.052632,0,0,0,0,0,0,0,0,0.052632,0.10526,0.052632,0,0.15789,0,0,0,0,0,0,0,0,0,0,0,0,0,0,0,0.052632,0,0,0,0,0.052632,0,0.052632,0,0,0,0,0,0,0.052632,0,0.052632,0,0,0,0,0,0,0,0,0,0.10526,0,0.052632,0,0.052632,0
0.076923,0,0,0.076923,0,0,0,0,0,0,0,0.076923,0,0,0,0,0,0,0,0,0,0,0.076923,0,0.15385,0,0,0,0,0,0,0,0,0,0.076923,0,0.076923,0.076923,0,0,0,0,0,0,0,0,0.15385,0,0,0,0,0,0,0,0,0,0,0,0,0,0.076923,0,0.076923,0
0.15,0,0.05,0,0,0.05,0,0,0.1,0,0.1,0,0,0.05,0.05,0.05,0,0,0,0.05,0,0,0,0,0,0,0,0,0,0,0,0,0.1,0,0,0,0.05,0.05,0,0,0.05,0,0,0,0,0,0,0,0,0,0,0.05,0,0,0,0,0,0.05,0,0,0,0,0,0
0,0,0,0.095238,0,0,0,0,0.047619,0.047619,0,0,0.047619,0,0,0,0,0,0,0.047619,0,0,0,0.047619,0,0,0.047619,0,0.047619,0,0,0.095238,0.047619,0,0,0,0.047619,0,0,0.047619,0,0.047619,0,0,0,0,0.047619,0,0,0,0.047619,0,0.047619,0,0,0,0.095238,0,0,0,0.047619,0,0,0
0,0.043478,0,0,0,0,0,0,0,0.043478,0,0.043478,0.043478,0.043478,0,0,0,0,0,0,0.043478,0,0,0,0,0.043478,0,0,0.043478,0,0,0,0.043478,0,0,0,0,0.043478,0,0,0.043478,0,0,0,0,0.043478,0.043478,0,0,0,0.043478,0.043478,0,0,0.043478,0,0,0.086957,0.043478,0.043478,0.043478,0,0,0.086957
0.066667,0,0,0.13333,0,0,0,0,0,0,0,0.066667,0.066667,0,0.13333,0,0.066667,0,0,0,0,0,0,0,0,0,0,0,0,0,0,0,0,0,0,0,0.066667,0,0,0,0,0,0,0,0,0,0.13333,0,0.13333,0,0,0.066667,0.066667,0,0,0,0,0,0,0,0,0,0,0
0.1,0,0,0,0,0,0.05,0,0,0,0,0,0.2,0.05,0,0,0,0,0,0,0,0,0,0,0,0,0,0,0,0,0,0,0,0,0,0,0,0,0,0,0.05,0,0,0,0,0.05,0,0.05,0.05,0.05,0.05,0.05,0,0,0,0,0.1,0.05,0,0,0.05,0,0.05,0
0,0,0,0.038462,0,0,0.019231,0.038462,0,0,0.019231,0.019231,0,0,0,0.019231,0.038462,0.019231,0.057692,0.019231,0.019231,0.038462,0,0,0.038462,0,0,0.038462,0.057692,0.057692,0.038462,0.019231,0,0,0.038462,0.019231,0.038462,0,0,0.019231,0.019231,0.019231,0,0,0.038462,0,0,0,0.038462,0,0.019231,0,0.038462,0,0.038462,0.019231,0,0.019231,0,0.019231,0,0.019231,0,0
0,0.030303,0.060606,0.030303,0,0,0,0,0,0.030303,0.030303,0.090909,0.060606,0,0,0,0.030303,0.030303,0.060606,0,0,0.030303,0,0,0,0,0.030303,0,0.030303,0.030303,0,0.060606,0.030303,0,0,0,0,0,0,0,0,0,0,0,0.060606,0,0,0,0,0.030303,0.030303,0,0,0.060606,0,0.030303,0,0,0,0.060606,0.030303,0,0,0.030303
0.032258,0,0,0,0,0,0,0,0,0,0,0,0.032258,0,0.064516,0.032258,0.032258,0.064516,0.032258,0,0,0.032258,0,0,0,0,0,0,0.032258,0.064516,0,0.064516,0,0,0,0.032258,0.064516,0.064516,0.032258,0,0,0.032258,0.032258,0,0,0.064516,0,0.032258,0,0.032258,0,0.032258,0.032258,0,0,0,0,0.032258,0,0,0,0.032258,0,0
0,0.058824,0,0.058824,0,0,0,0,0,0,0,0,0.11765,0,0,0,0,0,0.058824,0,0.058824,0,0.058824,0,0,0,0,0,0,0,0,0,0,0,0,0,0,0,0,0,0,0.058824,0,0,0,0.058824,0.058824,0.11765,0,0,0,0,0,0,0,0.11765,0,0,0.058824,0.058824,0,0,0,0.058824
0.15,0,0,0,0,0,0.05,0,0.05,0,0,0,0.1,0,0,0,0.05,0,0.05,0,0.05,0,0,0,0.05,0,0,0,0,0,0,0,0,0,0,0,0,0,0,0,0,0,0,0,0.05,0,0.1,0,0,0,0,0.1,0,0,0,0,0.1,0,0,0,0,0,0.05,0.05
0,0,0,0.066667,0,0,0,0,0,0,0,0,0.066667,0,0,0.066667,0,0,0,0,0,0,0,0,0,0,0,0,0.066667,0,0,0.13333,0,0,0,0.066667,0,0,0,0,0,0.066667,0,0,0,0,0,0,0.066667,0,0.13333,0.066667,0,0,0,0.066667,0,0,0,0,0.066667,0,0,0.066667
0.0625,0,0.0625,0,0,0,0,0,0,0,0,0,0,0.0625,0,0.0625,0.125,0,0,0.0625,0.0625,0,0,0,0.0625,0,0,0,0.0625,0.0625,0,0,0,0,0,0,0,0,0,0,0,0,0.0625,0,0,0,0,0,0,0,0,0.0625,0,0,0,0,0.1875,0,0,0,0,0,0,0
0,0.037037,0.037037,0,0,0,0,0.037037,0,0.037037,0.074074,0.037037,0,0,0,0.037037,0,0,0.037037,0,0,0,0.037037,0,0.037037,0,0.037037,0,0,0,0,0,0,0.037037,0,0,0.037037,0,0.037037,0,0.037037,0,0.074074,0,0,0,0.074074,0,0.037037,0,0.037037,0,0,0,0,0,0.074074,0.037037,0.037037,0,0,0,0,0.037037
0.02381,0,0,0,0,0,0,0.02381,0,0.02381,0,0,0.047619,0.02381,0,0.047619,0.047619,0.02381,0,0,0.02381,0,0,0,0.02381,0,0,0.02381,0.071429,0,0.047619,0,0,0,0,0.02381,0.02381,0,0.02381,0.02381,0,0,0,0,0.02381,0,0.02381,0,0.047619,0.02381,0,0.071429,0.02381,0.02381,0.071429,0.02381,0,0.02381,0,0.02381,0,0.02381,0.02381,0.02381
0,0,0,0,0,0,0,0.125,0,0,0,0,0,0,0.25,0,0,0,0,0,0,0,0,0.125,0,0,0,0,0,0,0,0,0,0,0,0,0,0,0,0,0,0,0,0.125,0,0.125,0,0,0,0,0,0.125,0,0,0,0,0,0,0,0,0,0,0.125,0
0.058824,0,0.11765,0,0,0,0,0,0,0,0,0,0,0,0,0,0,0,0,0.058824,0,0,0,0,0,0,0,0.058824,0,0,0,0,0,0,0,0,0,0,0,0,0.058824,0,0,0,0,0,0,0,0,0,0,0.17647,0.058824,0,0.058824,0,0,0,0,0,0.17647,0,0.11765,0.058824
0,0,0,0,0,0,0,0,0,0,0,0,0.03125,0.03125,0.0625,0.03125,0,0,0,0,0,0,0,0,0,0,0,0,0,0,0,0.0625,0,0,0,0,0.03125,0,0,0,0,0,0,0.03125,0.03125,0.03125,0.03125,0.03125,0.0625,0,0.03125,0.125,0,0,0.03125,0.03125,0,0.03125,0.03125,0,0.125,0,0,0.125
0,0,0.0625,0.03125,0,0,0,0,0.03125,0.03125,0.03125,0,0,0,0.0625,0,0.03125,0,0,0,0.03125,0.03125,0,0.03125,0,0,0,0,0,0,0.03125,0.0625,0.03125,0,0.03125,0.03125,0.03125,0,0,0,0.03125,0,0,0,0,0.03125,0.0625,0.03125,0,0.03125,0,0,0,0.03125,0,0,0.03125,0.03125,0,0.0625,0,0,0,0.0625
0,0,0,0,0.014925,0,0.044776,0.014925,0.029851,0.029851,0,0,0.029851,0.014925,0.014925,0.059701,0.029851,0.029851,0.014925,0.014925,0.014925,0.014925,0.029851,0,0.044776,0,0,0,0.029851,0.014925,0.029851,0,0.029851,0,0.014925,0,0.014925,0,0.029851,0.014925,0,0.014925,0.029851,0.014925,0.014925,0.014925,0.014925,0.044776,0,0.029851,0.014925,0,0,0,0.014925,0,0,0.029851,0.044776,0.029851,0.014925,0.014925,0,0.029851
0,0,0.10526,0,0,0,0.10526,0,0,0.052632,0,0,0.10526,0,0,0.052632,0,0,0,0.052632,0.052632,0,0,0.052632,0,0.052632,0,0,0,0,0,0,0.052632,0,0,0,0,0,0.052632,0,0,0,0.052632,0,0,0,0,0,0,0,0.052632,0,0,0,0,0,0,0,0.052632,0,0,0,0.10526,0
0.058824,0,0,0,0.029412,0,0,0,0,0.029412,0,0.029412,0.088235,0.029412,0.029412,0.058824,0,0.029412,0,0.058824,0.029412,0,0,0,0,0,0,0,0,0,0,0,0.029412,0,0,0,0,0.029412,0,0.088235,0,0,0.029412,0,0,0,0.058824,0,0.029412,0,0,0,0.029412,0,0,0,0,0.029412,0,0.029412,0.088235,0.058824,0,0.029412
0,0,0.03125,0.03125,0,0,0,0.0625,0.03125,0.03125,0,0,0,0,0.03125,0.03125,0,0,0.09375,0.03125,0,0.03125,0,0.03125,0,0.03125,0,0,0,0,0.0625,0,0.03125,0.03125,0,0,0.03125,0,0,0.03125,0,0,0,0,0.03125,0,0,0.03125,0,0,0.0625,0,0.03125,0.03125,0.0625,0.03125,0,0,0,0,0,0.03125,0.03125,0
0.14286,0,0,0,0.071429,0,0.071429,0,0,0,0,0,0,0,0.071429,0.14286,0,0,0,0,0,0,0,0,0,0,0,0,0,0,0,0,0,0,0,0,0,0,0,0.071429,0,0,0,0,0,0,0,0,0,0,0,0.14286,0.071429,0,0,0,0.071429,0.071429,0,0,0.071429,0,0,0
0,0,0.076923,0,0,0,0,0.076923,0,0,0,0,0,0,0,0,0.076923,0,0,0,0,0.076923,0,0,0,0,0,0.076923,0,0,0,0,0,0,0,0,0,0.076923,0,0,0,0,0,0,0,0,0,0,0,0,0.076923,0,0,0,0,0.15385,0.076923,0,0,0.076923,0.076923,0.076923,0,0
0.066667,0,0,0.033333,0,0,0,0.033333,0.033333,0.066667,0,0.033333,0,0,0.033333,0,0,0.033333,0,0,0,0,0.033333,0.033333,0.066667,0.033333,0,0.033333,0,0,0,0,0,0,0,0.033333,0.066667,0,0.066667,0,0.066667,0,0,0,0,0,0,0,0,0.033333,0,0,0,0,0.033333,0.066667,0,0.066667,0,0,0,0,0.033333,0
0.047619,0,0,0.047619,0,0,0,0.047619,0,0,0,0,0,0.047619,0,0.047619,0,0,0,0,0,0,0,0,0,0.047619,0,0,0.047619,0,0.047619,0,0.047619,0,0,0,0.14286,0,0.047619,0,0,0,0,0,0.047619,0,0.047619,0,0.047619,0.047619,0,0,0.047619,0.047619,0,0.047619,0,0,0,0,0.047619,0,0,0
0,0.02381,0,0,0,0,0.02381,0.02381,0.02381,0,0,0.02381,0.02381,0,0,0.02381,0.071429,0,0.02381,0.047619,0.047619,0,0,0,0,0,0,0,0,0,0.047619,0,0,0,0,0,0,0,0,0.02381,0,0.071429,0,0.02381,0,0.02381,0.071429,0.02381,0,0,0,0.02381,0,0,0.047619,0,0,0.02381,0,0.071429,0,0.02381,0.071429,0.095238
0.090909,0,0.090909,0,0,0.090909,0,0,0,0,0,0.090909,0,0,0.090909,0,0,0,0,0,0.090909,0,0,0,0,0,0,0,0,0,0,0,0,0,0,0,0,0,0,0,0,0,0,0,0,0,0,0.090909,0,0,0,0,0,0,0,0,0.090909,0.090909,0,0,0.090909,0,0.090909,0
0,0,0,0,0,0,0,0,0,0,0.05,0.05,0.05,0.05,0,0,0,0.05,0,0,0.05,0,0,0,0.05,0,0,0,0.05,0,0,0,0,0.05,0,0,0.05,0,0,0,0.05,0.1,0,0.05,0,0,0,0,0,0,0,0,0.05,0.05,0,0,0,0.05,0.05,0.1,0,0,0,0
0,0.018868,0.037736,0,0,0,0,0.018868,0,0,0,0.018868,0,0,0.018868,0.018868,0.037736,0.018868,0.018868,0.18868,0.056604,0,0,0.018868,0,0,0.037736,0.056604,0,0,0.018868,0,0.018868,0,0.037736,0.018868,0.018868,0.056604,0.018868,0.037736,0.056604,0,0.018868,0,0,0,0,0.018868,0,0,0.018868,0,0,0,0,0,0.018868,0,0.037736,0.018868,0,0,0.018868,0
0,0.037037,0,0,0,0,0.037037,0.037037,0,0,0.037037,0,0,0,0.037037,0,0,0.037037,0.037037,0.037037,0,0.14815,0,0,0.074074,0.11111,0,0,0,0.037037,0.074074,0,0,0,0,0.037037,0,0,0,0,0,0.037037,0.074074,0,0,0,0.037037,0,0,0,0,0,0,0,0,0,0.037037,0,0,0.037037,0,0,0,0
0.067797,0,0.067797,0,0.016949,0,0.016949,0.050847,0.016949,0.016949,0,0,0.067797,0.016949,0,0,0.016949,0,0,0,0,0,0.033898,0,0,0,0,0.016949,0.016949,0,0.016949,0,0.016949,0.016949,0,0,0,0.016949,0.050847,0.016949,0,0.016949,0,0,0,0,0.050847,0.050847,0.016949,0,0.016949,0,0,0.050847,0,0,0.033898,0.033898,0,0,0.067797,0.016949,0.016949,0.067797
0.085714,0.085714,0,0,0,0,0,0,0.028571,0.14286,0.028571,0.028571,0.028571,0,0.028571,0.028571,0,0,0.028571,0,0.057143,0.057143,0,0,0,0.028571,0,0.028571,0,0,0,0,0,0,0,0,0.028571,0.085714,0,0,0,0.085714,0,0,0,0.028571,0,0,0,0,0,0,0,0,0,0,0,0.057143,0,0,0,0,0,0.028571
0.058824,0,0,0,0.088235,0.029412,0,0.029412,0,0,0,0,0.029412,0,0.029412,0.029412,0.029412,0,0,0,0.029412,0,0.029412,0,0,0,0,0,0,0,0,0,0.029412,0,0,0.029412,0.17647,0,0.058824,0.029412,0,0,0,0,0,0,0.029412,0.029412,0,0.029412,0.029412,0.029412,0,0.029412,0,0,0,0.029412,0,0,0.058824,0,0.029412,0
0,0,0,0,0,0,0.052632,0,0,0,0,0,0.052632,0.052632,0,0.052632,0,0,0,0,0,0,0,0,0,0,0,0.10526,0.052632,0,0,0,0,0,0,0,0.10526,0,0,0.052632,0,0,0,0,0.052632,0,0.052632,0,0.052632,0.052632,0.10526,0,0,0,0.052632,0,0,0,0.052632,0,0,0,0,0.052632
0,0,0,0,0,0,0,0,0,0,0,0,0.066667,0,0,0.066667,0,0.066667,0.066667,0,0,0,0,0,0,0,0,0,0,0,0.066667,0,0,0,0,0,0,0,0,0,0,0,0,0,0.066667,0.066667,0.066667,0.066667,0.066667,0,0.066667,0.066667,0,0,0,0.066667,0,0,0,0,0,0,0,0.13333
0.058824,0,0,0.058824,0,0,0,0,0,0,0,0.058824,0,0,0,0.058824,0,0,0,0,0,0,0,0,0,0,0,0,0.058824,0,0,0,0,0,0,0,0,0,0,0,0.11765,0.058824,0,0,0.058824,0.058824,0.058824,0.058824,0,0.058824,0,0.058824,0,0,0,0.058824,0,0,0,0,0.058824,0,0.058824,0
0.1,0,0,0,0,0,0,0,0,0,0,0,0,0,0,0,0,0,0,0.1,0,0,0,0,0,0,0.1,0,0,0,0,0,0,0,0.05,0,0,0,0,0,0.1,0.05,0.1,0,0,0.05,0.05,0,0.1,0,0,0,0.05,0,0,0,0,0.1,0,0,0.05,0,0,0
0,0.1,0.05,0,0,0,0.05,0,0,0.1,0,0,0,0,0,0,0.1,0,0.05,0,0,0.05,0.05,0,0,0,0,0,0.05,0,0,0,0.05,0,0,0,0,0,0.05,0,0,0.05,0.05,0,0,0,0,0,0,0,0,0,0,0,0.05,0.05,0,0.05,0,0.05,0,0,0,0
0,0,0.043478,0,0.043478,0,0,0,0,0.043478,0,0,0,0.043478,0,0.043478,0.043478,0,0,0,0,0,0.086957,0,0,0.043478,0.043478,0.086957,0,0.043478,0,0,0.043478,0,0.043478,0,0,0,0.043478,0,0,0,0,0,0.043478,0,0,0.043478,0,0,0,0,0,0,0,0,0.043478,0.043478,0,0.086957,0,0,0,0.043478
0,0.029412,0.029412,0.029412,0,0,0.029412,0,0,0.029412,0,0,0.029412,0,0.029412,0.029412,0.029412,0.029412,0,0.058824,0,0.029412,0,0,0,0,0,0,0,0,0.058824,0,0.058824,0.029412,0,0.029412,0,0.029412,0,0,0,0,0,0,0.029412,0,0,0,0.058824,0,0,0,0.058824,0.058824,0,0.029412,0,0.058824,0,0,0,0.058824,0.058824,0
0,0,0.058824,0.058824,0,0.058824,0,0,0,0.058824,0,0,0,0,0,0,0,0,0,0.058824,0,0,0,0,0,0,0,0,0,0.058824,0.058824,0,0.058824,0,0,0,0.058824,0,0,0,0.058824,0,0,0,0,0.058824,0.058824,0.058824,0,0.058824,0,0,0,0,0,0,0.058824,0.058824,0,0.058824,0,0,0,0
0.065217,0.021739,0.021739,0.021739,0.043478,0,0,0.021739,0.021739,0.021739,0.021739,0.021739,0,0.021739,0,0.021739,0,0,0.021739,0.043478,0,0.021739,0,0,0,0.043478,0.021739,0.065217,0.021739,0.021739,0,0,0,0,0,0,0.021739,0.021739,0.021739,0.021739,0.021739,0.021739,0,0.021739,0,0,0,0.021739,0,0,0,0,0,0,0.065217,0,0.021739,0,0,0.021739,0.021739,0,0.021739,0.086957
0.028571,0.057143,0.028571,0,0.028571,0,0,0.057143,0.028571,0,0,0,0,0.057143,0,0.028571,0.057143,0.028571,0,0,0,0,0,0,0.057143,0.028571,0,0,0.028571,0.028571,0,0,0,0,0,0,0.028571,0,0,0.057143,0,0,0,0,0,0,0,0,0,0,0,0,0.085714,0,0,0,0.057143,0.028571,0,0.057143,0.057143,0.028571,0,0.057143
0,0,0,0,0,0,0,0,0,0.047619,0,0,0,0,0.095238,0.047619,0,0,0.047619,0.047619,0,0,0.047619,0.047619,0,0.14286,0,0,0,0,0.047619,0,0.047619,0,0,0,0,0,0.047619,0,0,0,0.047619,0,0,0,0,0,0,0,0,0,0.047619,0,0.047619,0,0,0.095238,0,0,0,0.047619,0.047619,0
0.023256,0.046512,0,0.023256,0.046512,0,0,0,0,0,0,0.023256,0,0.023256,0,0.069767,0.023256,0.023256,0.023256,0,0,0.046512,0,0,0.023256,0,0.023256,0.023256,0.023256,0,0,0.023256,0.023256,0,0,0,0.023256,0.093023,0.023256,0.023256,0,0,0,0,0,0,0,0.023256,0,0,0.023256,0,0,0,0,0,0.023256,0,0.069767,0.046512,0.069767,0.023256,0.023256,0.023256
0.076923,0,0,0,0,0,0,0,0,0.076923,0.15385,0,0,0,0,0,0,0,0,0,0,0,0,0,0,0,0.15385,0,0.076923,0,0,0,0,0,0,0,0,0,0.15385,0,0,0.076923,0.076923,0,0,0,0.076923,0,0,0,0,0,0,0,0,0,0,0,0,0,0,0.076923,0,0
0.038462,0,0,0.038462,0,0.038462,0,0,0.038462,0,0,0.038462,0,0.11538,0,0,0.038462,0,0,0.038462,0,0,0,0.038462,0,0,0,0,0,0,0,0,0,0.076923,0,0,0.038462,0.076923,0,0,0,0.038462,0,0,0,0,0,0.076923,0,0,0,0,0.038462,0.076923,0.038462,0.038462,0,0,0,0,0,0,0.038462,0.038462
0.045977,0,0.045977,0.011494,0.011494,0,0.011494,0,0.034483,0.022989,0.034483,0.011494,0.034483,0.011494,0,0.045977,0.011494,0.022989,0.022989,0.011494,0.011494,0.011494,0.011494,0,0.034483,0.045977,0,0,0.022989,0.011494,0.011494,0,0.034483,0,0.011494,0.011494,0.011494,0.045977,0.011494,0.011494,0.045977,0,0.022989,0,0.022989,0.011494,0.034483,0.034483,0,0,0,0,0.011494,0,0,0,0,0.022989,0.011494,0,0.011494,0.011494,0.034483,0.034483
0.068966,0.034483,0,0,0.10345,0,0,0,0,0,0,0,0.034483,0,0.034483,0.034483,0.034483,0,0,0,0,0.034483,0,0,0,0,0,0,0.034483,0,0,0.034483,0,0,0,0,0,0,0,0,0,0,0,0,0.034483,0,0.068966,0,0.034483,0.034483,0.068966,0.10345,0,0,0.034483,0.034483,0,0,0,0.034483,0.034483,0,0,0.068966
0,0,0,0.083333,0.083333,0,0,0,0,0,0,0,0,0,0,0,0,0,0,0,0,0,0,0,0,0,0,0,0,0,0,0,0,0.083333,0,0,0,0,0.083333,0,0,0,0,0.083333,0.083333,0,0,0,0,0,0,0,0,0.083333,0,0,0.083333,0.16667,0,0,0.083333,0,0.083333,0
0,0,0,0,0,0,0,0,0,0,0,0,0.090909,0,0,0.090909,0,0,0,0,0,0,0,0,0,0,0.090909,0,0,0,0,0,0,0,0,0,0,0,0,0.090909,0.090909,0,0,0,0,0,0.090909,0,0.18182,0.18182,0,0,0,0,0,0,0,0,0,0,0,0.090909,0,0
0,0,0,0.13333,0,0,0,0,0,0,0,0,0,0,0,0,0,0.066667,0,0,0,0,0,0,0,0,0,0,0.066667,0,0,0,0,0,0,0,0,0,0,0,0,0,0,0,0.066667,0.066667,0,0,0.13333,0,0,0.13333,0.13333,0.066667,0,0,0,0.066667,0,0,0.066667,0,0,0
0,0,0,0,0,0,0,0,0,0,0,0,0.16667,0,0.083333,0,0.083333,0,0,0,0,0,0,0,0.083333,0,0,0,0.083333,0,0,0,0,0,0,0,0,0,0,0.083333,0,0,0,0,0,0,0,0,0.16667,0,0,0,0,0,0,0,0.083333,0,0,0.083333,0,0,0,0.083333
0,0,0,0.12,0,0.04,0,0.04,0,0.04,0,0,0.04,0.04,0.04,0.04,0.12,0,0.04,0,0,0,0,0,0,0,0,0,0.04,0,0,0,0,0,0,0,0,0,0,0,0.04,0,0,0,0,0.04,0,0.04,0.04,0.04,0.04,0,0,0,0.04,0,0,0,0,0,0.12,0,0,0
0.095238,0,0,0.047619,0,0,0,0,0,0,0,0,0,0,0,0,0.047619,0,0,0.047619,0,0,0.047619,0,0.047619,0,0.047619,0.047619,0,0,0.047619,0,0,0,0,0,0,0.047619,0,0,0,0,0,0,0,0,0,0.095238,0.095238,0,0,0.047619,0,0.047619,0,0,0,0.047619,0.047619,0,0.047619,0.047619,0,0
0.076923,0,0,0,0,0,0,0.076923,0,0,0,0.076923,0.076923,0.076923,0,0,0,0,0,0,0,0,0,0,0,0,0,0.076923,0,0,0,0,0,0,0,0,0.076923,0,0,0.076923,0,0,0,0,0,0,0,0,0.076923,0,0,0,0,0,0,0,0.076923,0,0,0,0.076923,0.076923,0,0.076923
0,0,0,0,0,0.066667,0.066667,0,0,0,0,0,0,0,0,0,0,0,0,0,0,0,0,0,0,0,0,0,0,0,0.066667,0,0,0.066667,0,0,0,0,0,0.066667,0,0,0,0,0,0,0,0.13333,0.066667,0,0,0.066667,0,0.066667,0,0,0.066667,0,0,0.13333,0.13333,0,0,0
0.037037,0,0,0,0,0,0,0,0,0.14815,0,0.074074,0.037037,0.11111,0.037037,0,0.037037,0,0,0,0,0,0,0,0.037037,0,0,0,0,0,0,0,0.074074,0.074074,0,0,0,0.037037,0.037037,0,0,0.037037,0,0,0,0,0,0,0,0,0.037037,0,0,0,0.037037,0,0.037037,0.037037,0,0,0,0,0.074074,0
0.068966,0.034483,0,0.068966,0,0,0,0,0,0.068966,0,0,0.034483,0,0.068966,0,0,0,0,0,0.034483,0.034483,0,0,0,0,0,0.034483,0.034483,0,0.034483,0,0,0,0,0,0,0.034483,0.034483,0.068966,0,0.034483,0,0,0,0,0.068966,0,0.068966,0,0,0,0,0.034483,0,0,0,0,0.034483,0.034483,0,0,0,0.068966
0.029412,0,0.058824,0.029412,0,0.029412,0,0,0.058824,0,0,0,0.088235,0,0.058824,0.029412,0.088235,0,0,0.058824,0,0,0,0,0,0.058824,0,0,0,0,0,0,0.029412,0,0,0,0.029412,0,0,0,0,0.058824,0.029412,0,0,0,0,0,0.058824,0,0,0,0.029412,0,0,0,0,0.029412,0.029412,0.029412,0.088235,0,0,0
0.027027,0.027027,0.081081,0.027027,0,0.027027,0,0,0,0.027027,0.027027,0.027027,0,0.054054,0,0,0,0.027027,0,0,0.027027,0,0,0,0,0,0,0,0,0.027027,0.027027,0,0.027027,0,0.027027,0,0.054054,0.054054,0,0,0.027027,0.054054,0,0.054054,0.027027,0.027027,0,0,0.027027,0.027027,0,0,0.027027,0,0,0.027027,0,0.054054,0,0,0.027027,0.027027,0,0
0,0.071429,0,0.071429,0.14286,0,0,0,0,0,0.071429,0,0.071429,0,0,0.071429,0.071429,0,0,0,0.071429,0,0,0,0,0,0,0,0,0,0,0,0,0,0,0,0,0,0,0,0,0,0,0,0,0,0,0,0,0.071429,0,0,0,0,0.071429,0,0.071429,0,0.071429,0,0,0,0,0.071429
0,0.021277,0,0.021277,0,0,0,0,0,0.021277,0.021277,0,0,0.085106,0,0,0.021277,0,0,0,0.021277,0,0.021277,0.021277,0.042553,0,0,0,0,0,0.021277,0.042553,0.042553,0,0,0.021277,0.042553,0.021277,0,0,0,0.085106,0,0,0,0,0.06383,0.021277,0.042553,0.021277,0.021277,0,0.042553,0.021277,0.042553,0,0,0.021277,0.021277,0.021277,0.042553,0.021277,0.021277,0
0,0,0,0,0.058824,0,0,0,0,0,0.058824,0,0,0,0,0,0.058824,0,0,0,0.058824,0,0,0.058824,0,0.058824,0,0,0,0,0.058824,0,0,0,0,0,0,0.058824,0,0.058824,0,0,0,0,0,0.058824,0,0.058824,0,0,0.058824,0,0.058824,0,0,0,0,0.058824,0,0,0.058824,0,0,0.11765
0,0.043478,0.043478,0,0.043478,0.043478,0,0,0,0,0,0.043478,0.043478,0,0.043478,0,0,0.043478,0,0.043478,0,0,0,0,0.043478,0,0,0,0,0.043478,0,0,0,0,0,0,0,0,0,0,0.043478,0.043478,0,0,0,0,0.043478,0,0,0,0,0,0.043478,0,0,0.043478,0.043478,0.086957,0.13043,0,0,0,0,0.043478
0,0,0,0.076923,0,0,0,0.076923,0,0,0,0,0,0,0,0.076923,0,0.076923,0,0,0.076923,0,0.076923,0,0,0,0,0,0.076923,0,0,0,0,0,0,0,0,0.076923,0,0,0,0,0,0,0.076923,0,0,0,0,0,0.15385,0,0,0,0,0,0.076923,0,0,0,0,0,0.076923,0
0.27273,0,0,0,0,0.090909,0,0,0.090909,0,0,0,0,0,0,0.090909,0,0,0,0,0,0,0,0,0,0,0,0,0,0,0,0,0.090909,0,0,0,0,0,0,0,0,0,0,0,0,0,0.18182,0,0,0,0,0,0,0,0,0,0.090909,0.090909,0,0,0,0,0,0
0,0,0.041667,0.041667,0,0.041667,0,0,0,0,0,0,0,0.16667,0,0,0,0.041667,0,0,0,0.041667,0,0,0.041667,0,0.041667,0,0.041667,0,0.041667,0,0.041667,0,0,0,0,0.125,0,0,0,0.041667,0,0,0,0.041667,0,0,0,0.041667,0,0,0,0,0.041667,0,0.041667,0,0.083333,0,0,0,0,0
0.090909,0,0.045455,0,0.045455,0.045455,0,0,0.13636,0,0,0,0,0,0.090909,0,0,0,0,0,0,0,0.045455,0,0.045455,0,0,0.045455,0,0,0,0,0,0,0.045455,0,0.090909,0,0,0,0.045455,0.045455,0,0,0,0,0.045455,0,0.045455,0,0,0,0.045455,0,0,0,0,0,0,0,0,0,0.045455,0
0.032258,0,0.032258,0.032258,0,0,0,0,0.064516,0,0.032258,0,0.064516,0,0,0,0,0.064516,0.032258,0.032258,0,0.032258,0,0,0.032258,0,0,0,0,0,0.032258,0,0.12903,0,0.064516,0,0,0,0.032258,0,0,0,0.032258,0,0,0,0.032258,0.032258,0,0.032258,0,0,0,0,0,0,0,0.064516,0.032258,0.032258,0,0,0,0.032258
0,0,0,0.066667,0,0,0,0,0,0,0,0,0,0,0,0,0,0,0,0,0,0,0.066667,0,0.066667,0,0,0,0,0,0,0,0,0.26667,0,0,0,0,0,0,0.066667,0.066667,0,0,0,0,0.066667,0,0,0.066667,0,0,0,0.066667,0,0,0,0,0,0,0,0.2,0,0
0.055556,0,0,0,0,0,0.055556,0,0,0.055556,0,0,0,0,0,0,0,0,0,0,0.055556,0,0,0,0,0,0,0,0,0,0.055556,0.055556,0,0,0,0,0.11111,0.055556,0,0,0.055556,0,0.055556,0,0,0.055556,0.055556,0,0,0,0,0.11111,0.055556,0,0,0.055556,0.055556,0,0,0,0,0,0,0
0,0,0,0,0,0,0.0625,0,0,0.0625,0.0625,0,0,0.0625,0,0,0,0,0.0625,0,0,0,0,0,0,0,0.0625,0,0.0625,0,0,0,0,0,0,0,0,0.125,0,0.0625,0,0.0625,0,0,0,0,0,0,0,0,0,0,0,0,0,0,0.0625,0.0625,0,0.1875,0,0,0,0
0,0,0.038462,0,0,0,0.15385,0.038462,0,0,0,0,0,0,0.11538,0,0,0,0.038462,0,0,0.11538,0.038462,0,0,0,0,0,0.038462,0,0,0,0,0,0,0.076923,0,0,0.038462,0,0,0.038462,0,0,0,0.038462,0,0,0,0,0,0,0,0.038462,0.038462,0,0.038462,0,0.038462,0,0.038462,0,0,0.038462
0,0,0,0,0,0,0,0,0,0.083333,0,0,0,0,0,0,0.083333,0,0,0,0,0.083333,0,0,0,0,0,0,0,0,0,0.16667,0,0,0,0,0,0,0,0.083333,0,0,0,0,0.083333,0,0,0,0,0,0.16667,0.083333,0,0,0,0,0,0.083333,0,0,0,0.083333,0,0
0,0,0.090909,0,0,0.090909,0,0,0,0,0,0,0,0,0,0,0.090909,0,0,0,0,0,0,0,0,0,0,0,0,0,0,0,0,0,0,0,0,0.090909,0,0.090909,0,0,0,0,0,0,0,0,0.090909,0,0,0,0.090909,0,0.090909,0,0,0.18182,0,0,0,0.090909,0,0
0.016667,0.033333,0.05,0,0.016667,0.033333,0.016667,0,0,0,0.033333,0,0.033333,0.016667,0.016667,0,0.083333,0.05,0.033333,0,0,0,0,0,0.066667,0,0,0,0,0.016667,0,0,0.016667,0,0.033333,0,0.083333,0.033333,0.016667,0.016667,0.05,0.016667,0,0,0.016667,0.016667,0.016667,0,0,0.016667,0.016667,0.016667,0.033333,0,0.016667,0,0,0.016667,0,0,0,0.016667,0,0.033333
0,0,0,0,0,0,0,0,0,0,0,0,0.090909,0,0,0,0,0.090909,0,0,0,0.090909,0,0,0,0.090909,0,0,0.090909,0,0,0,0,0,0,0,0,0,0,0,0.090909,0,0,0,0,0,0,0,0,0,0.090909,0,0,0,0.090909,0,0,0,0,0,0.090909,0.090909,0.090909,0
0,0,0,0,0.066667,0.066667,0,0,0,0,0,0.066667,0,0,0,0.066667,0,0,0,0,0,0.066667,0,0,0,0,0,0,0,0,0,0,0,0,0,0,0,0,0,0,0,0,0,0,0.066667,0,0,0,0.13333,0.066667,0.066667,0.066667,0,0,0,0,0,0,0,0.2,0,0,0,0.066667
0.12,0,0,0,0.04,0.04,0.04,0,0,0,0,0.04,0,0.12,0,0.08,0.04,0,0,0.04,0,0,0,0,0,0,0,0.04,0,0,0,0,0,0,0,0,0,0,0,0,0.04,0,0,0,0,0,0.04,0.04,0.04,0,0,0.04,0,0,0,0,0.04,0,0,0,0,0.04,0,0.12
0,0,0,0,0,0,0,0,0,0,0,0.066667,0,0,0.13333,0.066667,0,0,0,0,0,0,0,0,0.066667,0,0,0.066667,0,0,0,0,0,0,0,0,0,0,0,0,0,0,0,0,0,0,0.066667,0,0,0,0,0,0.13333,0,0,0,0.066667,0,0,0.066667,0,0.066667,0.066667,0.13333
0.0625,0.125,0,0.125,0,0,0,0,0,0,0,0,0,0,0,0,0.125,0.0625,0,0,0,0,0,0,0.0625,0,0,0,0,0,0,0.0625,0,0,0,0,0,0,0,0,0.0625,0,0,0.0625,0,0,0,0.0625,0,0,0.0625,0,0,0,0,0,0,0,0,0,0,0.125,0,0
0,0,0,0,0,0,0.1,0,0,0,0.1,0.1,0,0,0,0,0,0,0,0,0,0,0,0,0,0,0,0,0.1,0,0,0,0,0,0,0,0.1,0,0,0,0,0,0,0,0,0,0,0.1,0.1,0,0,0,0,0,0.1,0,0,0.1,0,0,0,0,0,0.1
0.016667,0,0,0.033333,0.016667,0.05,0.033333,0.016667,0.033333,0.016667,0,0.016667,0.05,0,0.083333,0.016667,0.016667,0,0.016667,0,0.016667,0.016667,0,0.016667,0,0,0,0,0,0.016667,0.033333,0.05,0.016667,0,0.016667,0.033333,0,0.016667,0,0,0.016667,0.016667,0.016667,0,0,0,0.016667,0.05,0.033333,0.033333,0,0.016667,0.016667,0,0,0.033333,0.016667,0.016667,0,0,0,0.033333,0.016667,0.016667
0.021739,0.043478,0.021739,0,0,0,0,0.021739,0.021739,0,0,0,0.065217,0.021739,0,0.021739,0.065217,0,0.021739,0.021739,0.021739,0.021739,0.043478,0,0,0.021739,0,0,0.043478,0,0.021739,0.043478,0.043478,0,0,0.021739,0.021739,0,0,0,0,0,0.021739,0,0.021739,0,0.021739,0,0.021739,0.021739,0.021739,0,0,0,0,0.021739,0.021739,0.021739,0.043478,0.021739,0.043478,0,0.021739,0.021739
0,0,0,0,0,0,0,0.076923,0,0,0,0.076923,0,0,0,0,0.23077,0,0,0,0,0,0,0.076923,0.076923,0,0,0,0.076923,0,0,0,0,0,0,0,0,0,0,0,0,0,0,0,0,0.076923,0.076923,0,0,0.076923,0,0,0,0.076923,0,0,0,0,0,0,0.076923,0,0,0
0.076923,0.076923,0,0,0.076923,0,0,0,0,0,0.076923,0,0,0.076923,0,0,0.076923,0,0,0,0,0,0,0,0,0,0,0,0,0,0,0,0.15385,0,0.076923,0,0,0,0,0.076923,0,0,0,0,0,0,0,0,0,0,0,0.076923,0.076923,0,0,0.076923,0,0,0,0,0,0,0,0
0.083333,0,0.083333,0.083333,0,0,0,0,0.083333,0,0,0,0,0,0,0,0.083333,0,0,0,0,0,0,0,0,0.083333,0,0,0,0.083333,0,0,0,0,0,0,0,0,0,0,0.083333,0,0,0,0,0,0,0,0.083333,0.083333,0,0,0,0,0,0,0,0.083333,0,0,0,0.083333,0,0
0,0.10526,0,0,0,0,0,0.052632,0,0,0,0,0.052632,0,0,0,0,0.052632,0,0,0,0,0,0,0,0,0,0,0,0,0,0,0,0,0.052632,0,0.052632,0.052632,0,0,0,0,0,0.052632,0,0.052632,0.10526,0,0.052632,0,0,0.052632,0,0,0,0,0,0.052632,0,0,0.052632,0.052632,0,0.10526
0.058824,0,0,0.058824,0,0,0.058824,0,0,0,0,0.058824,0.058824,0,0.11765,0,0,0,0,0,0,0,0,0,0.058824,0,0,0,0,0,0,0,0,0,0,0,0.11765,0,0,0,0,0,0,0.058824,0,0,0,0,0.11765,0,0,0.058824,0,0,0,0,0.058824,0,0,0.058824,0,0.058824,0,0
0.051724,0.017241,0,0.017241,0.017241,0,0,0.034483,0,0.017241,0,0.017241,0.034483,0,0.051724,0.017241,0,0,0.017241,0.034483,0.034483,0.051724,0,0.017241,0.017241,0.017241,0,0,0.017241,0.017241,0,0,0.017241,0.017241,0.017241,0,0.017241,0,0,0,0,0,0,0.017241,0.051724,0,0.034483,0.034483,0.034483,0.034483,0,0.051724,0.017241,0,0.017241,0,0.017241,0.034483,0,0.017241,0.017241,0,0.034483,0.017241
0,0,0,0,0.041667,0,0,0,0,0,0,0.041667,0,0,0.041667,0.041667,0,0,0,0,0.083333,0,0,0,0.041667,0,0.041667,0,0.041667,0,0.041667,0,0.041667,0,0,0,0,0,0.041667,0,0,0.041667,0,0,0,0,0.041667,0.083333,0.041667,0,0,0,0.041667,0.041667,0,0.041667,0.041667,0.041667,0,0,0,0.041667,0.041667,0
0.045455,0.090909,0,0.045455,0,0,0,0,0,0,0,0,0.045455,0.045455,0,0,0.045455,0,0,0,0.045455,0,0,0,0.045455,0.090909,0,0,0,0,0,0,0.045455,0.045455,0,0.090909,0,0,0.045455,0,0,0,0,0,0,0,0,0,0,0,0,0,0,0.045455,0,0,0.045455,0.090909,0,0.045455,0,0,0.045455,0
0.1,0,0,0,0.033333,0.066667,0.033333,0,0,0,0,0,0.033333,0,0.033333,0,0,0.066667,0,0,0,0,0.033333,0.033333,0,0,0,0,0.066667,0.033333,0,0,0.033333,0,0,0,0.033333,0,0.033333,0,0,0.033333,0,0,0.033333,0.033333,0,0,0,0,0,0.033333,0,0,0,0.066667,0.033333,0.033333,0,0,0,0.033333,0.033333,0.033333
0.030303,0,0.030303,0.060606,0,0.030303,0.12121,0,0,0,0.030303,0,0.030303,0.030303,0.030303,0.030303,0.030303,0.030303,0,0,0,0.060606,0.030303,0,0,0,0,0,0.030303,0.030303,0,0.030303,0.060606,0,0,0.030303,0,0,0,0,0,0,0,0,0,0,0.030303,0.030303,0,0.030303,0,0,0.030303,0,0,0,0.030303,0,0,0,0,0.060606,0.030303,0
0.04878,0.04878,0.02439,0,0,0.02439,0.02439,0,0.02439,0.02439,0,0,0.073171,0.02439,0,0.04878,0,0.02439,0,0,0.02439,0,0,0,0.073171,0.04878,0.02439,0,0.02439,0,0,0,0.02439,0,0,0.02439,0.02439,0,0.02439,0,0.02439,0,0,0.02439,0,0,0,0,0.04878,0.02439,0,0,0,0,0.04878,0,0,0.02439,0.02439,0,0.02439,0,0.02439,0.04878
0,0,0,0.071429,0,0,0,0,0,0,0,0,0,0,0.071429,0,0,0,0,0,0.071429,0.071429,0,0,0,0,0.21429,0,0,0,0,0,0,0,0,0,0,0.071429,0,0,0,0,0,0,0,0,0.14286,0.071429,0,0,0,0,0,0,0,0,0,0.071429,0,0.071429,0,0,0,0.071429
0,0,0,0.044444,0.088889,0.066667,0.022222,0.088889,0,0,0,0,0.022222,0.022222,0,0.066667,0.022222,0.088889,0,0,0,0,0,0.044444,0.022222,0,0,0,0.022222,0.022222,0,0,0,0,0,0,0.022222,0,0,0,0,0,0,0,0.022222,0,0,0,0,0.066667,0,0.066667,0,0.022222,0,0,0.022222,0,0,0,0.066667,0,0.066667,0
0.021277,0,0,0.042553,0.021277,0.021277,0,0.021277,0,0.021277,0,0.021277,0.021277,0,0,0.042553,0.021277,0,0.021277,0,0,0,0,0,0,0.021277,0,0.021277,0,0.021277,0,0.042553,0,0,0,0,0.042553,0.021277,0,0.021277,0.021277,0.021277,0,0.021277,0,0,0,0,0,0,0,0.021277,0.021277,0.021277,0,0.06383,0.021277,0,0,0.06383,0.042553,0.042553,0.085106,0.085106
0.22727,0,0,0.090909,0.045455,0,0,0,0,0,0,0.045455,0,0.13636,0.045455,0,0.045455,0,0,0,0.045455,0,0,0,0.090909,0,0,0,0,0,0,0,0.045455,0,0,0,0,0,0,0,0,0,0,0,0,0.045455,0,0,0,0,0,0,0.045455,0,0.045455,0,0,0,0,0,0,0,0.045455,0
0.045455,0.045455,0,0,0,0,0,0,0,0,0,0,0,0.045455,0.13636,0,0,0.045455,0.045455,0,0,0.045455,0,0,0,0.045455,0,0,0,0,0,0,0.045455,0,0,0.045455,0,0.045455,0,0,0,0.090909,0,0,0,0,0.045455,0,0,0,0,0.045455,0,0,0,0.045455,0.045455,0.045455,0,0.045455,0,0,0.045455,0
0,0,0.022222,0.044444,0.088889,0,0.022222,0,0,0.022222,0,0.022222,0.066667,0.022222,0.022222,0.022222,0,0.022222,0,0.022222,0.022222,0,0,0.022222,0.022222,0,0.022222,0,0,0,0,0.044444,0,0.022222,0,0,0.022222,0.022222,0,0,0.044444,0.044444,0,0,0.022222,0.022222,0,0.022222,0,0.022222,0.022222,0,0.022222,0.022222,0,0.022222,0,0,0.022222,0.044444,0,0,0.044444,0.022222
0.076923,0,0.025641,0.025641,0.025641,0,0.025641,0,0.025641,0.025641,0,0.025641,0.051282,0.025641,0.025641,0,0.025641,0,0.025641,0.025641,0.025641,0,0.025641,0,0.051282,0,0.025641,0.025641,0.025641,0,0.025641,0,0.025641,0,0,0,0.025641,0.025641,0,0,0,0,0.025641,0,0.025641,0.076923,0,0,0.025641,0,0,0.025641,0,0,0,0,0.025641,0.025641,0,0,0,0.025641,0.025641,0
0.018182,0,0.018182,0,0,0,0,0,0.018182,0,0,0.036364,0.018182,0.072727,0,0.018182,0,0,0,0,0.018182,0,0,0,0,0.018182,0.018182,0,0.054545,0.036364,0,0.036364,0.036364,0,0.054545,0,0,0,0.018182,0,0,0,0,0,0.036364,0,0,0.018182,0.054545,0,0.018182,0.036364,0,0,0.018182,0.072727,0.036364,0,0,0,0.036364,0.10909,0.018182,0.054545
0.17647,0,0,0,0,0.058824,0,0,0.058824,0,0,0,0,0,0,0,0,0,0.058824,0,0,0.058824,0.058824,0,0,0,0,0,0,0,0,0,0,0,0,0,0,0.058824,0.058824,0,0.058824,0,0,0,0,0,0.058824,0,0,0.058824,0,0,0.058824,0,0,0,0,0.058824,0,0.11765,0,0,0,0
0,0,0,0,0,0.0625,0,0,0,0.0625,0,0,0.0625,0,0,0,0,0,0,0,0,0,0,0.0625,0,0.0625,0.0625,0.0625,0,0.0625,0,0,0,0.0625,0,0,0,0.0625,0,0,0,0,0,0,0.0625,0,0,0,0,0,0,0,0,0,0,0,0,0.0625,0.0625,0,0.125,0,0,0.0625
0.025641,0,0.025641,0,0,0,0,0,0.025641,0.025641,0,0,0,0.051282,0,0.025641,0.051282,0,0.025641,0,0.051282,0,0.076923,0,0.025641,0.025641,0,0,0,0,0,0,0,0.025641,0,0,0.025641,0,0,0,0.025641,0.025641,0,0.025641,0.025641,0,0.025641,0.051282,0.025641,0,0.025641,0,0,0,0.025641,0,0.025641,0,0,0,0,0.025641,0.076923,0.12821
0.05,0.1,0,0.05,0.1,0.1,0,0,0,0,0,0,0.05,0,0,0,0.05,0,0,0,0,0.05,0.05,0,0.05,0,0,0,0,0,0.1,0,0,0,0.05,0,0.1,0,0,0,0,0,0,0,0,0,0,0,0,0,0.05,0,0,0,0,0,0,0,0,0.05,0,0,0,0
0.1,0,0,0,0,0.1,0,0,0.1,0.1,0,0,0,0,0,0,0,0,0,0.1,0,0,0,0,0.1,0,0,0,0,0.1,0,0,0,0,0,0,0,0,0,0,0,0,0,0,0,0,0,0,0,0,0,0,0,0,0,0,0.1,0,0,0,0.1,0.1,0,0
0.16667,0,0,0,0,0,0,0.083333,0,0.083333,0,0,0.16667,0.083333,0,0,0,0.083333,0,0,0,0,0,0,0,0,0,0,0,0.083333,0,0,0,0,0,0,0,0,0,0,0,0,0,0,0,0,0,0,0,0,0,0,0,0,0,0,0,0,0,0,0.25,0,0,0
0.047619,0,0,0,0,0,0,0,0,0.047619,0,0.047619,0.047619,0.047619,0.047619,0.095238,0,0.047619,0,0,0,0.047619,0,0,0,0.047619,0.047619,0,0,0,0,0.047619,0,0,0.047619,0,0.047619,0,0,0.047619,0,0.047619,0,0,0,0,0,0,0.047619,0,0,0,0.047619,0,0,0,0,0,0,0.047619,0,0,0,0.047619
0.014925,0,0.014925,0,0.1791,0.014925,0.044776,0.029851,0.014925,0,0,0,0.10448,0.014925,0.014925,0.029851,0.029851,0,0.029851,0,0,0,0.014925,0,0.029851,0,0,0.029851,0,0,0,0,0,0,0,0,0.10448,0.029851,0,0.014925,0,0,0,0,0.014925,0.014925,0.014925,0.044776,0,0,0,0,0.014925,0,0,0,0.014925,0.014925,0,0,0.059701,0.014925,0,0.029851
0,0,0.076923,0,0,0.076923,0,0,0,0,0,0,0,0.076923,0,0,0,0,0,0,0,0.076923,0.076923,0,0,0,0,0,0,0,0.076923,0,0,0.076923,0,0,0,0,0.076923,0,0,0,0,0,0,0,0.076923,0,0,0,0,0,0,0,0,0,0.076923,0.15385,0,0,0.076923,0,0,0
0.025974,0,0.012987,0.012987,0,0.012987,0.025974,0.012987,0.038961,0.012987,0,0,0,0,0.025974,0.012987,0.025974,0,0.012987,0.012987,0.025974,0.025974,0,0,0.012987,0.012987,0,0.038961,0.025974,0.025974,0.025974,0.012987,0.012987,0,0.012987,0.012987,0.038961,0.025974,0.012987,0,0,0.012987,0,0,0,0.025974,0.012987,0.038961,0.025974,0.012987,0,0.012987,0.025974,0,0.025974,0.025974,0,0.051948,0,0.038961,0.038961,0.012987,0.025974,0.038961
0,0.15,0,0,0,0,0,0,0,0.05,0,0.2,0,0,0,0,0,0,0,0,0,0,0,0,0.05,0,0,0.05,0,0,0,0,0.1,0,0.05,0,0,0,0,0,0.2,0,0,0.05,0,0,0,0,0,0,0.05,0,0,0,0,0,0,0.05,0,0,0,0,0,0
0,0,0.02439,0.04878,0,0,0,0,0,0,0,0,0,0,0.02439,0.073171,0.073171,0.02439,0.02439,0,0,0,0.02439,0,0.04878,0,0.073171,0,0.02439,0.02439,0.02439,0.04878,0,0,0,0,0.02439,0.02439,0.097561,0.02439,0.02439,0.02439,0,0,0,0,0.02439,0,0,0,0,0,0,0.02439,0,0.02439,0.02439,0.02439,0,0.02439,0,0.04878,0,0.02439
0.04,0,0.04,0.04,0,0.04,0.04,0,0,0.04,0.04,0.04,0.04,0,0,0,0,0.04,0,0,0,0,0.04,0,0,0,0.04,0.08,0,0.04,0.04,0,0.04,0,0,0,0,0,0,0,0.04,0,0.08,0,0,0,0,0,0,0.04,0,0,0.04,0,0,0,0.04,0.04,0,0.04,0,0,0,0
0,0,0,0,0,0.03125,0,0.03125,0,0,0,0.0625,0,0.03125,0,0,0,0,0.03125,0.03125,0,0,0.03125,0,0.03125,0,0,0.0625,0,0.09375,0.09375,0.03125,0,0,0,0,0,0,0,0.03125,0,0,0,0,0.03125,0,0.09375,0,0.03125,0,0,0,0,0.03125,0,0.03125,0.03125,0,0,0.15625,0,0,0,0
0,0.018519,0,0.018519,0.037037,0,0.037037,0.018519,0,0.018519,0,0,0.055556,0.037037,0.018519,0.018519,0.037037,0.018519,0,0.074074,0.018519,0,0.055556,0.018519,0,0.055556,0,0.055556,0,0,0,0.018519,0.018519,0.018519,0,0,0,0.018519,0.018519,0.018519,0.018519,0.018519,0,0,0,0,0.037037,0,0.018519,0,0,0.018519,0.018519,0.018519,0,0,0,0,0.018519,0.074074,0,0.018519,0,0.018519
0,0.027778,0,0.027778,0,0,0,0.027778,0.027778,0.027778,0,0,0.055556,0,0,0,0,0.027778,0.027778,0.027778,0.027778,0,0.027778,0,0.055556,0.027778,0.027778,0,0,0,0.027778,0,0.055556,0,0,0,0,0.055556,0,0,0,0.027778,0,0,0.027778,0.027778,0.027778,0,0.055556,0,0,0.055556,0,0.055556,0,0,0,0,0,0.027778,0,0,0.055556,0.055556
0.032258,0.032258,0.032258,0.032258,0,0,0,0,0,0.064516,0.032258,0,0,0.032258,0.032258,0.032258,0.064516,0,0,0.032258,0,0.032258,0.032258,0,0,0.032258,0,0,0,0,0,0,0,0,0.032258,0,0,0.096774,0.032258,0,0,0,0,0,0,0.032258,0,0,0.032258,0,0,0,0,0,0.032258,0,0.032258,0.032258,0,0.032258,0.064516,0,0.064516,0
0.052632,0.078947,0.026316,0,0.052632,0,0,0,0,0,0.052632,0,0,0,0,0,0.078947,0,0,0.026316,0,0,0,0.078947,0,0.026316,0,0,0,0.026316,0.026316,0,0.052632,0,0,0,0,0.026316,0.052632,0,0.052632,0.026316,0,0.026316,0,0,0,0.026316,0.078947,0,0,0,0,0.026316,0.026316,0.026316,0.026316,0.026316,0,0,0,0,0,0
0.045455,0,0,0,0,0,0,0,0,0,0,0,0,0.045455,0,0.090909,0.045455,0,0.090909,0,0,0.045455,0.090909,0,0,0,0,0,0,0.090909,0.045455,0,0,0,0.045455,0,0,0.045455,0.045455,0,0,0,0,0,0.045455,0,0.045455,0,0.045455,0,0,0,0.045455,0,0,0,0,0,0,0,0.045455,0.045455,0,0
0.027027,0,0.027027,0.027027,0.027027,0.027027,0,0,0,0,0,0,0,0,0.027027,0,0.054054,0.027027,0.027027,0.027027,0.027027,0,0.027027,0,0,0.081081,0,0,0,0,0.10811,0,0,0,0,0,0,0,0,0,0.027027,0,0,0,0,0,0.054054,0,0,0,0.027027,0,0.027027,0,0.027027,0.027027,0.027027,0.027027,0,0,0,0,0.21622,0
0.090909,0.060606,0,0.030303,0.030303,0.090909,0,0,0,0.030303,0,0.030303,0.060606,0.030303,0,0.030303,0.060606,0.030303,0.030303,0,0.060606,0.060606,0.030303,0,0,0.030303,0,0,0,0,0,0,0.030303,0,0.030303,0,0.030303,0.030303,0.030303,0,0,0,0,0,0,0,0,0,0,0,0.030303,0,0,0,0,0,0,0.030303,0,0,0,0,0,0
0,0.10714,0,0.035714,0,0,0,0,0,0.071429,0,0,0,0.035714,0,0,0.071429,0,0.071429,0.035714,0.035714,0,0,0,0,0,0,0,0,0,0,0,0,0,0,0,0,0,0.035714,0,0,0.035714,0,0.035714,0,0.071429,0.035714,0,0.035714,0,0,0,0,0,0.071429,0,0.035714,0.071429,0.071429,0,0.035714,0,0,0
0.15385,0,0,0,0,0.076923,0,0,0,0,0,0.15385,0,0,0,0,0.15385,0,0,0,0,0,0,0,0,0,0,0.076923,0,0,0,0,0,0,0,0,0.076923,0,0,0,0,0,0,0,0,0,0.076923,0,0.076923,0,0,0,0,0,0,0,0,0,0,0,0.076923,0,0.076923,0
0,0,0,0,0.058824,0,0,0,0,0,0,0,0,0,0,0,0,0,0,0,0,0.058824,0,0,0,0.11765,0,0.058824,0,0.11765,0,0.058824,0,0,0,0,0,0,0,0.058824,0,0,0,0,0,0,0.11765,0,0,0,0,0,0,0,0.058824,0.11765,0,0,0.058824,0.058824,0,0,0,0.058824
0.11765,0,0.17647,0.058824,0,0,0,0,0,0.058824,0,0,0,0,0,0.058824,0,0,0,0,0.058824,0,0,0,0,0,0,0,0,0,0.058824,0,0.058824,0,0,0,0,0,0.058824,0,0,0,0,0,0,0,0,0,0.11765,0,0,0,0,0,0,0,0,0.11765,0,0,0,0,0,0.058824
0.16,0,0.04,0,0,0,0,0,0.08,0,0,0,0,0,0,0.04,0,0,0,0,0,0,0,0,0.08,0,0,0,0,0.04,0,0,0.04,0,0.04,0.08,0.12,0,0.04,0,0,0,0,0,0,0,0.08,0,0,0,0,0,0,0,0.04,0.04,0,0.04,0,0,0,0,0.04,0
0.03125,0,0,0.03125,0,0,0.03125,0.03125,0,0,0,0.03125,0,0,0,0.03125,0,0.03125,0,0,0,0,0,0,0.03125,0.0625,0,0.03125,0,0,0,0.03125,0,0,0,0,0,0.03125,0.03125,0.03125,0,0,0,0,0,0,0,0,0,0,0,0,0.03125,0,0.03125,0,0.03125,0.03125,0,0,0.03125,0.0625,0.0625,0.25
0,0,0,0,0,0,0,0,0,0,0,0,0,0,0,0.076923,0,0,0,0.076923,0.076923,0,0,0,0.076923,0.15385,0.076923,0,0,0,0,0,0.076923,0,0,0.076923,0,0,0,0,0,0,0,0,0,0.076923,0,0,0,0,0,0,0,0.076923,0,0,0,0.076923,0,0,0,0.076923,0,0
0,0,0,0,0,0,0,0,0,0,0,0,0,0,0,0,0,0,0,0.058824,0,0,0,0,0,0.23529,0.11765,0,0,0,0.058824,0.058824,0,0,0,0,0,0,0,0,0,0.058824,0,0,0,0.058824,0,0,0,0.058824,0,0,0,0.058824,0,0,0,0,0,0.11765,0.058824,0,0,0.058824
0.083333,0,0,0,0.083333,0.041667,0,0,0,0.041667,0.041667,0.041667,0,0.083333,0.041667,0,0,0,0,0.083333,0.041667,0,0,0,0.041667,0,0.041667,0,0.041667,0,0.041667,0,0,0,0,0,0.041667,0,0.041667,0,0,0,0.083333,0,0,0,0,0,0,0,0,0,0.041667,0,0,0,0,0,0,0,0.041667,0,0,0
0.035714,0.011905,0.02381,0.035714,0.011905,0.011905,0.011905,0,0.011905,0.011905,0,0,0.035714,0.035714,0.011905,0.02381,0.035714,0.011905,0.011905,0.02381,0,0,0,0.011905,0.02381,0,0,0.011905,0,0,0,0.02381,0.011905,0,0.02381,0.011905,0.02381,0,0.011905,0,0.059524,0.011905,0,0,0.011905,0,0.13095,0,0.02381,0.035714,0,0.071429,0.02381,0,0.02381,0,0.02381,0.02381,0,0.02381,0,0.011905,0,0.011905
0,0,0,0.090909,0,0.090909,0,0,0.090909,0,0,0,0,0,0,0,0.090909,0,0,0.090909,0.090909,0,0,0.090909,0,0,0,0,0,0,0,0,0,0,0,0,0,0,0,0,0,0,0,0,0,0,0.18182,0,0.090909,0,0,0,0,0,0,0,0,0,0,0.090909,0,0,0,0
0.071429,0,0,0,0.071429,0,0,0,0,0,0,0,0.14286,0,0,0,0,0,0.071429,0,0,0,0,0.071429,0,0,0,0,0,0,0,0,0,0,0,0,0,0.071429,0,0,0,0,0,0,0,0,0,0,0,0,0,0.14286,0.14286,0.071429,0,0,0,0,0,0,0,0,0,0.14286
0.037037,0.037037,0,0,0,0,0.037037,0,0,0,0,0,0,0,0,0,0,0,0,0,0,0.037037,0,0,0.037037,0.037037,0,0,0,0.037037,0,0.037037,0.037037,0,0,0,0,0.074074,0.11111,0.037037,0.037037,0.037037,0,0,0.037037,0,0.037037,0,0,0,0,0.074074,0,0,0,0,0,0.074074,0.037037,0.037037,0,0.074074,0,0
0,0.038462,0,0.038462,0.038462,0.038462,0,0,0,0.11538,0,0,0.038462,0.038462,0,0,0.038462,0.076923,0.038462,0,0,0.038462,0,0,0.076923,0,0,0,0,0,0,0,0.076923,0,0.038462,0,0,0,0,0,0,0,0,0,0,0,0.038462,0,0.038462,0,0.038462,0,0.038462,0.038462,0.038462,0,0,0,0,0,0,0,0.038462,0
0.037037,0,0,0.037037,0.037037,0,0,0,0,0,0,0,0.074074,0.11111,0.14815,0,0,0.074074,0,0.074074,0,0.037037,0,0,0,0,0.037037,0,0,0,0.037037,0,0,0,0,0,0,0,0,0,0,0,0,0,0,0,0.037037,0,0.037037,0.037037,0,0.037037,0,0,0,0,0,0.11111,0,0,0,0,0,0.037037
0.061728,0.037037,0.012346,0.024691,0,0.012346,0.012346,0,0.012346,0,0,0.012346,0.012346,0,0,0.061728,0.012346,0,0.037037,0.061728,0.074074,0.012346,0,0.024691,0.024691,0,0.012346,0,0.037037,0.012346,0.012346,0,0,0,0,0,0.037037,0.012346,0.012346,0,0,0,0,0,0.024691,0.012346,0.024691,0,0.037037,0.037037,0,0.024691,0.012346,0,0.049383,0.012346,0,0.012346,0,0.024691,0,0.024691,0.049383,0.012346
0,0.035714,0.035714,0,0.035714,0,0,0.035714,0.035714,0,0,0.071429,0,0,0,0,0,0,0.035714,0,0.035714,0.035714,0,0.035714,0,0,0.071429,0,0,0,0,0.035714,0,0.035714,0,0.035714,0,0.035714,0,0,0,0,0,0.071429,0,0,0.071429,0,0.071429,0,0.035714,0,0,0,0,0,0,0,0.071429,0.035714,0.035714,0,0,0
0.04,0.02,0,0.04,0.06,0,0.04,0,0,0.02,0,0.02,0.08,0.02,0,0,0,0,0.02,0.04,0,0,0,0,0,0,0.02,0,0,0.02,0,0,0.02,0,0,0,0.02,0,0,0,0.02,0.04,0.04,0.02,0,0.02,0,0,0.06,0.02,0.02,0,0.02,0.06,0,0,0,0.08,0.02,0.02,0,0.02,0.04,0.02
0,0,0,0,0,0,0,0,0,0,0,0,0,0.025,0,0,0,0,0,0,0,0,0.025,0.025,0,0.05,0.025,0.075,0.025,0.025,0.025,0.025,0,0.025,0,0,0,0.025,0,0.025,0,0,0,0,0.025,0.1,0,0.075,0,0,0,0,0,0.025,0.125,0,0,0,0,0.1,0,0.05,0.05,0.05
0,0,0,0,0.19231,0.038462,0.038462,0,0.076923,0,0,0,0.038462,0.038462,0,0,0.038462,0.19231,0,0,0.076923,0,0,0,0.038462,0.038462,0,0,0,0,0,0,0,0.038462,0.038462,0,0.038462,0,0,0,0,0.038462,0,0,0,0,0,0,0,0,0,0,0,0,0,0,0.038462,0,0,0,0,0,0,0
0.16667,0,0.083333,0.16667,0.083333,0,0.083333,0,0,0,0,0,0,0.083333,0,0,0,0,0,0,0,0,0,0,0,0,0,0,0.083333,0.083333,0,0,0.083333,0,0,0,0,0,0,0,0,0,0,0,0,0,0.083333,0,0,0,0,0,0,0,0,0,0,0,0,0,0,0,0,0
0,0,0,0,0,0,0,0,0,0,0.071429,0,0,0.071429,0,0,0.14286,0,0,0,0,0,0.071429,0,0,0,0.071429,0,0.071429,0,0,0.071429,0,0,0,0,0,0,0,0,0,0,0,0,0,0,0,0,0.071429,0,0.071429,0,0.071429,0,0,0,0,0,0,0.071429,0.071429,0,0,0.071429
0,0,0,0,0.045455,0,0,0,0,0.045455,0,0,0,0,0,0,0,0.045455,0,0.045455,0,0,0,0,0.045455,0,0.045455,0.045455,0,0,0.045455,0.045455,0,0,0,0,0,0.045455,0.045455,0,0,0.045455,0,0,0,0,0,0,0.045455,0,0,0,0,0.045455,0,0,0,0.090909,0,0.045455,0.045455,0,0,0.18182
0.066667,0.066667,0,0,0,0,0,0,0,0,0,0,0,0,0,0,0,0,0.066667,0,0,0,0,0,0,0.066667,0,0,0,0,0.066667,0,0,0.066667,0,0.066667,0.066667,0.066667,0,0,0.066667,0,0,0,0.066667,0,0,0,0,0,0,0.066667,0,0,0.13333,0.066667,0,0,0,0,0,0,0,0
0.2381,0,0,0,0,0,0,0,0,0.047619,0,0,0.047619,0.047619,0,0,0,0.047619,0,0,0,0,0,0,0,0,0,0,0.047619,0,0,0.095238,0.047619,0,0,0,0,0,0.047619,0,0,0,0.047619,0,0,0,0,0,0,0,0,0.047619,0,0,0.047619,0.047619,0.047619,0,0,0,0.047619,0,0,0.047619
0,0,0,0,0,0,0,0.125,0,0,0,0,0.125,0,0,0.125,0,0.125,0,0,0.125,0,0,0,0,0,0,0,0,0,0.125,0,0,0,0,0,0,0,0,0,0,0,0,0,0,0,0,0,0,0,0,0.125,0,0,0,0,0,0,0,0,0,0.125,0,0
0.045455,0,0,0,0.045455,0,0.045455,0,0,0,0,0,0.045455,0,0,0.090909,0,0,0,0,0,0,0,0,0,0,0,0.045455,0,0,0.090909,0,0,0,0,0,0.090909,0,0.045455,0,0,0,0,0,0,0,0.090909,0,0.045455,0,0,0.045455,0,0,0,0.045455,0.090909,0,0,0,0,0,0.090909,0.045455
0.088889,0.044444,0,0.044444,0.022222,0.022222,0,0,0,0,0,0,0.044444,0,0.044444,0.022222,0.044444,0,0,0.022222,0.022222,0,0,0,0,0.022222,0,0.044444,0,0,0.044444,0.022222,0,0.022222,0.022222,0,0.044444,0,0.022222,0,0,0,0,0,0.022222,0,0.022222,0.066667,0.022222,0,0,0.022222,0.022222,0,0.022222,0.022222,0.022222,0,0,0,0,0.022222,0.044444,0.022222
0.04878,0,0,0.02439,0,0,0,0,0.04878,0.02439,0,0.02439,0,0.02439,0,0,0.12195,0.02439,0.29268,0.073171,0,0,0,0,0.04878,0,0.02439,0,0,0,0.02439,0,0,0,0,0,0.073171,0,0,0,0,0,0,0,0,0,0,0,0,0,0.02439,0,0,0.02439,0,0,0.02439,0.02439,0,0,0.02439,0,0,0
0.043478,0.043478,0.043478,0,0.043478,0.043478,0.043478,0.043478,0.086957,0.043478,0,0,0.043478,0,0,0,0,0.043478,0.086957,0,0,0,0,0,0,0.043478,0.043478,0,0,0,0,0,0,0,0,0,0,0,0.043478,0,0.043478,0,0,0,0,0,0.043478,0,0,0,0,0.043478,0,0,0.043478,0,0.043478,0,0,0,0,0,0,0.043478
0.16667,0.033333,0,0,0.066667,0,0,0.033333,0,0,0,0,0.1,0.066667,0.033333,0,0.033333,0,0,0,0,0,0,0.033333,0,0,0,0.033333,0.033333,0,0,0.033333,0.033333,0,0.033333,0,0,0,0,0,0,0,0,0,0.033333,0,0.033333,0.033333,0.066667,0,0,0,0,0,0.033333,0,0,0,0.033333,0,0.033333,0,0,0
0.071429,0.071429,0.02381,0.047619,0.11905,0,0,0,0.02381,0,0,0,0.02381,0,0.02381,0.02381,0,0,0,0,0.02381,0.02381,0,0,0.02381,0.02381,0,0.02381,0,0,0.02381,0,0.02381,0.047619,0.047619,0,0,0.02381,0,0.02381,0,0,0,0,0,0.02381,0.02381,0,0.047619,0.02381,0.02381,0.02381,0,0.02381,0,0,0.02381,0,0,0,0,0,0,0.047619
0,0,0,0,0,0.11111,0,0,0.055556,0,0,0,0,0,0,0.055556,0.055556,0.055556,0.11111,0,0,0,0,0,0,0,0.055556,0,0,0,0,0,0,0,0,0.11111,0.055556,0,0,0.055556,0.055556,0,0,0.055556,0,0,0,0,0.11111,0.055556,0,0,0,0,0,0,0,0,0,0,0,0,0,0
0.14286,0,0.047619,0,0,0,0,0,0,0,0,0,0,0,0,0.047619,0,0.095238,0,0,0,0,0,0,0.095238,0.047619,0,0,0,0.047619,0,0.047619,0,0.047619,0,0,0.047619,0,0,0,0,0.047619,0,0,0,0,0,0.047619,0,0,0,0,0,0,0.047619,0.047619,0.047619,0,0,0,0.047619,0,0.047619,0
0,0.083333,0,0.16667,0.083333,0,0,0,0,0,0,0,0,0,0,0,0,0,0,0,0,0,0,0,0,0,0,0,0,0,0,0.083333,0,0,0,0,0,0,0.083333,0.083333,0,0,0,0,0,0,0,0,0,0.16667,0,0,0,0,0.083333,0,0,0,0,0,0,0.083333,0.083333,0
0,0,0,0,0,0.071429,0.071429,0,0,0,0,0,0,0,0,0,0.071429,0.071429,0,0,0,0,0,0,0,0,0.071429,0,0.071429,0,0,0,0,0,0,0,0.071429,0,0,0,0,0,0,0,0,0,0,0.071429,0,0,0,0.071429,0.071429,0.071429,0,0.071429,0,0.071429,0,0,0,0,0.071429,0
0.081081,0,0.081081,0.027027,0,0,0,0,0,0.054054,0,0,0.027027,0,0.054054,0.027027,0.054054,0,0,0.027027,0,0,0,0,0,0.027027,0,0,0,0,0,0,0,0,0.054054,0,0.081081,0,0,0,0,0,0,0,0.054054,0,0,0,0,0,0.027027,0.027027,0,0,0,0,0.054054,0,0.054054,0.027027,0.081081,0,0,0.081081
0.076923,0,0,0,0,0,0,0,0,0.076923,0,0,0,0.15385,0,0,0,0,0,0,0,0,0,0,0,0,0,0,0,0,0.076923,0,0,0,0,0,0.076923,0,0.076923,0.15385,0,0,0.076923,0.076923,0,0,0,0,0,0,0,0,0,0,0,0,0,0.076923,0,0,0.076923,0,0,0
0,0,0,0.090909,0,0,0,0,0,0,0,0,0.090909,0.090909,0,0.090909,0,0.090909,0,0,0,0,0,0,0,0,0,0,0,0,0,0,0,0,0,0,0,0,0,0,0,0,0,0,0,0,0,0,0,0,0,0,0,0,0,0,0,0.090909,0.090909,0,0.090909,0,0,0.27273
0,0,0,0.030303,0,0,0,0,0.030303,0.060606,0,0.030303,0.030303,0,0,0.030303,0,0.030303,0,0.090909,0,0,0,0,0,0.030303,0,0,0,0.030303,0.060606,0.030303,0,0,0.030303,0.030303,0,0.030303,0,0,0.030303,0,0,0.030303,0,0,0,0.060606,0.030303,0,0,0.030303,0,0.030303,0,0.060606,0,0,0,0.030303,0,0.060606,0.030303,0.030303
0.076923,0,0,0.15385,0,0.076923,0,0.076923,0,0,0,0,0,0,0,0,0,0,0,0,0,0,0,0.076923,0,0,0,0,0,0,0,0,0,0,0,0,0,0,0,0,0,0,0,0,0,0,0,0,0.076923,0.076923,0,0,0,0.076923,0,0,0,0,0,0,0.15385,0.076923,0,0.076923
0.061224,0.020408,0,0,0.020408,0,0,0.020408,0.020408,0.040816,0,0,0,0.020408,0.040816,0,0,0.020408,0,0.020408,0.040816,0.020408,0,0,0.040816,0.020408,0,0.020408,0.020408,0,0.081633,0,0.020408,0,0,0,0,0,0,0,0.040816,0,0,0.020408,0,0.040816,0.020408,0.020408,0.040816,0.020408,0.020408,0,0,0,0,0,0.020408,0.040816,0,0.040816,0.020408,0.040816,0.040816,0.020408
0.11538,0,0,0.038462,0.038462,0,0,0,0.038462,0.038462,0,0,0,0.038462,0,0,0,0.11538,0,0,0,0,0,0,0.038462,0,0.038462,0,0.038462,0,0,0,0.038462,0,0,0,0.038462,0,0,0,0,0.038462,0,0.038462,0,0,0,0,0.038462,0.11538,0,0,0.038462,0.038462,0,0.038462,0,0,0,0,0,0,0,0.038462
0,0,0,0.055556,0.055556,0,0,0,0,0,0.055556,0,0,0,0,0,0.11111,0,0,0.055556,0.055556,0,0.055556,0,0,0,0,0.11111,0,0,0.055556,0,0,0,0,0,0,0,0,0,0.055556,0,0,0,0.055556,0,0,0,0,0.055556,0,0,0,0.055556,0.055556,0,0,0,0,0.055556,0,0,0.055556,0
0,0,0,0,0.15,0,0,0.05,0,0,0,0,0.05,0,0,0,0,0,0.05,0,0,0,0.05,0,0,0.1,0,0,0,0,0.05,0,0.05,0,0,0.1,0.05,0,0,0.05,0,0.05,0,0,0.05,0,0,0,0,0,0,0.05,0.05,0,0,0,0,0,0,0,0,0,0,0.05
0,0,0,0,0,0,0,0,0.045455,0.090909,0.090909,0,0,0.045455,0.045455,0,0,0,0.045455,0,0,0,0.045455,0,0,0,0.045455,0.045455,0,0,0,0,0,0,0,0,0.045455,0,0,0.045455,0,0,0.045455,0.045455,0,0.045455,0,0,0,0,0.045455,0,0.045455,0,0,0,0,0.090909,0,0,0,0,0,0.090909
0.053571,0.017857,0,0,0.017857,0,0,0,0,0.017857,0.017857,0,0.035714,0.053571,0.017857,0.017857,0.017857,0,0,0,0.035714,0,0,0.035714,0,0,0,0.035714,0,0,0.017857,0,0,0.017857,0,0,0.035714,0.071429,0.071429,0.017857,0,0,0,0.035714,0.017857,0,0,0.071429,0.035714,0.035714,0.035714,0.053571,0.017857,0,0.035714,0,0,0,0.017857,0,0,0,0,0.035714
0,0,0.125,0,0,0,0,0.0625,0,0,0,0,0,0,0,0,0,0.0625,0,0,0.0625,0.0625,0,0,0,0,0,0,0,0.0625,0,0.0625,0,0,0,0,0,0,0,0,0,0,0,0,0,0,0.0625,0,0.0625,0,0,0,0,0.0625,0,0.0625,0.0625,0,0,0,0,0,0,0.1875
0.032258,0,0.064516,0,0,0,0,0,0,0.032258,0,0,0.064516,0,0,0.032258,0,0,0,0,0,0.032258,0.032258,0,0.032258,0,0.032258,0,0,0,0,0.032258,0,0,0,0,0.032258,0,0,0.032258,0.032258,0,0,0,0,0.032258,0.032258,0.064516,0,0,0,0.032258,0,0,0,0,0,0,0.032258,0.064516,0,0.032258,0.12903,0.096774
0,0,0,0,0,0,0,0,0,0,0.090909,0,0,0,0,0,0,0,0,0,0.090909,0,0,0,0,0,0,0,0,0.18182,0,0,0,0,0,0,0.090909,0.090909,0,0,0.090909,0,0.18182,0,0,0,0.090909,0,0.090909,0,0,0,0,0,0,0,0,0,0,0,0,0,0,0
0,0.071429,0,0,0,0,0,0,0,0,0,0.071429,0,0,0,0.14286,0,0,0,0,0.071429,0,0,0,0,0,0,0,0,0,0,0,0,0,0,0,0,0,0,0,0,0.071429,0,0,0.14286,0,0,0,0,0,0,0,0.071429,0,0.071429,0,0,0,0,0.071429,0,0.071429,0,0.14286
0,0,0,0.1,0.1,0,0,0.1,0,0.1,0,0,0,0,0,0,0,0,0,0,0.1,0,0,0,0,0.1,0,0,0.1,0,0,0,0.1,0,0,0,0,0,0.1,0,0,0,0,0,0,0.1,0,0,0,0,0,0,0,0,0,0,0,0,0,0,0,0,0,0
0.021739,0.021739,0.021739,0,0,0,0.021739,0.021739,0,0.021739,0.021739,0.021739,0,0,0.021739,0,0.043478,0.021739,0.021739,0.065217,0.021739,0.043478,0,0,0,0.086957,0,0,0.021739,0,0,0,0,0,0,0.021739,0,0,0.065217,0.043478,0.021739,0.021739,0,0.043478,0,0,0,0,0,0.043478,0,0,0.021739,0,0,0,0.021739,0,0,0.043478,0,0.065217,0,0.065217
0,0,0.066667,0,0,0,0.066667,0,0,0.066667,0,0,0.066667,0,0,0,0,0,0,0,0,0,0,0,0,0,0.066667,0,0,0,0,0,0.066667,0,0,0,0,0,0,0,0,0,0,0.066667,0,0.066667,0.066667,0,0,0,0,0.066667,0,0,0.066667,0.13333,0,0,0,0.066667,0,0,0,0.066667
0,0,0,0,0,0.083333,0,0,0,0.083333,0,0,0,0,0,0,0,0,0,0,0,0,0,0,0,0,0,0.16667,0,0,0,0,0,0,0.083333,0,0,0,0.083333,0.083333,0,0.083333,0,0,0,0,0,0,0,0,0,0,0,0,0,0,0,0.083333,0,0,0.083333,0,0.083333,0.083333
0.2,0,0,0,0,0.066667,0,0,0,0,0,0.066667,0,0,0,0,0.13333,0,0.066667,0,0,0,0.066667,0,0,0,0,0,0,0,0.066667,0,0,0,0,0,0,0,0,0.066667,0,0,0.066667,0,0.066667,0,0.13333,0,0,0,0,0,0,0,0,0,0,0,0,0,0,0,0,0
0.017544,0.017544,0.017544,0.017544,0,0,0,0.017544,0,0,0,0.017544,0.035088,0.017544,0.017544,0.017544,0.035088,0,0.017544,0.017544,0.017544,0.017544,0.017544,0,0,0.017544,0.070175,0.017544,0,0.035088,0.017544,0.017544,0,0,0,0.017544,0.035088,0,0.070175,0,0,0,0,0.017544,0,0,0.052632,0.017544,0,0.017544,0,0.017544,0,0,0,0.070175,0,0.052632,0,0.035088,0.017544,0.017544,0.017544,0.052632
0,0,0,0.035714,0,0,0,0,0.071429,0,0.035714,0,0,0,0,0.035714,0,0.035714,0,0,0,0,0,0,0,0.035714,0.035714,0,0,0,0.035714,0.035714,0.035714,0,0,0,0.035714,0,0.035714,0.035714,0.035714,0,0.035714,0.035714,0,0,0.035714,0,0.035714,0,0,0.035714,0,0,0,0,0,0,0.035714,0.071429,0,0.071429,0.035714,0.071429
0,0.041667,0.125,0,0.29167,0,0,0,0,0,0,0,0.041667,0,0,0,0.041667,0.083333,0.041667,0,0,0,0,0,0,0,0,0,0.041667,0.041667,0,0,0.041667,0,0,0,0.041667,0,0,0,0,0,0,0,0.083333,0,0.041667,0,0.041667,0,0,0,0,0,0,0,0,0,0,0,0,0,0,0
0.016949,0.033898,0.016949,0,0.016949,0,0.016949,0,0.016949,0.033898,0,0.016949,0.016949,0.033898,0,0.016949,0.033898,0.10169,0,0.033898,0.016949,0.033898,0.016949,0,0.033898,0.016949,0,0,0,0,0,0,0,0.016949,0.033898,0.033898,0.033898,0,0,0.033898,0.033898,0.033898,0,0,0,0.033898,0.016949,0,0,0.016949,0.016949,0.016949,0.016949,0.016949,0.033898,0,0,0.016949,0.033898,0,0.016949,0,0,0.016949
0.029412,0.044118,0.014706,0.014706,0.044118,0,0,0,0.058824,0.029412,0,0.088235,0.014706,0.029412,0,0,0.029412,0.044118,0.029412,0.014706,0,0.029412,0,0,0.029412,0.044118,0.014706,0,0,0.088235,0.044118,0.014706,0,0,0.014706,0.014706,0.014706,0,0.014706,0,0,0.014706,0,0.014706,0.014706,0,0,0.029412,0,0,0.014706,0,0,0,0.014706,0,0.029412,0,0.029412,0,0,0.014706,0,0.014706
0,0,0,0.018182,0.054545,0.018182,0.018182,0.018182,0.018182,0.036364,0.018182,0,0,0.036364,0.018182,0.018182,0.036364,0.072727,0,0.054545,0.018182,0.018182,0.036364,0,0,0.018182,0,0,0,0.036364,0,0.018182,0.036364,0.036364,0,0.018182,0.018182,0.018182,0,0,0,0.036364,0,0.018182,0,0.018182,0.018182,0.036364,0.018182,0,0,0,0,0.036364,0,0,0,0.054545,0,0,0.018182,0.018182,0,0.018182
0,0,0.036364,0,0,0.036364,0,0,0.054545,0.036364,0.018182,0,0,0,0,0.018182,0.018182,0,0.054545,0.036364,0.054545,0,0,0.018182,0.018182,0,0,0.018182,0.018182,0.018182,0.036364,0.018182,0.018182,0,0.036364,0.018182,0,0.036364,0.018182,0.018182,0.018182,0.018182,0.018182,0,0,0.018182,0.018182,0.018182,0.018182,0,0,0,0.018182,0.018182,0.036364,0.018182,0.018182,0.018182,0.036364,0.036364,0,0,0,0.018182
0.071429,0,0,0,0.071429,0,0,0,0,0.071429,0,0,0,0.071429,0.14286,0,0,0,0.071429,0,0,0,0,0,0,0,0,0,0,0,0,0,0,0,0,0,0.071429,0,0,0,0,0,0,0,0.071429,0,0,0,0,0.071429,0,0,0.071429,0,0,0,0.071429,0,0,0.071429,0,0,0,0.071429
0,0,0.0625,0.0625,0.1875,0,0.125,0,0.0625,0,0.0625,0,0,0,0.0625,0,0,0,0,0,0,0.0625,0,0,0,0,0,0,0,0,0.0625,0,0,0,0,0.0625,0.0625,0,0,0,0,0,0,0,0,0,0,0,0,0,0.0625,0,0,0,0,0,0,0,0,0,0,0,0,0.0625
0,0,0,0.043478,0,0,0,0,0,0.043478,0,0,0.043478,0,0,0.086957,0.086957,0.043478,0,0.043478,0,0,0,0,0,0,0.086957,0,0,0,0,0,0.043478,0,0.043478,0,0,0,0,0.043478,0,0.043478,0.043478,0.043478,0,0,0,0,0,0,0,0.043478,0,0.043478,0.043478,0.043478,0,0.043478,0,0,0,0,0.043478,0
0,0,0,0,0,0,0.1,0.05,0,0.05,0,0,0,0,0.05,0,0,0,0.05,0,0,0.05,0.05,0,0,0.05,0,0.1,0,0,0,0,0,0,0,0,0.1,0.05,0,0,0,0,0,0,0,0,0.05,0,0,0.05,0,0,0,0.1,0.05,0,0,0,0,0,0,0,0.05,0
0.016393,0,0.016393,0.016393,0,0,0.032787,0.032787,0.04918,0,0.016393,0,0.04918,0.032787,0.032787,0.032787,0.032787,0,0.016393,0.016393,0.032787,0.016393,0.016393,0,0,0,0,0,0,0.016393,0.016393,0.016393,0.065574,0.032787,0.032787,0,0,0,0,0.016393,0,0,0,0,0,0,0,0.016393,0,0,0.016393,0.032787,0.032787,0.016393,0.032787,0.016393,0,0,0,0,0.016393,0.04918,0.016393,0.098361
0,0.066667,0,0,0.066667,0,0,0.13333,0,0.066667,0,0.066667,0,0,0,0,0,0,0,0,0,0.2,0,0,0.066667,0,0,0,0,0,0,0,0,0,0,0,0,0,0.066667,0,0.066667,0,0,0,0,0,0.066667,0,0,0,0.066667,0,0,0,0,0,0.066667,0,0,0,0,0,0,0
0,0,0.13333,0,0,0,0,0,0,0,0,0,0.13333,0,0,0,0.066667,0,0,0.066667,0,0,0,0,0,0,0.066667,0,0,0,0,0,0.066667,0,0,0,0,0,0,0.066667,0,0,0.066667,0,0,0,0,0.066667,0,0,0,0,0.066667,0,0.13333,0,0,0,0,0,0.066667,0,0,0
0,0,0,0,0,0,0,0,0,0,0,0,0,0,0.1,0,0,0,0,0,0,0,0.1,0.1,0.1,0,0,0,0,0,0,0.1,0,0,0,0,0,0,0,0,0,0,0,0,0,0,0,0,0,0,0,0,0,0,0.1,0.1,0,0,0,0,0,0,0.2,0.1
0.054054,0.054054,0.054054,0,0.054054,0.027027,0,0,0,0,0,0,0.027027,0.027027,0.027027,0.027027,0.054054,0,0,0,0,0,0,0,0,0,0,0,0.027027,0,0,0,0.027027,0,0,0,0.027027,0,0,0,0,0.054054,0.027027,0,0.027027,0,0,0,0.027027,0,0,0,0,0,0,0,0.054054,0,0.054054,0.027027,0.054054,0.027027,0.10811,0.054054
0.10526,0,0.052632,0.052632,0,0,0.052632,0,0,0,0,0,0,0.052632,0.052632,0.052632,0,0,0,0,0,0,0,0,0,0,0,0.052632,0.10526,0,0,0,0,0,0,0,0,0,0,0,0,0,0.052632,0,0,0,0,0,0,0.052632,0,0,0,0,0,0.052632,0,0.052632,0,0.052632,0,0,0,0.15789
0.081081,0,0.081081,0,0,0,0.054054,0,0.027027,0,0.027027,0,0,0,0,0,0.13514,0.027027,0.054054,0.027027,0.081081,0,0.054054,0,0.027027,0,0,0,0.027027,0,0,0,0,0,0,0,0.081081,0,0.081081,0,0.081081,0,0,0,0,0,0,0,0,0,0,0,0,0,0.054054,0,0,0,0,0,0,0,0,0
0.16129,0.032258,0,0.032258,0.032258,0.032258,0,0,0,0.032258,0.032258,0,0,0,0.032258,0,0.064516,0,0.064516,0,0.032258,0,0,0,0.064516,0,0,0,0,0,0,0,0,0,0,0,0.064516,0,0,0,0.064516,0.064516,0,0,0,0,0,0,0.032258,0,0,0,0,0,0,0,0.064516,0.032258,0,0,0,0,0.032258,0.032258
0.125,0.083333,0.041667,0.020833,0.020833,0,0,0,0,0,0.041667,0,0.041667,0,0,0.020833,0.083333,0,0.020833,0,0.020833,0.020833,0.020833,0,0,0,0,0.020833,0,0,0,0,0.041667,0,0,0,0.020833,0,0.041667,0,0,0,0,0,0,0,0.10417,0.020833,0,0.020833,0,0,0,0,0.020833,0,0.020833,0,0,0.083333,0,0.020833,0,0.020833
0.071429,0.035714,0,0.035714,0.035714,0,0,0.035714,0,0,0,0,0.035714,0,0,0,0.035714,0,0.035714,0,0,0,0,0,0.035714,0,0,0,0,0,0,0.035714,0.21429,0,0.035714,0,0.035714,0,0.035714,0,0,0.035714,0,0,0,0,0,0,0.035714,0.035714,0,0.035714,0,0,0,0,0.035714,0,0.035714,0,0.035714,0.035714,0,0
0.052632,0,0,0,0.10526,0.052632,0.10526,0,0,0,0.052632,0.052632,0.052632,0,0,0,0.052632,0,0,0,0,0,0,0,0,0.052632,0,0,0,0,0,0,0,0,0,0,0.10526,0,0,0,0,0,0,0,0,0,0.10526,0,0.052632,0,0,0,0,0,0.052632,0,0,0,0,0.10526,0,0,0,0
0.13333,0,0,0,0,0.13333,0.066667,0,0,0,0,0,0.066667,0.13333,0,0,0.2,0,0,0.066667,0,0,0,0,0,0,0,0,0,0.066667,0,0,0.066667,0,0,0,0,0,0.066667,0,0,0,0,0,0,0,0,0,0,0,0,0,0,0,0,0,0,0,0,0,0,0,0,0
0,0.0625,0,0,0,0,0,0,0,0,0,0,0.0625,0.0625,0,0,0,0,0.125,0,0.0625,0,0,0.0625,0,0,0,0,0.0625,0,0,0,0,0,0,0,0,0.0625,0.0625,0,0,0.0625,0,0,0,0,0,0,0,0.0625,0,0,0,0,0,0,0,0,0.0625,0,0,0,0.125,0.0625
0.066667,0,0,0,0.066667,0,0,0,0,0.066667,0,0,0,0,0,0,0,0.066667,0,0.066667,0,0.066667,0,0.066667,0.066667,0,0,0,0,0,0,0,0,0,0.066667,0,0.066667,0.066667,0,0.066667,0,0,0,0,0.066667,0,0.066667,0,0,0,0,0,0,0,0,0.066667,0,0,0,0,0,0,0,0
0.071429,0,0,0,0,0,0,0,0,0,0,0,0,0,0,0.071429,0.071429,0,0,0,0.071429,0,0,0,0,0,0,0,0,0,0,0,0.071429,0,0,0,0,0,0,0.071429,0.071429,0.071429,0.071429,0,0.071429,0,0,0.071429,0,0,0,0,0,0,0.071429,0,0,0,0,0,0,0,0,0.14286
0.097222,0.013889,0,0,0.013889,0.013889,0,0.013889,0.055556,0.055556,0,0,0.013889,0.013889,0,0,0.027778,0.013889,0,0,0,0.013889,0.041667,0.013889,0.027778,0.041667,0.013889,0,0,0,0.027778,0,0.069444,0,0.027778,0,0.013889,0.027778,0.013889,0.027778,0.027778,0,0,0,0,0,0.027778,0.013889,0.027778,0,0,0,0,0.027778,0,0.013889,0,0.013889,0,0.027778,0.013889,0.027778,0.027778,0.055556
0.055556,0,0,0.11111,0,0,0,0,0,0,0,0.16667,0.055556,0,0.055556,0,0,0,0,0.055556,0,0,0,0,0.055556,0,0,0,0,0,0,0,0,0,0,0,0.055556,0,0,0,0,0,0,0,0,0,0,0,0,0,0.055556,0,0,0,0,0,0,0.22222,0.055556,0,0,0,0,0.055556
0.125,0,0,0.125,0,0,0,0.0625,0,0,0,0,0,0,0,0.0625,0.0625,0.0625,0,0,0,0,0,0,0,0,0,0,0,0,0,0,0,0,0,0,0,0,0,0,0,0,0.125,0.0625,0,0,0,0,0,0,0,0,0,0,0.125,0,0,0.0625,0,0,0.0625,0,0,0.0625
0.076923,0,0,0.076923,0,0.076923,0,0,0.076923,0,0,0,0.076923,0.076923,0,0,0.076923,0,0,0,0,0,0,0,0,0,0,0,0,0,0.076923,0,0,0,0,0,0,0,0,0,0,0,0,0,0,0,0,0,0.076923,0.076923,0,0,0,0,0,0,0,0,0,0.076923,0.076923,0,0,0.076923
0.052632,0,0,0,0,0,0,0,0,0,0,0,0,0.052632,0,0,0.10526,0,0,0,0,0,0,0,0.10526,0,0,0,0,0.052632,0,0,0,0,0,0,0,0.052632,0,0,0,0,0,0.052632,0,0,0.052632,0,0.052632,0,0,0,0,0,0,0,0,0.10526,0.052632,0.10526,0,0.15789,0,0
0,0.025,0,0.025,0.075,0,0.025,0,0,0.025,0,0.05,0,0,0,0.05,0.05,0.025,0.025,0,0,0,0.025,0,0.025,0.025,0,0,0,0,0,0,0,0,0,0,0.1,0,0.05,0,0.075,0.025,0,0,0.025,0,0,0,0,0.025,0,0,0,0,0.025,0,0.025,0.05,0.075,0,0.025,0,0.025,0.025
0,0.055556,0,0.027778,0.055556,0,0,0,0.027778,0.083333,0.055556,0,0.027778,0,0,0,0,0,0.027778,0.055556,0,0.027778,0,0,0,0.027778,0,0,0,0,0,0.055556,0.027778,0,0.027778,0,0.055556,0,0.027778,0,0,0,0.027778,0.027778,0,0.027778,0.027778,0,0,0.027778,0,0,0.027778,0,0,0,0.027778,0.055556,0.027778,0,0,0.027778,0,0.027778
0,0.0625,0,0,0,0,0,0,0,0,0,0,0.1875,0,0,0.0625,0,0,0,0,0,0,0,0,0,0,0.0625,0.0625,0,0,0,0,0.0625,0,0,0,0,0,0,0,0,0,0.0625,0,0,0,0,0,0.0625,0,0,0.1875,0,0,0,0,0,0,0,0,0,0.125,0.0625,0
0.054054,0.10811,0.054054,0.054054,0,0,0,0.054054,0,0.027027,0,0.027027,0.027027,0.027027,0.027027,0,0.081081,0,0,0,0.027027,0,0,0,0.027027,0,0,0,0,0,0,0,0.027027,0,0,0,0,0.054054,0.027027,0,0,0,0,0,0,0,0.027027,0,0.054054,0,0.027027,0,0,0,0.027027,0,0,0,0.027027,0,0.081081,0,0,0.054054
0,0.038462,0.038462,0.038462,0,0,0,0,0.038462,0.076923,0,0.038462,0,0,0,0,0,0,0.038462,0.038462,0.038462,0,0,0.11538,0,0.038462,0.076923,0,0,0,0,0,0,0.038462,0,0,0,0.076923,0.038462,0.076923,0,0,0,0,0.038462,0,0,0,0,0,0,0,0,0,0,0.038462,0.038462,0,0,0.038462,0,0,0,0
0.027778,0,0.027778,0,0,0,0.11111,0,0.055556,0.055556,0,0,0,0,0,0.027778,0.055556,0,0.16667,0,0,0,0.027778,0,0,0,0.027778,0.027778,0,0,0.027778,0.027778,0,0,0.027778,0,0.027778,0.027778,0,0,0,0.027778,0.027778,0,0,0,0.027778,0,0,0.027778,0.027778,0,0.027778,0,0,0,0.027778,0,0,0,0,0.027778,0.027778,0
0.076923,0.076923,0,0,0,0.076923,0.076923,0,0.076923,0,0,0,0,0.076923,0.076923,0,0.076923,0,0,0,0,0,0,0,0,0,0,0,0,0,0,0,0,0,0,0,0,0,0,0,0,0,0,0,0,0,0,0.076923,0,0,0.076923,0.076923,0,0.076923,0,0,0,0,0,0.076923,0,0,0,0
0,0,0,0.0625,0.0625,0,0,0,0,0.0625,0,0.0625,0.0625,0,0,0,0,0,0.125,0,0.0625,0,0,0,0,0.0625,0,0,0,0,0,0,0,0,0,0,0,0,0,0,0,0,0,0,0,0.125,0,0,0,0,0,0,0.0625,0.0625,0.0625,0,0,0,0.0625,0,0,0.0625,0,0
0.15789,0,0.026316,0,0.026316,0,0.026316,0,0,0.026316,0,0,0.078947,0.026316,0,0.078947,0,0.026316,0.026316,0.052632,0.026316,0.026316,0,0,0,0.026316,0,0,0,0,0.026316,0.026316,0.026316,0,0,0,0,0.026316,0,0,0.026316,0,0,0.026316,0,0,0.026316,0,0.026316,0,0,0.052632,0.026316,0,0.026316,0,0.026316,0,0,0,0.026316,0,0,0
0.021739,0,0.043478,0.043478,0,0,0,0,0.021739,0.021739,0,0.021739,0.043478,0.021739,0,0,0.043478,0.021739,0,0.043478,0,0.021739,0,0,0.065217,0.021739,0.021739,0,0.021739,0,0.021739,0,0.043478,0,0.021739,0,0,0.021739,0.021739,0,0,0,0,0,0,0.021739,0.021739,0.043478,0.021739,0.043478,0,0.043478,0,0.021739,0,0,0.043478,0.043478,0,0,0.021739,0.043478,0,0
0,0.0625,0,0,0.0625,0,0,0,0,0.0625,0,0,0,0,0,0,0,0,0.0625,0,0,0,0,0,0,0.0625,0,0,0.0625,0.0625,0,0,0.0625,0,0,0,0,0.0625,0,0,0,0,0,0,0,0,0.125,0,0,0,0.0625,0,0,0,0,0,0.125,0.0625,0,0.0625,0,0,0,0
0.025641,0.025641,0,0.025641,0.025641,0,0,0,0,0,0,0,0.051282,0,0,0,0,0,0,0.051282,0.051282,0,0.051282,0,0.025641,0.051282,0,0,0,0.025641,0,0.025641,0,0,0,0,0.025641,0.025641,0,0.025641,0,0.025641,0,0,0,0,0.051282,0.025641,0.025641,0.025641,0,0,0,0.025641,0,0.025641,0.051282,0,0,0.025641,0,0.025641,0.076923,0.10256
0.066667,0,0.066667,0.13333,0,0,0,0.066667,0,0,0,0,0.13333,0,0,0,0,0,0,0,0.066667,0,0,0,0,0,0,0,0,0,0,0,0.13333,0,0,0,0,0,0,0,0.066667,0,0,0,0,0,0,0,0,0.066667,0,0,0,0.066667,0,0,0.066667,0,0,0,0,0,0.066667,0
0.090909,0,0.18182,0,0.090909,0,0,0,0,0.090909,0,0,0.090909,0,0.090909,0,0,0,0,0.090909,0,0.090909,0,0,0,0,0,0,0,0,0,0,0,0,0,0,0,0,0,0,0,0,0,0,0,0,0,0,0,0.090909,0,0,0,0,0,0,0,0,0,0,0.090909,0,0,0
0.026316,0.026316,0,0.026316,0,0,0,0.026316,0.052632,0.052632,0,0,0.026316,0.10526,0,0.026316,0.026316,0,0,0,0.026316,0.026316,0.026316,0,0,0,0.026316,0,0,0,0,0.026316,0.026316,0,0,0.078947,0.026316,0,0.026316,0,0,0,0,0,0,0,0,0.026316,0.026316,0.026316,0,0.026316,0.026316,0.026316,0.026316,0,0.026316,0.026316,0,0,0.026316,0.026316,0.026316,0
0,0,0,0,0,0.04,0,0,0,0.04,0.04,0,0.04,0,0.04,0.04,0,0,0.04,0,0.04,0,0,0,0.04,0,0,0,0,0.04,0,0,0,0,0,0.04,0.04,0.08,0.04,0,0.04,0,0,0,0,0,0.04,0,0,0,0,0.04,0.12,0.04,0,0,0.08,0,0,0,0,0,0,0.04
0.013699,0,0,0,0,0,0.013699,0.013699,0,0,0,0,0.013699,0,0.027397,0,0.041096,0,0.013699,0.013699,0.054795,0.027397,0.013699,0.054795,0,0,0.027397,0.15068,0.09589,0,0.054795,0.054795,0,0,0,0,0.013699,0.013699,0.013699,0.013699,0,0,0,0.027397,0,0.013699,0.013699,0,0,0,0.027397,0.027397,0,0,0.013699,0,0.013699,0.041096,0.027397,0.013699,0.013699,0,0.013699,0.013699
0,0.035714,0.071429,0.14286,0,0,0,0,0,0,0.035714,0,0,0,0.10714,0.035714,0,0,0,0,0.035714,0,0.071429,0,0.10714,0,0.035714,0,0,0.035714,0,0,0,0,0.035714,0,0,0.071429,0,0,0,0,0,0,0,0.035714,0.035714,0,0.071429,0,0,0,0.035714,0,0,0,0,0,0,0,0,0,0,0
0.052632,0,0,0,0,0,0,0.052632,0.10526,0.052632,0.052632,0,0,0,0,0,0.052632,0,0,0,0,0,0.052632,0,0,0.10526,0,0,0,0,0,0,0,0.10526,0,0,0,0,0,0,0,0.052632,0,0,0.052632,0,0,0.052632,0,0,0,0,0,0,0,0,0.15789,0,0,0,0,0.052632,0,0
0.095238,0,0,0.047619,0,0,0,0,0,0,0,0.047619,0.047619,0,0.095238,0.047619,0.047619,0.047619,0,0.047619,0,0,0,0,0,0,0,0,0,0,0,0,0,0.047619,0,0,0.047619,0,0,0,0,0,0,0,0,0,0,0,0.047619,0.14286,0,0,0,0,0,0,0,0,0.047619,0.047619,0.047619,0,0.047619,0
0,0,0,0.043478,0,0,0,0,0.043478,0,0,0,0,0.086957,0,0,0,0,0,0,0.086957,0,0.043478,0,0,0.043478,0,0,0.043478,0,0,0,0,0,0,0,0.043478,0,0.043478,0.043478,0,0.043478,0.086957,0,0,0,0.086957,0,0.043478,0.043478,0,0,0,0.043478,0,0.043478,0,0.043478,0.043478,0,0,0,0,0
0,0.090909,0,0,0,0.090909,0,0,0.090909,0,0,0,0,0,0,0,0,0.090909,0,0,0,0,0,0,0,0,0,0,0,0,0,0.090909,0,0,0.090909,0,0.18182,0,0.090909,0,0,0.090909,0,0,0,0,0,0,0,0,0.090909,0,0,0,0,0,0,0,0,0,0,0,0,0
0,0,0.076923,0,0,0,0.076923,0,0,0.076923,0,0,0,0,0,0.076923,0,0,0,0,0,0,0.076923,0,0,0,0,0,0,0,0,0,0.15385,0,0,0,0.076923,0.076923,0.076923,0.076923,0,0,0.076923,0,0,0,0,0,0,0,0,0,0,0,0,0,0,0,0,0,0,0,0.076923,0
0.083333,0.055556,0,0.027778,0.055556,0.027778,0,0.027778,0,0,0,0,0.055556,0.027778,0,0.027778,0,0,0,0.027778,0.055556,0.055556,0,0,0,0.083333,0,0.027778,0,0.027778,0,0,0.027778,0,0,0,0,0,0.027778,0,0,0,0,0,0,0,0.083333,0,0,0.027778,0,0,0.027778,0.055556,0,0,0,0.027778,0,0.027778,0,0,0,0.027778
0,0,0,0.071429,0,0,0.071429,0,0,0,0,0,0,0,0,0.071429,0,0,0,0,0.071429,0,0,0.071429,0,0.071429,0,0,0,0,0,0,0,0,0,0,0,0.14286,0,0,0,0,0.071429,0,0,0,0,0,0,0,0.071429,0,0,0,0,0,0,0.071429,0.071429,0,0,0.071429,0.071429,0
0.15625,0.0625,0.0625,0,0,0.09375,0,0,0,0,0,0,0,0,0,0,0,0.03125,0,0,0.0625,0.03125,0.03125,0,0,0.09375,0.03125,0,0.03125,0,0,0,0.03125,0,0,0,0,0,0,0,0.03125,0,0,0.03125,0,0.03125,0,0,0,0.03125,0.0625,0,0.03125,0,0,0.03125,0,0,0,0,0,0,0.03125,0
0.047619,0,0,0,0.047619,0,0,0.047619,0,0,0.047619,0.047619,0,0,0,0,0,0,0.047619,0,0,0,0,0,0,0,0,0,0,0,0,0,0.047619,0,0,0.047619,0.047619,0.047619,0,0,0,0,0.047619,0.095238,0,0,0.047619,0,0,0.047619,0,0,0.047619,0.047619,0.047619,0.047619,0,0,0,0,0,0,0.047619,0.047619
0.058824,0,0,0,0.058824,0,0,0,0,0,0,0,0.11765,0,0,0.058824,0,0,0,0,0,0.058824,0,0,0.058824,0,0,0,0.058824,0,0,0,0.11765,0,0,0,0,0,0,0,0,0,0,0,0,0,0.058824,0,0.058824,0,0,0.058824,0.058824,0.058824,0,0,0,0,0,0,0,0.058824,0,0.058824
0,0,0,0,0.083333,0.16667,0,0,0,0,0,0,0.083333,0,0.083333,0,0,0,0,0,0,0,0,0,0,0,0,0,0.083333,0,0,0,0,0,0,0.083333,0.083333,0,0,0.083333,0,0,0,0,0,0,0,0,0,0,0,0,0,0,0,0,0.16667,0,0,0,0,0.083333,0,0
0,0,0,0.083333,0,0,0.083333,0,0,0,0,0,0,0,0,0,0,0.083333,0.083333,0,0,0,0,0,0,0.083333,0,0,0.083333,0,0,0,0,0,0.083333,0,0,0.083333,0,0,0,0,0.083333,0.083333,0,0,0,0,0,0,0,0.083333,0,0,0,0,0,0,0,0,0.083333,0,0,0
0,0,0,0,0,0,0.052632,0,0.052632,0,0,0,0,0,0,0,0,0.052632,0,0,0,0,0,0,0,0.052632,0.052632,0,0,0,0,0.052632,0,0,0,0,0.052632,0,0,0.052632,0.052632,0,0,0,0.052632,0.052632,0,0,0.052632,0,0,0,0,0,0.10526,0,0.052632,0.052632,0.052632,0,0.052632,0,0,0.052632
0.076923,0,0,0,0.076923,0,0,0,0,0,0.038462,0,0,0,0,0,0,0.15385,0,0,0.076923,0,0,0,0,0.038462,0,0,0,0,0,0,0,0,0,0,0.076923,0.038462,0,0.15385,0.038462,0,0.038462,0,0,0.038462,0,0.038462,0.038462,0.038462,0,0,0,0,0,0,0,0,0,0,0,0,0.038462,0
0,0.090909,0.090909,0,0,0,0,0,0.090909,0,0,0,0,0,0,0,0,0,0.090909,0,0,0,0,0,0,0,0,0,0,0.090909,0,0,0,0.090909,0,0,0,0,0.090909,0,0,0.090909,0,0,0,0,0,0,0,0.090909,0,0,0,0.090909,0,0,0,0,0,0,0.090909,0,0,0
0.035714,0,0.035714,0.035714,0,0.035714,0.071429,0,0.10714,0,0,0.035714,0,0,0,0.035714,0,0,0.035714,0,0,0,0,0,0.071429,0.071429,0,0,0.035714,0,0,0,0,0.035714,0,0,0,0.035714,0.035714,0.035714,0,0,0,0,0.035714,0,0,0,0.035714,0.035714,0,0.071429,0,0,0,0,0,0.035714,0.035714,0,0,0,0,0
0.13333,0,0,0,0,0,0.066667,0.066667,0,0,0,0,0,0,0,0.13333,0.066667,0,0,0,0,0,0,0,0.066667,0.066667,0,0,0,0,0,0,0,0,0,0,0,0.066667,0.066667,0.066667,0,0.066667,0,0,0,0,0,0,0,0,0,0,0.066667,0,0,0,0.066667,0,0,0,0,0,0,0
0.071429,0.071429,0.035714,0,0,0,0,0,0.035714,0.035714,0,0,0.071429,0,0.035714,0,0.035714,0,0.035714,0,0,0,0,0,0.035714,0.035714,0,0,0,0,0,0,0,0.035714,0,0,0,0.071429,0,0,0,0,0,0,0,0,0.10714,0,0,0,0.035714,0,0,0.035714,0.035714,0,0,0.071429,0.071429,0,0,0,0,0.035714
0.17647,0,0.058824,0,0.11765,0,0,0,0.058824,0,0,0,0,0.058824,0,0,0.058824,0,0,0,0,0,0,0,0,0,0,0,0.058824,0,0,0,0,0.058824,0,0,0,0,0,0,0,0,0,0,0,0,0.058824,0,0,0.058824,0,0,0.058824,0,0.058824,0,0,0,0,0,0,0,0.058824,0.058824
0,0.1,0,0,0.05,0,0,0,0,0.1,0,0,0,0.05,0,0.05,0,0,0,0.05,0,0,0,0,0,0,0,0,0,0,0,0,0,0.05,0,0,0.05,0.1,0.05,0,0.05,0,0,0,0,0.05,0,0,0,0.05,0.05,0,0,0,0,0,0,0,0,0.1,0.05,0,0,0
0,0,0,0.076923,0.15385,0,0,0,0,0,0,0,0.076923,0,0.15385,0,0,0.15385,0,0.076923,0,0,0,0,0,0,0,0,0,0,0,0,0,0,0,0,0,0,0,0,0,0,0,0,0.076923,0,0,0,0,0,0,0.076923,0,0,0,0,0,0,0,0,0.076923,0,0.076923,0
0.11111,0,0,0,0,0,0,0.037037,0.037037,0,0,0,0.074074,0,0.037037,0.037037,0.037037,0,0,0,0,0,0,0.037037,0,0,0,0,0,0,0,0,0.037037,0,0,0,0,0.037037,0,0,0.037037,0,0,0,0.037037,0,0,0,0.037037,0.074074,0,0.037037,0,0,0,0,0.14815,0,0,0.037037,0,0,0.074074,0.037037
0,0,0,0.0625,0,0.0625,0,0.0625,0,0,0,0,0.0625,0,0.0625,0,0,0,0,0,0,0,0,0,0,0,0,0,0,0,0,0,0,0,0,0.0625,0.0625,0,0,0,0,0,0,0.0625,0,0,0,0.0625,0,0,0,0.0625,0.1875,0.0625,0,0,0,0.0625,0,0,0,0,0.0625,0
0,0,0,0.071429,0,0,0,0,0,0,0,0,0,0.071429,0,0,0,0,0.071429,0,0,0,0,0,0,0.071429,0.14286,0,0,0,0,0,0,0,0,0,0.071429,0,0,0,0,0,0,0,0,0.071429,0.071429,0,0,0.071429,0,0.071429,0,0,0.071429,0,0,0.071429,0,0,0.071429,0,0,0
0,0.125,0,0,0,0,0.125,0,0,0,0,0,0,0,0,0,0,0,0,0,0,0,0,0,0,0,0,0,0,0,0,0,0,0,0,0,0,0,0,0,0,0,0,0.125,0.25,0,0,0,0,0.25,0,0,0,0,0,0,0,0,0,0.125,0,0,0,0
0,0,0,0,0,0,0.090909,0,0,0,0,0,0.090909,0,0,0,0,0,0,0,0,0,0,0,0,0.18182,0,0,0,0,0,0.090909,0,0,0,0,0,0,0,0,0,0,0,0,0,0,0.090909,0.090909,0,0,0,0,0,0,0,0,0,0,0,0.090909,0.18182,0,0.090909,0
0,0,0,0,0,0,0,0,0,0,0,0,0,0.1875,0,0,0,0,0.0625,0,0,0,0,0,0,0,0.0625,0,0,0,0,0,0,0,0.0625,0.0625,0,0,0.0625,0,0.0625,0,0,0.0625,0,0,0,0.0625,0,0,0,0,0,0.0625,0.125,0,0,0,0.0625,0,0.0625,0,0,0
0.15385,0.30769,0,0,0,0.076923,0,0,0,0,0,0,0,0,0,0,0.076923,0.076923,0,0,0,0,0,0,0,0,0,0,0,0,0,0,0,0,0,0,0,0,0,0,0,0,0,0,0,0,0,0,0.076923,0,0,0.076923,0,0,0,0,0,0,0,0,0,0,0,0.15385
0,0.11111,0,0,0,0,0,0,0,0.11111,0,0,0,0.11111,0,0,0,0,0.11111,0,0,0,0,0,0,0,0,0,0,0,0.11111,0,0.11111,0.11111,0,0,0.11111,0,0,0,0,0,0,0,0,0,0,0,0,0,0,0,0,0,0.11111,0,0,0,0,0,0,0,0,0
0.041667,0,0,0,0.0625,0,0,0.041667,0.041667,0,0.020833,0,0,0.020833,0.020833,0,0,0,0.041667,0,0.020833,0.020833,0.020833,0.020833,0,0.020833,0.020833,0.041667,0,0.041667,0.083333,0.020833,0,0.020833,0.041667,0.020833,0,0,0,0,0,0.020833,0,0.041667,0,0,0.020833,0,0.020833,0.041667,0,0,0.020833,0,0.020833,0.0625,0.041667,0,0,0,0,0,0.020833,0
0.051282,0.025641,0,0,0.025641,0.051282,0,0.051282,0.076923,0.025641,0.025641,0,0,0.025641,0,0,0.051282,0.051282,0,0,0.076923,0.025641,0,0,0.051282,0.051282,0,0.025641,0,0.025641,0,0,0,0.025641,0.025641,0,0.025641,0.025641,0.025641,0,0.025641,0.025641,0,0,0,0,0,0,0,0,0,0.025641,0.076923,0,0,0,0,0,0,0,0,0,0,0
0.0625,0.125,0,0.0625,0.0625,0,0,0,0,0,0,0,0,0,0,0,0.0625,0,0.0625,0,0,0,0,0,0,0,0.0625,0,0.0625,0,0,0.0625,0,0,0,0,0,0,0,0,0,0,0,0,0,0,0.125,0,0.125,0,0,0,0.0625,0,0,0,0,0,0,0,0,0.0625,0,0
0.0625,0,0,0,0.0625,0.0625,0,0.0625,0,0,0,0.125,0,0.0625,0.0625,0,0,0,0,0,0,0,0,0.0625,0,0,0,0,0,0,0,0,0,0,0,0,0,0,0,0,0,0,0,0,0,0,0,0,0.125,0,0,0,0.1875,0.0625,0,0,0.0625,0,0,0,0,0,0,0
0.10526,0,0,0.10526,0,0,0,0,0,0,0,0,0.21053,0,0,0.052632,0,0,0,0,0,0,0,0,0.052632,0,0,0.10526,0,0,0,0,0.052632,0.052632,0,0,0,0,0,0,0,0,0,0,0,0,0.052632,0,0.052632,0,0,0.052632,0,0.052632,0,0,0,0,0,0,0.052632,0,0,0
0.090909,0,0.045455,0.045455,0.090909,0,0,0,0,0,0,0,0,0,0.090909,0,0.090909,0,0,0,0,0,0,0,0,0,0,0.045455,0,0,0,0,0.045455,0,0,0,0,0,0,0,0,0,0,0,0.090909,0,0,0,0.045455,0.045455,0,0.045455,0,0,0,0,0.090909,0,0,0,0.090909,0.045455,0,0
0.060606,0,0.060606,0,0,0,0,0,0,0.030303,0,0.030303,0,0.060606,0,0,0.060606,0,0.030303,0,0.030303,0.030303,0,0,0,0.030303,0.060606,0.030303,0,0,0.030303,0.030303,0.060606,0,0,0,0,0,0.030303,0.030303,0,0,0,0,0,0.030303,0,0,0.12121,0,0,0,0.030303,0.030303,0,0,0,0,0.030303,0,0,0.030303,0,0.030303
0,0,0,0,0,0,0,0,0,0,0,0,0,0,0,0,0,0,0,0.076923,0,0,0,0,0.076923,0,0,0.15385,0,0,0,0,0,0,0,0,0,0,0,0.076923,0,0,0,0.15385,0,0,0,0,0,0,0.076923,0,0,0,0,0,0,0,0,0.30769,0,0.076923,0,0
0,0,0.047619,0.047619,0,0,0,0,0,0,0.047619,0,0,0,0.047619,0.047619,0,0,0,0.095238,0.047619,0,0,0,0.047619,0,0,0.095238,0,0,0.095238,0,0,0,0,0,0,0.047619,0.047619,0,0,0,0,0,0,0.047619,0,0,0.047619,0,0,0.047619,0,0,0,0,0,0,0,0,0.14286,0,0,0
0.14,0.04,0.04,0.04,0.06,0.02,0.02,0,0.02,0.02,0.02,0,0.04,0.02,0,0.02,0.06,0,0.02,0.02,0,0.02,0,0,0.02,0,0,0.02,0.02,0,0.02,0,0.02,0.02,0,0,0.02,0,0,0.02,0,0,0,0,0,0,0.02,0,0,0,0.02,0,0.02,0,0,0,0.06,0,0,0.02,0.04,0,0.02,0.02
0.029412,0,0,0.029412,0.029412,0,0,0,0.029412,0,0,0.058824,0,0,0,0,0.058824,0.029412,0,0,0,0,0,0,0,0.029412,0.029412,0,0.088235,0.029412,0.029412,0,0,0,0,0,0,0,0.029412,0.058824,0,0.058824,0.058824,0,0.029412,0,0.029412,0,0.058824,0.029412,0,0,0,0,0.029412,0,0,0.029412,0.058824,0,0,0.029412,0,0.029412
0,0,0,0.052632,0,0,0,0,0,0,0.052632,0.052632,0,0,0,0.052632,0,0,0,0,0,0,0,0,0,0,0,0,0,0,0,0.052632,0,0,0,0,0.052632,0.10526,0.10526,0,0,0,0,0,0,0,0.052632,0.052632,0,0,0,0,0,0,0,0,0,0,0,0.10526,0,0.052632,0.10526,0.10526
0,0,0,0,0,0,0,0.090909,0,0,0,0,0,0,0,0,0,0,0,0,0,0,0,0,0,0.090909,0,0,0,0,0,0,0,0,0,0.090909,0,0,0,0,0.090909,0,0,0,0,0,0.090909,0.090909,0.18182,0.090909,0,0,0,0,0,0,0,0,0,0.090909,0,0.090909,0,0
0.083333,0,0,0.083333,0,0,0.083333,0,0,0.16667,0.083333,0,0,0,0,0,0,0,0,0,0,0.083333,0.083333,0,0,0,0,0,0,0,0,0,0,0,0,0,0,0,0,0,0.083333,0.083333,0,0,0,0,0,0,0,0.083333,0,0,0,0,0,0,0,0,0,0,0,0,0.083333,0
0.066667,0,0,0,0.066667,0,0,0,0,0.066667,0,0,0,0,0,0,0,0,0,0.066667,0,0,0.13333,0.066667,0,0.066667,0.13333,0,0,0,0,0,0,0.066667,0,0,0.066667,0.066667,0,0,0,0,0,0,0,0,0,0,0,0,0,0,0,0.066667,0,0,0,0.066667,0,0,0,0,0,0
0,0.11111,0,0,0,0.037037,0,0.11111,0,0,0,0.037037,0.037037,0,0,0.037037,0.037037,0.037037,0,0,0.074074,0,0,0.037037,0.037037,0,0,0,0,0.074074,0,0,0,0,0,0,0,0,0,0.037037,0,0,0,0.037037,0,0.037037,0,0,0,0,0,0.037037,0,0,0,0,0.074074,0,0,0.037037,0.074074,0,0,0
0,0.035714,0.035714,0,0,0,0,0,0,0.035714,0.071429,0,0.035714,0,0,0,0.035714,0,0.035714,0.14286,0.035714,0,0,0,0.035714,0,0,0,0,0,0,0,0,0,0.035714,0,0,0,0,0.035714,0,0,0,0,0.035714,0,0,0.035714,0,0,0.10714,0,0.071429,0,0,0,0.035714,0.035714,0,0.035714,0.035714,0,0.035714,0
0,0.083333,0,0,0,0,0,0,0,0.16667,0,0,0,0.083333,0,0,0.083333,0,0,0,0,0,0,0.083333,0,0,0,0,0.083333,0,0.083333,0.083333,0,0,0,0,0,0,0,0,0,0,0,0,0,0,0,0,0.083333,0,0,0,0,0,0,0,0,0,0,0.083333,0,0.083333,0,0
0.36364,0.18182,0,0,0,0,0,0,0,0,0,0,0,0,0,0,0,0,0,0,0,0,0,0,0,0,0,0,0,0,0,0,0,0,0,0,0,0,0,0,0,0,0,0,0,0,0,0,0,0,0.090909,0,0,0,0,0,0.18182,0,0,0,0,0,0.18182,0
0,0.027027,0,0,0,0,0.027027,0,0,0.027027,0,0,0,0,0,0,0,0,0,0,0.027027,0,0.027027,0,0.054054,0.054054,0,0.027027,0,0.027027,0.027027,0.054054,0.027027,0,0,0.027027,0,0.027027,0.027027,0.027027,0,0.027027,0,0.027027,0,0,0.054054,0.081081,0,0,0,0,0.054054,0,0.027027,0.027027,0.027027,0.027027,0,0,0,0.054054,0,0.081081
0.058824,0,0.058824,0.058824,0.058824,0,0,0,0,0,0,0,0,0,0.058824,0.058824,0,0,0,0.058824,0.058824,0,0,0,0.058824,0,0,0,0,0,0,0,0,0,0.058824,0,0,0,0,0,0,0.058824,0,0,0,0,0,0,0.17647,0,0,0,0,0,0,0,0,0,0,0.058824,0,0,0,0.11765
0.13333,0.066667,0,0.13333,0.066667,0,0,0,0,0,0,0,0.066667,0,0,0,0.13333,0,0,0,0,0,0,0,0,0,0,0,0,0,0,0,0,0,0,0,0,0,0,0,0,0.066667,0.066667,0,0,0,0,0,0,0,0,0,0.066667,0,0.066667,0.066667,0.066667,0,0,0,0,0,0,0
0,0.0625,0,0,0.0625,0,0,0.125,0,0.0625,0,0,0.0625,0,0,0.0625,0.0625,0,0.0625,0,0,0,0,0,0,0,0,0,0,0,0,0,0,0,0.0625,0,0,0.0625,0,0,0,0,0,0,0,0,0,0.0625,0,0,0,0,0,0,0,0,0,0,0,0.0625,0,0.125,0,0.0625
0.069767,0.023256,0,0,0,0,0.046512,0.046512,0,0.023256,0,0,0.023256,0,0.023256,0.023256,0,0,0.023256,0,0.023256,0.023256,0.023256,0,0,0.023256,0,0.046512,0,0.046512,0,0,0.023256,0,0,0,0,0.023256,0,0,0,0,0,0,0,0,0.046512,0.046512,0.023256,0,0,0.069767,0.023256,0.023256,0.046512,0,0,0.023256,0,0,0.046512,0,0.069767,0.046512
0.08,0.04,0,0.08,0,0,0,0,0,0,0,0,0.08,0,0,0.04,0.12,0,0,0,0,0.04,0,0,0,0,0,0,0.04,0,0,0,0,0,0,0,0.04,0,0.04,0,0,0,0,0.04,0,0,0.04,0.04,0,0,0,0.08,0,0,0,0,0.04,0,0,0.08,0.04,0,0,0.04
0.068966,0,0,0.068966,0.034483,0,0,0,0,0.068966,0,0,0.034483,0.034483,0.10345,0,0.034483,0.034483,0.068966,0,0,0,0,0,0,0,0,0,0,0.034483,0,0,0,0,0,0,0,0,0,0,0.034483,0,0,0,0,0,0.068966,0,0.10345,0,0.034483,0,0.034483,0,0,0,0.034483,0.068966,0,0,0,0,0.034483,0
0,0.0625,0,0.125,0,0,0,0,0,0,0,0,0.0625,0,0,0,0,0,0.0625,0,0,0,0,0,0,0,0,0,0,0,0,0,0,0.0625,0,0,0.1875,0,0,0,0.0625,0,0.0625,0,0,0.0625,0.0625,0,0,0,0.0625,0,0,0,0.0625,0,0,0,0,0.0625,0,0,0,0
0,0,0,0.060606,0,0,0,0,0,0,0,0.030303,0.060606,0,0,0.060606,0.060606,0,0,0.030303,0,0,0,0,0,0,0,0,0.030303,0,0.060606,0.030303,0,0,0,0,0,0.030303,0,0.030303,0,0,0.030303,0,0,0,0.030303,0,0,0.030303,0,0.030303,0.060606,0,0,0,0,0.030303,0,0.12121,0,0.060606,0.030303,0.090909
0,0.052632,0,0.052632,0,0,0,0,0,0,0,0,0.10526,0,0,0,0,0,0,0,0.052632,0,0,0,0,0,0,0,0,0.052632,0,0,0,0,0,0,0.052632,0,0,0,0,0,0,0,0,0,0.052632,0.052632,0.10526,0.052632,0,0.10526,0.052632,0,0,0,0.052632,0,0,0,0,0,0.052632,0.10526
0,0,0,0.028571,0,0,0,0,0,0.057143,0,0.028571,0.028571,0,0.028571,0,0.057143,0,0.028571,0.057143,0,0,0,0,0.057143,0.028571,0,0,0,0.028571,0,0.085714,0.028571,0,0,0.057143,0.028571,0,0,0.028571,0,0.028571,0,0,0,0,0.028571,0.028571,0,0,0.028571,0,0,0,0,0.028571,0.028571,0.028571,0.028571,0.057143,0,0.028571,0.028571,0
0.055556,0,0.055556,0,0,0,0.055556,0.055556,0,0.11111,0,0,0,0.055556,0,0.055556,0.055556,0,0,0,0,0,0,0,0,0,0,0,0,0,0,0,0,0.055556,0,0,0,0,0.055556,0,0,0.055556,0,0,0,0,0,0,0,0,0,0.055556,0.055556,0,0,0,0,0.11111,0,0,0,0,0.11111,0
0.016949,0,0,0.067797,0,0.033898,0.016949,0.033898,0,0,0,0,0.033898,0.033898,0.016949,0.016949,0.050847,0.016949,0,0.016949,0,0,0,0,0,0.016949,0,0.033898,0,0.016949,0.033898,0,0,0.016949,0.016949,0,0.067797,0,0.016949,0.016949,0,0,0,0,0.033898,0.016949,0,0.050847,0.016949,0,0,0.067797,0,0.016949,0.016949,0,0.016949,0,0.033898,0,0.033898,0.033898,0.016949,0.050847
0.0625,0,0.0625,0,0,0,0,0,0.125,0.0625,0.0625,0,0,0,0,0,0.125,0,0.0625,0,0,0,0,0,0,0,0,0,0,0,0.0625,0,0,0,0,0,0.1875,0,0,0,0.0625,0,0,0,0.0625,0.0625,0,0,0,0,0,0,0,0,0,0,0,0,0,0,0,0,0,0
0,0,0,0,0,0,0,0,0,0,0,0,0,0,0,0.058824,0,0,0,0,0,0,0,0,0,0.17647,0,0.058824,0,0.058824,0.058824,0.058824,0,0,0,0,0,0,0,0,0,0,0,0,0,0,0.058824,0.11765,0,0,0,0,0,0,0,0,0.058824,0.11765,0,0,0,0,0.11765,0.058824
0.055556,0,0,0,0,0.055556,0,0.055556,0,0.055556,0,0,0.055556,0,0.055556,0,0,0,0,0,0,0.11111,0,0,0,0,0,0,0.055556,0,0,0,0.055556,0,0,0.055556,0,0,0,0,0,0.055556,0,0,0,0,0.055556,0,0.11111,0,0,0,0,0,0,0,0.055556,0,0,0,0.055556,0,0.055556,0
0,0,0.083333,0.083333,0,0,0,0,0.16667,0,0,0,0,0,0,0,0,0,0,0.083333,0,0.083333,0,0.083333,0,0,0,0,0,0,0,0,0,0,0,0,0,0,0,0.083333,0,0.083333,0,0,0,0,0,0.083333,0,0,0,0,0,0,0,0,0,0.083333,0,0,0.083333,0,0,0
0.085714,0.028571,0,0.028571,0.085714,0,0,0.028571,0.028571,0.028571,0,0,0,0.057143,0,0.028571,0.14286,0.057143,0.028571,0.057143,0,0.028571,0,0,0.057143,0,0,0,0,0,0.028571,0,0,0,0,0,0.057143,0.028571,0.028571,0,0,0.028571,0,0,0,0,0,0,0,0,0,0,0,0,0.028571,0,0,0,0,0,0,0.028571,0,0
0,0,0.066667,0,0,0,0,0,0.066667,0,0,0.066667,0,0,0,0,0,0,0.066667,0.066667,0,0,0,0,0.066667,0,0,0.13333,0,0,0,0,0,0,0,0,0,0,0,0,0,0,0,0,0,0,0,0,0,0,0,0,0,0,0.13333,0,0,0.066667,0.066667,0,0.13333,0.066667,0,0
0.037037,0,0.074074,0.074074,0,0,0,0,0,0,0,0.037037,0,0,0,0.037037,0,0,0,0,0,0,0,0,0,0,0,0.037037,0,0,0.037037,0.037037,0,0,0,0,0,0.037037,0,0,0,0,0.074074,0,0,0.074074,0.037037,0.037037,0,0,0,0,0.037037,0,0.037037,0,0,0.037037,0,0.074074,0,0,0.037037,0.14815
0.052632,0,0.052632,0,0,0.052632,0.052632,0,0,0.052632,0,0,0,0,0,0,0,0.052632,0.052632,0,0,0,0,0,0,0.052632,0,0,0,0.052632,0,0,0.10526,0,0,0,0,0,0,0,0,0,0,0,0.052632,0,0,0,0.052632,0,0.052632,0,0.10526,0,0.052632,0,0,0,0,0,0.052632,0,0.052632,0
0.055556,0.055556,0,0,0.055556,0,0.055556,0.055556,0.11111,0.055556,0,0,0.11111,0,0,0.055556,0,0,0,0,0.055556,0,0,0,0,0.055556,0,0,0,0,0,0,0,0,0,0,0.055556,0,0,0,0,0,0,0,0.055556,0,0.055556,0,0.055556,0,0,0,0,0,0,0,0.055556,0,0,0,0,0,0,0
0.026316,0,0,0,0,0,0,0,0.026316,0,0.052632,0,0,0,0.026316,0,0,0.052632,0,0,0.026316,0.026316,0,0.078947,0.026316,0.026316,0,0.052632,0,0,0,0.026316,0,0,0.026316,0,0,0.026316,0.026316,0,0,0,0,0,0,0.052632,0,0,0.052632,0.026316,0,0,0.026316,0,0.052632,0.026316,0.026316,0.026316,0,0.052632,0.026316,0.026316,0.026316,0.052632
0.25,0,0,0,0,0,0,0,0,0.16667,0,0,0,0,0,0,0.083333,0,0.083333,0,0,0,0,0,0,0,0,0,0,0,0.083333,0,0,0,0,0,0,0,0,0,0,0,0.083333,0,0,0,0,0.083333,0,0,0,0,0,0,0,0,0,0,0,0,0,0,0.083333,0.083333
0.051282,0.025641,0,0.051282,0,0.025641,0.025641,0.025641,0,0,0,0,0.025641,0.025641,0,0,0.025641,0,0,0,0,0,0,0.025641,0.025641,0.076923,0,0,0.025641,0.025641,0.025641,0,0.051282,0.025641,0.025641,0,0.076923,0,0,0,0.025641,0,0,0,0.025641,0.025641,0.025641,0,0,0.051282,0,0,0,0,0,0,0,0,0,0.025641,0.025641,0,0.076923,0.051282
0.043478,0,0,0,0.043478,0,0.043478,0,0,0,0,0,0,0,0,0,0.043478,0,0.043478,0,0,0.043478,0,0,0,0.043478,0,0,0.043478,0,0.043478,0,0.043478,0,0.043478,0,0.043478,0.043478,0.043478,0.043478,0,0.043478,0,0,0.043478,0,0.086957,0,0,0,0.043478,0,0,0,0.086957,0,0,0,0,0,0.043478,0,0,0
0.071429,0,0.14286,0,0,0,0,0,0.071429,0,0,0,0,0,0,0.071429,0.071429,0,0,0,0,0,0,0,0,0,0,0,0,0.071429,0,0,0.071429,0.071429,0,0,0,0,0.071429,0,0,0.071429,0,0,0.071429,0,0,0,0,0,0,0,0,0,0,0.071429,0,0,0,0.071429,0,0,0,0
0.058824,0.11765,0,0.058824,0,0,0,0,0,0,0,0,0.058824,0,0,0,0.058824,0,0.058824,0,0,0,0.058824,0,0,0,0,0,0,0,0,0.058824,0.058824,0,0.058824,0,0,0,0.058824,0,0.058824,0,0,0,0,0,0.058824,0.058824,0,0,0,0,0,0,0.058824,0,0,0,0.058824,0,0,0,0,0
0.097561,0.02439,0,0,0.073171,0,0.02439,0.02439,0,0.02439,0,0,0.02439,0,0,0,0,0,0,0.04878,0,0.04878,0.073171,0,0,0,0,0.02439,0,0,0,0,0,0.04878,0,0,0,0.04878,0.02439,0.02439,0,0,0.02439,0.02439,0.02439,0.02439,0,0,0.04878,0,0,0,0.02439,0.02439,0,0,0,0,0,0.02439,0,0.04878,0.04878,0.04878
0,0,0,0.05,0.2,0,0,0.05,0,0,0,0,0.05,0,0.05,0,0,0,0,0,0.05,0,0,0,0,0,0,0,0,0,0.05,0,0.05,0,0.05,0,0.05,0,0,0.05,0,0.1,0,0,0,0,0,0,0,0,0,0,0.1,0,0,0,0,0,0,0.05,0,0,0.05,0
0.027397,0.013699,0.013699,0.013699,0.013699,0.013699,0,0,0,0,0.013699,0.013699,0,0,0.013699,0,0.013699,0.013699,0.013699,0,0,0,0.013699,0.013699,0.027397,0.054795,0.027397,0.041096,0,0.054795,0.013699,0.013699,0,0.013699,0,0,0.027397,0.027397,0.027397,0.054795,0,0,0,0,0,0.041096,0.041096,0,0.013699,0,0,0.013699,0.013699,0,0.027397,0.013699,0.013699,0.041096,0,0.09589,0.013699,0.027397,0.013699,0.041096
0.12,0,0.04,0,0.04,0.013333,0,0,0.013333,0.026667,0,0.013333,0.013333,0,0,0.013333,0.026667,0.013333,0,0,0,0.013333,0.013333,0.013333,0,0.013333,0.013333,0.026667,0.013333,0.053333,0,0.013333,0,0,0.04,0,0.026667,0.026667,0.013333,0,0.026667,0.013333,0,0,0.04,0,0.026667,0,0.026667,0.026667,0,0,0.026667,0.013333,0.026667,0.026667,0,0,0.013333,0.053333,0.013333,0.013333,0,0.04
0.034483,0,0,0.068966,0.068966,0.034483,0,0.034483,0,0,0,0,0,0,0.034483,0.034483,0,0.034483,0,0,0.034483,0,0,0.034483,0,0.034483,0,0,0,0,0.034483,0.034483,0.034483,0,0,0.034483,0,0,0,0.10345,0,0,0,0,0.034483,0.034483,0.034483,0,0,0,0.034483,0,0,0,0,0.034483,0,0,0,0,0.034483,0.068966,0,0.034483
0,0.076923,0,0.076923,0,0,0,0,0,0,0,0,0.15385,0,0,0.076923,0.076923,0,0,0,0.076923,0,0,0,0,0,0,0.076923,0,0,0,0,0,0,0,0,0,0,0,0,0,0,0,0,0,0.076923,0,0.076923,0,0,0,0,0,0.15385,0,0,0,0,0,0,0,0.076923,0,0
0,0,0,0,0,0,0,0,0.066667,0,0,0,0.066667,0,0,0,0,0,0.066667,0,0.066667,0,0.066667,0,0,0,0,0,0,0,0,0.066667,0,0,0.066667,0.066667,0,0.066667,0,0,0,0,0.066667,0,0,0,0,0,0.2,0,0,0,0.066667,0,0,0,0,0,0,0,0.066667,0,0,0
0,0,0,0,0,0,0,0,0,0,0,0.0625,0.125,0,0,0,0,0,0.0625,0,0,0,0.0625,0,0.0625,0.0625,0,0,0.0625,0,0,0,0,0,0,0,0.0625,0,0,0,0,0,0,0.0625,0,0,0,0.0625,0,0,0,0,0.0625,0,0.0625,0,0,0,0,0,0.0625,0,0.0625,0.0625
0.085714,0.057143,0,0.028571,0,0,0,0.028571,0,0.057143,0,0.057143,0,0.028571,0.028571,0,0.028571,0,0,0.028571,0,0,0.028571,0,0.028571,0,0.057143,0.028571,0.028571,0,0.028571,0,0.085714,0.057143,0,0,0,0,0,0.028571,0,0,0,0,0.028571,0,0,0,0,0,0,0,0.057143,0,0,0,0,0.028571,0,0,0,0.057143,0,0.028571
0,0.044444,0,0.022222,0.044444,0,0.044444,0,0,0,0,0,0,0.044444,0,0.022222,0,0,0.022222,0,0,0,0.022222,0,0,0,0.044444,0.022222,0.022222,0,0,0.066667,0,0,0,0.022222,0.088889,0.022222,0,0,0.044444,0,0,0.044444,0,0.044444,0.022222,0.066667,0,0.044444,0.022222,0.022222,0,0,0.044444,0,0,0.022222,0,0,0,0.022222,0.044444,0
0.086957,0.043478,0.043478,0,0,0,0,0,0,0,0,0.043478,0.086957,0.043478,0,0,0.043478,0.043478,0,0,0.043478,0.043478,0,0,0,0,0,0,0,0,0,0.043478,0,0,0,0,0,0,0,0.043478,0,0,0,0,0,0,0,0,0.086957,0,0,0,0.043478,0,0,0,0.086957,0.043478,0.043478,0,0.043478,0,0.043478,0
0,0,0,0,0,0,0,0,0,0,0,0,0.21429,0,0.071429,0,0,0,0,0,0,0,0,0,0,0,0,0,0,0,0,0,0,0,0,0,0,0,0,0,0,0,0,0,0.071429,0,0.071429,0.071429,0,0,0,0.14286,0,0,0,0,0.071429,0,0.071429,0.14286,0,0,0.071429,0
0.041667,0.041667,0,0,0,0,0,0,0,0,0,0,0.041667,0.083333,0.041667,0.083333,0.041667,0.041667,0,0.041667,0.041667,0,0.083333,0,0,0,0,0,0,0,0,0,0,0,0,0,0,0,0.083333,0,0,0.041667,0,0.041667,0,0,0,0.041667,0,0,0,0,0,0,0.083333,0,0,0,0,0.041667,0,0.041667,0.041667,0
0,0,0,0.043478,0,0.043478,0,0.043478,0,0,0,0,0.043478,0,0,0.043478,0,0,0.086957,0,0.043478,0,0,0,0,0.086957,0.043478,0.086957,0,0,0,0,0.043478,0,0,0,0,0,0,0,0,0.043478,0,0,0,0.043478,0,0.043478,0,0,0,0.043478,0.043478,0,0,0,0,0.043478,0,0,0,0,0.086957,0.043478
0,0.0625,0,0,0,0,0,0,0.0625,0.0625,0,0,0,0,0,0,0,0,0,0,0.125,0,0,0,0,0,0,0.0625,0,0,0,0,0,0.125,0,0,0,0,0,0,0.0625,0,0.125,0,0,0,0,0,0.0625,0,0,0,0,0.0625,0.0625,0,0,0,0,0,0.125,0,0,0
0,0.025641,0,0,0,0,0.051282,0,0.025641,0.025641,0.025641,0,0.025641,0.051282,0,0.025641,0.025641,0.051282,0,0,0.076923,0,0,0.025641,0,0.076923,0,0.051282,0,0.025641,0,0,0,0,0,0,0,0.051282,0,0.051282,0,0,0,0.025641,0.025641,0,0,0,0.051282,0.025641,0,0,0.025641,0,0,0.025641,0.051282,0.025641,0,0.025641,0,0.025641,0,0
0.043478,0,0,0,0,0.043478,0.043478,0,0,0,0,0,0.043478,0,0,0.043478,0,0,0,0,0.043478,0,0,0,0.043478,0,0,0,0,0,0.043478,0,0,0.043478,0,0,0.043478,0.17391,0,0.086957,0,0,0,0,0,0.086957,0,0,0.043478,0,0,0,0.043478,0.086957,0,0.043478,0,0,0,0,0,0,0,0
0,0,0.071429,0,0,0,0,0.071429,0,0,0,0.071429,0,0,0,0.071429,0,0,0,0,0,0,0,0.071429,0,0,0,0,0,0,0,0,0,0,0,0,0,0,0,0,0,0,0,0,0,0,0,0,0.071429,0,0,0,0,0,0,0,0,0,0.071429,0,0.14286,0.071429,0.071429,0.21429
0.088235,0,0.029412,0.088235,0.058824,0,0,0,0,0,0,0,0.029412,0.029412,0.029412,0.029412,0.029412,0.029412,0,0,0,0,0,0,0,0,0,0.029412,0,0.029412,0.029412,0,0,0,0,0,0.029412,0,0,0.058824,0.058824,0,0,0,0,0,0,0.058824,0.029412,0,0.029412,0,0,0.058824,0,0.029412,0.029412,0,0,0.029412,0,0,0.029412,0.029412
0,0.038462,0,0,0.038462,0.076923,0,0,0.038462,0,0,0,0,0.076923,0,0.038462,0.038462,0.038462,0.038462,0,0,0,0,0,0,0,0,0,0,0.038462,0,0,0,0,0,0,0.076923,0.038462,0,0,0,0,0,0,0,0.11538,0.038462,0.076923,0,0,0.038462,0.038462,0,0,0.038462,0,0,0,0,0,0.038462,0,0,0.038462
0,0,0.090909,0,0,0,0.090909,0,0,0,0,0,0,0,0.090909,0,0,0,0,0,0,0,0.090909,0,0,0,0,0,0,0,0,0,0,0,0,0,0.090909,0,0,0,0,0.090909,0,0,0,0,0,0.090909,0.090909,0,0,0,0,0,0,0,0,0,0.090909,0,0,0.090909,0,0.090909
0.16667,0,0,0,0,0,0,0.055556,0,0,0,0,0,0,0,0.055556,0,0,0,0,0,0,0,0,0,0,0.055556,0,0.055556,0,0,0,0,0,0,0,0,0,0,0.11111,0.055556,0,0.055556,0,0,0,0,0,0,0,0,0,0.055556,0,0.11111,0.11111,0,0,0,0,0.11111,0,0,0
0.04,0.04,0.08,0,0,0,0,0,0,0,0,0.08,0.04,0,0,0.04,0,0.04,0,0,0,0,0,0,0,0.04,0,0,0,0,0,0,0,0,0,0,0,0.08,0.04,0,0,0,0,0,0,0,0.04,0,0,0,0,0,0.04,0,0.04,0,0.04,0,0.08,0.12,0,0,0.08,0.04
0.083333,0.083333,0,0,0.041667,0,0.041667,0,0,0,0,0,0.041667,0,0,0,0,0.041667,0,0,0,0,0,0,0,0.041667,0,0.041667,0,0,0,0.041667,0.041667,0,0,0.041667,0.041667,0,0,0,0,0,0,0,0,0,0.083333,0.041667,0,0,0,0,0.083333,0.041667,0,0,0.041667,0.083333,0,0,0,0.041667,0,0
0.090909,0,0,0,0,0.090909,0,0,0,0,0,0,0,0,0,0,0,0,0,0,0,0,0.090909,0,0,0,0,0,0,0,0.090909,0,0.090909,0,0,0,0.090909,0,0,0.090909,0,0,0.090909,0,0,0.090909,0.090909,0,0,0,0,0,0,0,0,0,0.090909,0,0,0,0,0,0,0
0.028571,0.11429,0.028571,0.028571,0,0,0.028571,0,0,0,0,0.028571,0.028571,0.057143,0,0.028571,0.085714,0.028571,0.028571,0,0.057143,0,0,0,0.028571,0,0,0,0.028571,0.028571,0.028571,0.028571,0.028571,0.028571,0,0.028571,0.028571,0.057143,0,0,0,0,0,0,0,0,0,0.028571,0.028571,0.028571,0,0,0,0,0,0,0,0,0,0.028571,0,0,0,0
0,0,0,0.047619,0,0,0,0,0,0,0,0.047619,0,0,0,0,0.047619,0,0.047619,0,0,0,0.047619,0,0.047619,0,0,0,0,0,0,0,0.14286,0.047619,0.047619,0.047619,0,0.047619,0.047619,0,0,0,0,0,0,0,0,0,0,0.047619,0,0,0.047619,0.095238,0.047619,0,0,0,0.047619,0,0,0.047619,0,0
0.016393,0.032787,0,0,0.032787,0.016393,0.016393,0,0,0,0.016393,0,0.032787,0.016393,0,0.016393,0.016393,0.032787,0,0.04918,0.04918,0.016393,0,0.016393,0,0.032787,0.032787,0.032787,0.032787,0,0.032787,0,0.032787,0.032787,0.016393,0,0.16393,0.032787,0,0.016393,0.04918,0.016393,0,0,0,0,0.016393,0,0.016393,0,0,0,0.016393,0.016393,0.016393,0,0,0,0.016393,0,0,0,0,0
0.033333,0.033333,0,0,0,0.033333,0.066667,0,0,0.066667,0.066667,0,0,0,0,0,0,0,0,0,0,0,0,0.033333,0,0.033333,0,0,0,0,0,0,0,0.033333,0,0,0.26667,0.13333,0,0,0.033333,0.033333,0,0.033333,0,0,0,0,0,0,0,0,0,0,0,0,0.033333,0,0,0.033333,0.033333,0,0,0
0.04,0,0,0.02,0,0,0,0,0,0,0,0.04,0,0.02,0.02,0.04,0,0.02,0,0.02,0.02,0,0,0,0.02,0.02,0.04,0,0.02,0.02,0.02,0.04,0.04,0,0,0.02,0,0,0,0.02,0,0,0,0.02,0.04,0.04,0.08,0.06,0.04,0.02,0,0,0,0,0,0,0,0.02,0.02,0.02,0.02,0.04,0.04,0.04
0.05,0,0.05,0,0,0.05,0,0,0,0,0.05,0,0.05,0.05,0,0,0,0,0.05,0,0,0,0.05,0,0.1,0,0,0.05,0.1,0.05,0,0,0,0,0,0,0,0,0,0,0,0,0.05,0,0,0,0,0,0.05,0,0,0,0,0.05,0,0,0.05,0,0,0,0,0,0.05,0.05
0,0.071429,0.071429,0.14286,0,0,0,0,0,0,0,0,0.071429,0.071429,0.071429,0,0,0.14286,0,0,0,0,0.071429,0,0,0,0,0,0,0,0,0,0.071429,0,0,0,0,0,0,0,0,0,0,0,0,0,0,0,0.071429,0,0,0,0,0,0,0,0,0.071429,0,0,0.071429,0,0,0
0.051282,0.051282,0,0.076923,0,0,0.025641,0,0,0.025641,0,0,0.025641,0.025641,0.051282,0,0.076923,0,0,0.051282,0,0,0,0,0,0,0,0.051282,0,0,0,0.025641,0,0,0,0,0.025641,0,0,0,0,0.025641,0,0,0,0,0,0,0.10256,0.051282,0,0,0.025641,0.025641,0,0,0,0.025641,0,0.076923,0.051282,0,0.025641,0.025641
0,0,0,0,0.083333,0.083333,0,0,0,0.083333,0,0,0,0.083333,0,0.083333,0.083333,0.083333,0,0,0.083333,0,0,0,0,0,0,0,0,0,0,0,0,0,0,0,0.083333,0.083333,0,0,0.083333,0,0,0,0,0,0,0,0,0,0,0,0,0,0.083333,0,0,0,0,0,0,0,0,0
0,0,0,0,0,0,0,0,0,0,0,0,0,0,0,0,0.066667,0,0.13333,0,0,0,0,0.066667,0,0,0.13333,0,0,0,0,0,0.13333,0,0,0,0,0,0,0,0.066667,0,0,0,0,0.13333,0,0,0,0,0,0,0,0,0,0,0.066667,0.066667,0,0,0,0,0,0.13333
0,0.022727,0.022727,0.045455,0.022727,0,0.022727,0.022727,0,0,0.022727,0.022727,0.022727,0.045455,0,0.022727,0.022727,0,0,0,0,0,0,0.045455,0.045455,0.022727,0.022727,0.045455,0.022727,0.045455,0.022727,0,0.022727,0,0,0.022727,0,0.022727,0.068182,0,0.022727,0.022727,0.022727,0.022727,0,0.022727,0,0,0,0,0,0.022727,0,0,0,0,0,0.022727,0.022727,0,0.022727,0.045455,0.022727,0
0,0,0,0.037037,0.037037,0,0.037037,0,0,0.037037,0,0,0,0,0,0.037037,0,0,0.074074,0.074074,0,0.037037,0,0.037037,0.037037,0,0,0.037037,0.037037,0.037037,0,0,0,0.037037,0,0,0.037037,0,0,0,0,0,0,0,0,0,0,0.037037,0,0,0.074074,0,0.074074,0.074074,0,0,0.037037,0,0.074074,0,0,0,0,0
0.043478,0,0,0,0,0,0,0,0.13043,0,0.043478,0,0,0,0.043478,0,0,0,0.043478,0,0,0,0,0,0,0,0,0.043478,0,0,0,0,0,0,0.043478,0,0,0.043478,0.17391,0.043478,0,0,0,0,0,0,0.17391,0,0,0,0,0,0.043478,0,0,0.043478,0.086957,0,0,0,0,0,0,0
0.090909,0,0,0,0.18182,0,0,0.045455,0,0.045455,0.045455,0,0.045455,0,0,0,0.18182,0,0.045455,0,0,0,0,0,0,0,0,0,0,0,0,0,0.045455,0.045455,0,0,0.090909,0,0.045455,0,0,0,0,0,0.045455,0,0.045455,0,0,0,0,0,0,0,0,0,0,0,0,0,0,0,0,0
0.074074,0,0,0.037037,0,0,0.037037,0,0,0.037037,0,0.037037,0,0,0,0.037037,0,0,0,0,0,0,0,0,0,0,0,0.037037,0,0.037037,0,0,0,0,0.037037,0.074074,0.037037,0,0,0,0,0,0,0,0.037037,0,0.074074,0,0,0,0,0,0.037037,0.037037,0.11111,0,0.037037,0,0.037037,0.037037,0,0.037037,0.037037,0.037037
0.0625,0.0625,0.0625,0,0,0,0.03125,0.03125,0.09375,0.03125,0.03125,0,0.03125,0,0,0.0625,0.03125,0.0625,0,0.03125,0,0,0,0,0,0,0,0,0,0,0,0,0.03125,0,0.03125,0.03125,0,0,0.0625,0,0,0,0.03125,0,0,0,0,0.03125,0,0,0.03125,0.03125,0.03125,0,0,0,0,0.03125,0,0,0.03125,0,0,0
0.0625,0,0,0.0625,0.125,0,0,0,0,0,0,0,0,0,0,0.125,0,0,0,0,0,0,0,0.0625,0.0625,0,0,0,0.0625,0,0,0,0,0,0,0,0,0,0.0625,0,0,0,0,0,0,0,0,0,0.125,0,0,0,0,0,0,0,0.0625,0,0,0.0625,0,0.0625,0,0.0625
0,0,0,0,0,0,0,0,0,0,0,0,0,0.1,0,0,0.1,0,0,0,0,0.1,0.1,0,0.1,0,0,0,0,0,0,0,0.1,0,0,0,0,0,0,0,0,0,0.1,0,0,0,0,0,0.1,0,0,0,0.1,0,0,0.1,0,0,0,0,0,0,0,0
0,0,0.037037,0.037037,0,0.037037,0.074074,0,0.037037,0,0.037037,0,0.037037,0.11111,0,0,0.037037,0,0,0,0.037037,0,0,0.037037,0,0,0,0,0,0,0.037037,0,0.037037,0,0.037037,0.037037,0,0,0,0,0.037037,0.037037,0,0,0,0,0.074074,0.037037,0,0.037037,0,0,0.037037,0,0,0,0,0,0,0.037037,0,0.037037,0,0
0.047619,0.047619,0,0.047619,0.095238,0.047619,0,0,0,0.047619,0,0,0,0,0,0.047619,0,0,0.047619,0,0,0,0,0,0.047619,0,0.095238,0,0.047619,0,0.095238,0,0.047619,0,0,0,0,0.047619,0,0,0,0,0,0,0,0,0,0,0.047619,0,0.047619,0.047619,0,0,0,0,0,0,0,0,0,0.047619,0,0
0.043478,0.021739,0,0,0.043478,0,0,0,0,0.086957,0.021739,0.043478,0,0.021739,0,0,0.043478,0.021739,0,0,0,0.043478,0,0,0.021739,0,0.043478,0,0,0.021739,0,0,0.021739,0.021739,0.021739,0,0,0.021739,0,0,0,0.021739,0,0.043478,0,0.065217,0.021739,0.021739,0.043478,0.021739,0.043478,0,0.043478,0,0.021739,0,0,0,0.043478,0.021739,0,0,0.021739,0
0.090909,0,0.045455,0.045455,0,0,0,0.045455,0,0,0.045455,0,0,0,0.045455,0.045455,0.045455,0,0.045455,0,0.090909,0,0,0,0.090909,0,0,0,0,0,0,0.045455,0,0,0,0,0,0,0,0,0.045455,0,0,0,0,0,0.045455,0,0,0,0.045455,0,0,0,0,0,0.045455,0.045455,0,0.045455,0,0,0,0.045455
0,0,0,0.043478,0,0,0,0,0,0,0,0.043478,0,0.043478,0,0.043478,0.086957,0.043478,0.043478,0,0,0.043478,0,0,0,0,0,0,0.086957,0,0.043478,0,0,0,0,0,0,0,0.043478,0,0,0,0.043478,0,0.043478,0,0,0,0.043478,0,0,0.043478,0,0,0,0.043478,0.043478,0,0,0.043478,0.086957,0,0,0.043478
0,0,0,0.025,0,0.025,0,0,0,0.025,0,0,0,0,0,0.075,0,0.05,0.025,0,0,0,0,0.025,0.025,0,0,0,0.025,0,0,0,0.025,0,0.025,0,0.025,0,0.025,0,0,0.05,0,0.025,0,0,0.05,0.05,0.025,0.025,0,0.025,0,0,0,0.025,0,0.025,0.05,0.025,0.025,0.1,0.025,0.075
0.033333,0,0,0,0.033333,0,0,0,0,0,0,0.066667,0,0,0,0.066667,0.066667,0,0,0.033333,0.033333,0,0,0,0,0,0,0,0,0,0,0.1,0,0,0,0.033333,0,0.033333,0.033333,0,0,0,0,0,0,0.066667,0.1,0,0,0,0,0,0,0.033333,0.066667,0,0,0.033333,0,0,0,0,0,0.16667
0.058824,0,0,0,0.098039,0.019608,0,0,0,0,0,0.019608,0.019608,0.039216,0.019608,0.039216,0.039216,0,0,0.019608,0.019608,0.019608,0.039216,0,0,0,0,0,0,0.078431,0.019608,0,0,0,0.019608,0.019608,0.019608,0,0.019608,0.019608,0,0.039216,0,0,0,0,0.058824,0.019608,0.039216,0,0.019608,0.039216,0,0,0.058824,0,0,0,0.019608,0.019608,0.019608,0,0,0.019608
0,0,0,0,0,0.034483,0.034483,0,0,0,0,0,0.10345,0,0.034483,0.034483,0,0,0,0.068966,0.034483,0.034483,0,0,0,0,0,0.034483,0.034483,0,0,0.068966,0,0,0,0,0,0,0,0.034483,0,0,0,0,0.068966,0,0,0.034483,0.068966,0.034483,0,0,0,0.034483,0,0,0,0,0.034483,0.034483,0.068966,0.034483,0,0.034483
0.076923,0,0,0,0.076923,0,0.076923,0,0,0,0.076923,0,0.076923,0,0,0,0.076923,0,0,0,0,0.076923,0,0,0,0,0,0,0.15385,0,0,0,0.076923,0,0,0,0,0,0,0,0,0,0,0,0,0,0,0,0.076923,0,0,0.076923,0,0,0,0,0,0,0.076923,0,0,0,0,0
0,0,0.0625,0,0,0.0625,0,0,0,0,0,0.125,0.0625,0,0,0,0,0.0625,0.125,0,0,0.0625,0.125,0,0,0,0,0,0.0625,0,0,0,0,0.0625,0,0,0,0,0,0,0,0,0,0,0,0.0625,0,0,0,0,0.0625,0,0,0.0625,0,0,0,0,0,0,0,0,0,0
0.033333,0.033333,0.033333,0.033333,0.033333,0,0,0.033333,0,0,0,0,0,0,0.033333,0,0,0,0,0,0,0,0.033333,0.033333,0,0.033333,0,0.033333,0.033333,0,0.033333,0.033333,0,0,0,0,0.033333,0,0.033333,0.033333,0,0,0.033333,0,0.033333,0,0.1,0.033333,0,0,0,0.033333,0,0,0,0,0,0,0.033333,0.1,0,0.033333,0,0.033333
0.11111,0,0,0,0,0,0,0,0,0,0,0.11111,0,0,0.055556,0,0.055556,0,0,0,0,0,0,0,0,0.055556,0,0.055556,0,0,0,0,0,0,0,0,0.055556,0,0,0,0.055556,0.055556,0,0,0,0.055556,0,0,0,0,0.055556,0,0,0,0,0.055556,0,0,0.055556,0,0,0.055556,0.11111,0
0,0,0,0.083333,0.083333,0,0,0,0,0,0,0.083333,0,0,0,0.083333,0,0,0,0.083333,0,0,0,0,0.083333,0,0,0,0,0.083333,0,0,0,0,0,0,0,0,0,0.083333,0,0,0,0,0,0,0.083333,0.083333,0,0,0,0,0,0,0,0,0.083333,0,0,0,0,0,0.083333,0
0,0,0,0,0.1,0,0,0,0,0,0,0.1,0,0,0.1,0,0,0,0,0,0,0,0,0,0,0.1,0.1,0,0,0,0,0,0,0,0,0,0,0,0.1,0,0,0,0.1,0,0,0,0,0,0,0,0,0,0,0,0,0,0,0,0.2,0.1,0,0,0,0
0,0,0,0.052632,0.052632,0,0,0,0,0,0,0.052632,0,0,0,0,0.052632,0,0,0,0,0,0,0,0,0,0.052632,0,0,0,0,0,0,0,0,0,0,0,0,0.052632,0,0.052632,0,0.10526,0,0,0.15789,0,0,0,0,0.052632,0,0,0,0,0.052632,0.052632,0.052632,0.052632,0,0.052632,0,0.052632
0,0,0,0,0,0,0,0,0,0,0,0,0.066667,0,0.13333,0.066667,0.066667,0,0,0,0.066667,0.066667,0.066667,0,0,0,0,0.066667,0,0,0,0,0.13333,0,0,0,0,0,0,0,0,0.066667,0,0,0,0,0,0.066667,0,0,0,0,0,0,0,0,0,0,0,0,0,0.066667,0.066667,0
0,0,0,0.047619,0,0,0,0,0,0.047619,0,0.047619,0.047619,0,0,0.047619,0.047619,0,0,0.047619,0.047619,0,0.047619,0,0,0.047619,0.095238,0,0,0,0,0,0,0,0,0,0,0,0,0,0,0,0.047619,0,0,0,0.047619,0,0.095238,0,0,0,0.047619,0,0,0,0.047619,0,0.047619,0.095238,0,0,0,0
0.11429,0,0,0,0.057143,0,0,0.028571,0,0,0,0,0.028571,0,0.028571,0.057143,0,0,0,0,0.028571,0.028571,0.028571,0,0,0.028571,0,0,0,0.057143,0,0,0,0,0,0.028571,0.057143,0,0,0.028571,0,0,0,0,0,0,0,0.028571,0,0,0,0.057143,0,0.028571,0,0,0,0.057143,0,0.028571,0,0,0.028571,0.17143
0,0,0,0.083333,0,0,0,0,0,0,0,0,0.083333,0,0,0,0,0,0,0,0,0,0,0,0,0.083333,0.083333,0.083333,0,0,0,0,0,0,0.083333,0,0,0.083333,0,0,0,0,0,0.083333,0,0,0.083333,0.083333,0,0,0.083333,0,0.083333,0,0,0,0,0,0,0,0,0,0,0
0,0,0.071429,0.071429,0,0,0,0,0,0,0,0.071429,0,0,0,0,0,0,0,0,0,0,0,0,0,0,0,0,0.071429,0,0,0,0,0,0,0,0.071429,0,0,0.071429,0,0,0,0.071429,0.071429,0,0.14286,0,0,0.071429,0,0,0,0,0.071429,0,0,0,0,0,0,0.071429,0.071429,0
0.066667,0,0.066667,0,0,0,0.066667,0.066667,0,0,0.066667,0,0,0,0,0,0.066667,0,0.066667,0,0,0,0.066667,0.066667,0,0.066667,0,0,0,0,0,0,0,0,0,0,0,0,0,0,0.066667,0,0,0,0.066667,0,0,0,0.066667,0,0,0,0,0,0,0,0.066667,0,0,0,0.066667,0,0,0
0,0,0,0,0.05,0,0.05,0,0,0,0,0.1,0.05,0,0,0,0,0,0,0,0,0,0,0,0.05,0,0,0.1,0,0,0,0,0,0,0,0,0.05,0,0,0.05,0,0,0,0,0,0.05,0,0.05,0.1,0,0,0,0.05,0,0,0,0,0,0.05,0.05,0.05,0.05,0,0.05
0,0.023256,0,0,0.069767,0.023256,0,0,0,0,0,0,0.023256,0,0,0.023256,0.18605,0.046512,0.069767,0,0,0,0.023256,0,0.023256,0.023256,0.023256,0,0.023256,0,0,0,0.023256,0.023256,0,0,0.069767,0,0.046512,0,0.023256,0,0,0,0,0,0.023256,0,0,0,0,0.046512,0.023256,0,0,0,0,0.023256,0,0,0.046512,0,0.046512,0.023256
0,0.045455,0,0,0,0,0.045455,0.045455,0.090909,0,0.045455,0,0.045455,0,0,0.090909,0,0,0.045455,0,0,0,0,0,0,0.090909,0,0,0,0,0,0,0,0,0.045455,0,0.045455,0,0,0,0,0.045455,0,0,0,0,0,0,0.13636,0,0,0,0.045455,0,0,0,0,0.045455,0,0.045455,0,0,0,0.045455
0,0,0,0,0,0,0,0.083333,0,0,0,0,0.083333,0,0,0.083333,0.083333,0.083333,0.083333,0,0,0.083333,0,0,0,0,0,0,0,0,0,0,0,0,0,0,0,0,0,0,0,0.083333,0,0,0,0,0,0,0.083333,0,0,0.083333,0,0,0,0.083333,0,0,0,0,0.083333,0,0,0
0.035714,0,0.035714,0.071429,0.071429,0.035714,0,0,0.035714,0,0,0.035714,0,0,0.035714,0,0.035714,0,0,0.035714,0,0,0,0,0,0.071429,0,0,0,0,0,0.035714,0.035714,0,0,0,0,0.071429,0,0,0,0,0,0,0.035714,0,0.071429,0,0,0,0,0,0.035714,0,0,0,0.035714,0,0,0,0.035714,0.035714,0.035714,0.071429
0,0,0,0,0,0.058824,0,0,0,0.11765,0,0.058824,0.058824,0,0.058824,0,0,0,0,0.058824,0.058824,0.058824,0,0,0,0,0,0,0.058824,0,0,0,0,0,0,0,0,0,0,0,0,0.058824,0,0.058824,0.058824,0,0.058824,0,0,0,0,0,0,0.058824,0,0,0,0,0,0,0,0,0.11765,0
0,0,0,0,0,0,0,0.16667,0,0,0,0,0.083333,0,0,0,0,0,0,0,0.083333,0,0,0,0,0,0,0,0,0,0,0,0,0,0,0,0,0,0,0,0,0.16667,0,0,0,0,0.083333,0,0.083333,0,0,0.083333,0,0,0,0,0,0,0.083333,0,0.083333,0,0.083333,0
0,0,0.037037,0.037037,0.037037,0,0,0.037037,0,0,0,0,0,0.037037,0,0,0,0,0.037037,0,0.074074,0,0.037037,0,0,0.037037,0,0,0,0,0,0,0.037037,0,0,0,0.037037,0,0.037037,0.037037,0.037037,0,0.037037,0,0,0,0.037037,0.074074,0.037037,0.037037,0,0,0.037037,0,0,0.037037,0,0.037037,0,0,0,0.074074,0,0.037037
0,0.052632,0,0.052632,0,0,0,0,0,0,0,0,0,0,0.052632,0.052632,0,0,0,0,0,0.052632,0.052632,0,0.052632,0,0,0,0,0,0.052632,0,0,0,0,0,0,0.052632,0.052632,0,0,0,0,0,0,0.052632,0,0.052632,0,0,0,0,0.052632,0,0.10526,0,0.10526,0,0,0.052632,0,0,0,0.052632
0,0,0,0,0,0,0,0,0,0,0,0,0.055556,0,0,0,0,0.11111,0,0.055556,0.055556,0.055556,0,0,0,0.055556,0,0.22222,0.055556,0,0,0.055556,0,0,0,0,0,0.055556,0,0.055556,0,0,0,0,0,0,0,0,0,0,0,0,0,0,0,0.055556,0.055556,0,0,0,0,0,0.055556,0
0,0.05,0,0.1,0.1,0,0.05,0,0,0,0,0,0.05,0.05,0.05,0,0.05,0,0,0,0,0,0,0.05,0.05,0,0,0,0.05,0,0,0,0.05,0,0,0,0.05,0,0,0.05,0,0.05,0,0,0,0,0,0,0.05,0.05,0,0,0,0,0,0,0.05,0,0,0,0,0,0,0
0.052632,0.052632,0.052632,0,0,0,0,0,0,0,0,0.052632,0.052632,0,0,0,0,0.052632,0.052632,0,0,0.052632,0,0,0,0,0,0,0,0,0,0.052632,0,0,0,0,0.15789,0,0,0,0,0,0,0,0,0,0.052632,0,0,0,0,0,0,0,0,0.052632,0,0.052632,0.052632,0,0.052632,0,0.10526,0
0.076923,0,0.076923,0,0,0,0,0.076923,0,0,0,0,0,0,0.076923,0.076923,0,0,0,0,0.15385,0,0,0,0,0,0,0,0,0,0,0,0,0,0,0,0,0,0,0,0,0,0,0,0.076923,0,0,0,0.23077,0,0,0,0,0,0,0,0.076923,0,0,0,0.076923,0,0,0
0.072464,0.014493,0.028986,0.028986,0.014493,0,0.028986,0.028986,0.072464,0.043478,0.014493,0.014493,0,0.014493,0,0.014493,0.014493,0,0,0.028986,0.028986,0.028986,0,0,0,0,0.028986,0,0,0.014493,0.028986,0.028986,0.014493,0.028986,0,0,0.014493,0.028986,0.014493,0,0.014493,0.014493,0,0,0.014493,0.028986,0.014493,0.014493,0.014493,0,0,0,0,0,0,0,0,0.043478,0.043478,0.028986,0.014493,0.014493,0.028986,0.014493
0,0,0.034483,0.068966,0,0,0,0,0.034483,0,0,0,0.10345,0.034483,0,0.034483,0.034483,0,0,0,0,0,0,0,0,0,0,0,0,0,0,0,0,0,0,0.034483,0.034483,0,0,0,0,0,0,0,0,0,0,0.034483,0.10345,0,0.068966,0.068966,0.034483,0,0,0.034483,0.034483,0,0,0.034483,0,0.10345,0.034483,0.034483
0.054945,0.010989,0,0.010989,0,0,0.010989,0,0.021978,0.010989,0,0,0.032967,0.032967,0.021978,0.032967,0,0.043956,0.010989,0.010989,0.010989,0.010989,0,0.010989,0.010989,0.043956,0.021978,0.010989,0,0.054945,0,0.010989,0.010989,0.010989,0,0,0.021978,0.010989,0,0.032967,0.021978,0.010989,0,0,0.021978,0,0.043956,0.010989,0.021978,0.010989,0,0.010989,0,0.021978,0.021978,0.010989,0,0.010989,0.021978,0.021978,0.054945,0.021978,0.032967,0.043956
0.027778,0.027778,0,0,0,0,0,0.055556,0.027778,0,0,0.027778,0,0,0,0,0.027778,0.027778,0.055556,0.027778,0.055556,0,0.027778,0,0.027778,0.027778,0,0.027778,0,0,0,0.027778,0,0.055556,0,0,0,0,0,0,0.027778,0,0,0,0,0.055556,0.027778,0,0,0,0.027778,0.027778,0.083333,0.055556,0,0,0,0.027778,0.027778,0,0.027778,0.027778,0.027778,0
0.038462,0.038462,0.038462,0,0.038462,0.038462,0,0,0.038462,0,0,0.076923,0,0,0,0,0.038462,0.038462,0.15385,0.076923,0.11538,0.038462,0,0,0.076923,0,0.038462,0,0,0,0,0,0,0.038462,0,0,0,0.038462,0,0,0,0,0.038462,0,0,0,0,0,0,0,0,0,0,0,0,0,0,0,0,0,0,0,0,0
0,0,0,0,0,0,0.038462,0,0,0.038462,0,0,0,0,0,0,0,0,0.11538,0,0,0,0,0.076923,0,0,0,0.11538,0,0.038462,0.038462,0,0.038462,0,0,0,0.038462,0,0,0.038462,0,0.038462,0,0,0,0,0,0,0,0,0,0.076923,0,0.038462,0,0.076923,0,0.038462,0,0.11538,0,0,0,0.038462
0,0,0,0.2,0,0,0,0,0,0,0,0,0.1,0,0,0.1,0.2,0,0,0,0,0,0,0,0,0,0,0,0,0,0,0,0,0,0,0,0,0,0,0,0.1,0,0,0,0,0,0,0,0,0,0,0.1,0,0.1,0,0,0,0.1,0,0,0,0,0,0
0.11538,0.076923,0,0,0,0,0,0,0,0,0,0,0,0,0,0,0.076923,0,0,0,0,0,0,0,0.076923,0.038462,0.038462,0,0,0,0,0,0,0,0,0,0,0.076923,0,0,0,0,0,0,0,0,0.038462,0.038462,0.076923,0,0.038462,0,0,0,0.038462,0,0.038462,0.038462,0.038462,0,0.038462,0,0.038462,0.076923
0.023256,0,0,0.046512,0.023256,0,0.023256,0,0,0.046512,0.023256,0,0.069767,0,0.023256,0,0.023256,0,0,0.046512,0.046512,0,0.046512,0,0,0.023256,0.023256,0.046512,0,0,0,0,0,0,0,0,0.023256,0,0.046512,0,0,0,0.046512,0,0.023256,0,0.093023,0,0,0,0,0,0,0,0,0,0,0.046512,0,0.13953,0,0,0.046512,0
0,0,0,0,0,0,0.076923,0,0,0,0,0,0,0,0.076923,0,0,0,0,0,0,0,0,0,0.076923,0,0,0.076923,0,0,0,0,0,0.076923,0,0,0.076923,0.15385,0,0,0,0,0,0,0,0,0.076923,0,0.076923,0,0.076923,0.076923,0,0,0,0,0,0,0,0,0,0,0,0.076923
0.03125,0.03125,0,0,0.03125,0,0.03125,0,0,0.03125,0.03125,0,0.03125,0,0,0,0,0,0,0,0.03125,0,0,0,0,0.0625,0,0.03125,0,0.03125,0.0625,0.03125,0.09375,0,0.0625,0,0,0.03125,0.03125,0.03125,0,0.0625,0,0,0,0,0,0,0,0.03125,0,0,0,0,0.03125,0.03125,0.03125,0,0,0,0,0,0.0625,0.03125
0.038462,0,0,0,0,0,0,0.038462,0,0.038462,0,0.038462,0.038462,0.038462,0,0,0.038462,0,0.038462,0,0.076923,0.038462,0,0,0.038462,0,0,0,0,0,0,0,0,0,0,0,0.038462,0,0,0.038462,0,0,0,0.038462,0,0,0,0,0.076923,0,0.038462,0.038462,0,0.038462,0.038462,0,0,0.038462,0,0,0.076923,0.038462,0,0.038462
0.068966,0.034483,0,0,0.034483,0.034483,0,0.034483,0,0.034483,0.034483,0.034483,0,0.068966,0,0,0.068966,0,0.034483,0,0,0.034483,0,0,0,0.034483,0.034483,0,0,0,0,0,0.034483,0.034483,0,0.034483,0,0,0,0,0,0.034483,0.034483,0.034483,0,0.034483,0,0,0,0,0,0,0,0.068966,0,0,0,0,0,0,0.034483,0,0.068966,0
0.038462,0,0,0,0.076923,0,0,0,0,0.038462,0,0,0,0.076923,0,0,0.038462,0.038462,0,0,0,0,0,0,0,0,0.038462,0,0,0,0.038462,0.076923,0.038462,0.038462,0.038462,0,0,0,0,0,0,0,0.076923,0,0,0,0,0.076923,0.038462,0,0,0,0.038462,0.038462,0,0,0,0,0.038462,0,0,0.038462,0.076923,0
0,0,0,0,0.071429,0,0.071429,0,0.071429,0,0.071429,0,0,0.071429,0,0.071429,0,0,0,0,0,0,0.071429,0,0.071429,0,0.071429,0,0,0,0,0,0,0,0,0,0.071429,0,0.071429,0,0.071429,0,0,0,0,0,0,0,0,0,0,0.071429,0,0,0.071429,0,0,0,0,0,0,0,0,0
0,0,0,0.053571,0,0.035714,0,0.017857,0,0,0,0.017857,0,0.017857,0,0.017857,0.035714,0.017857,0.035714,0,0,0,0,0,0.035714,0.035714,0.053571,0.035714,0,0.017857,0,0.017857,0.017857,0,0,0,0.053571,0.017857,0.035714,0.017857,0.035714,0,0.017857,0,0,0.017857,0.089286,0.017857,0.017857,0,0.017857,0.017857,0.017857,0,0.017857,0,0,0,0,0.035714,0.017857,0.017857,0.053571,0.017857
0.0625,0,0,0,0,0,0,0.0625,0.0625,0.0625,0,0,0,0,0,0,0.0625,0,0.0625,0,0,0,0,0,0.0625,0,0,0,0,0,0,0,0,0,0,0,0.0625,0,0,0,0,0,0,0,0,0,0,0,0.125,0,0,0,0,0.125,0,0,0,0.125,0,0.0625,0,0,0,0.0625
0.22727,0.045455,0.045455,0,0.090909,0.045455,0,0,0,0,0,0,0.045455,0,0,0,0.22727,0,0.045455,0,0.045455,0,0.045455,0,0,0,0,0,0,0,0,0,0.045455,0,0,0,0.045455,0,0,0,0,0,0,0,0,0,0,0,0,0,0,0,0,0,0.045455,0,0,0,0,0,0,0,0,0
0.041667,0.013889,0.027778,0.013889,0.027778,0.013889,0,0,0,0.013889,0.013889,0,0.013889,0.027778,0,0.041667,0.027778,0.013889,0,0.013889,0.027778,0,0.013889,0,0.013889,0.013889,0,0,0.027778,0.013889,0,0.013889,0.013889,0.013889,0.013889,0.013889,0,0,0.013889,0.041667,0.013889,0,0,0.013889,0.013889,0,0.041667,0.041667,0.013889,0.013889,0.013889,0.055556,0,0,0.027778,0.027778,0.013889,0.013889,0.013889,0.027778,0.027778,0.041667,0.027778,0.013889
0,0,0,0,0,0,0,0,0,0,0,0,0.16667,0,0,0.16667,0,0,0.16667,0,0,0,0,0,0,0.083333,0,0,0,0.083333,0,0,0.083333,0,0,0,0,0,0,0,0,0,0,0,0,0,0,0,0.083333,0,0,0,0,0,0,0,0.083333,0,0,0.083333,0,0,0,0
0.14286,0,0,0,0.071429,0,0,0.035714,0,0,0,0.035714,0.035714,0,0.035714,0.035714,0.035714,0.071429,0.035714,0,0,0,0,0,0,0,0,0,0,0.071429,0,0.035714,0,0,0,0,0,0,0,0.035714,0,0,0,0,0,0,0.035714,0,0.035714,0.035714,0,0,0.035714,0,0,0,0,0.035714,0,0,0.035714,0,0.035714,0.071429
0,0,0,0.11111,0,0,0,0,0,0,0,0,0,0,0,0,0.11111,0,0,0.11111,0,0,0,0,0,0.11111,0,0,0,0,0,0,0,0,0,0,0.11111,0,0,0,0,0,0,0,0,0,0.11111,0,0,0,0,0,0,0.11111,0,0.11111,0,0,0,0,0,0,0,0.11111
0.076923,0,0,0,0,0,0,0,0,0,0,0,0,0,0,0.076923,0.076923,0.076923,0.076923,0,0,0.076923,0,0,0,0,0,0,0,0,0.076923,0,0,0,0,0,0,0,0,0,0,0,0,0,0,0.076923,0,0,0,0,0,0,0,0,0,0,0.076923,0.076923,0,0,0,0.076923,0.076923,0.076923
0.11111,0,0,0,0,0,0.11111,0,0,0,0,0,0,0,0,0,0,0,0.11111,0,0,0,0,0,0,0,0,0,0,0,0,0,0,0,0,0,0,0,0,0,0,0,0,0,0,0,0.11111,0,0,0,0.11111,0,0,0,0.11111,0.11111,0.11111,0,0,0,0,0,0,0.11111
0.027778,0,0,0,0.027778,0,0.027778,0,0.027778,0.055556,0,0,0,0,0,0,0.027778,0.027778,0,0,0.027778,0,0,0,0.027778,0.027778,0,0,0.055556,0.027778,0.055556,0.027778,0.055556,0.027778,0,0.055556,0,0.027778,0.027778,0,0,0.083333,0,0.027778,0.027778,0.027778,0,0,0,0,0,0,0,0,0,0,0.055556,0.027778,0,0,0,0.055556,0.027778,0
0,0,0,0,0,0,0,0,0.083333,0,0,0,0,0.083333,0,0,0,0,0,0,0,0,0,0,0,0.083333,0,0,0,0,0,0,0.083333,0,0,0,0,0,0.083333,0,0.083333,0,0.083333,0.083333,0,0,0.083333,0,0,0.083333,0,0,0,0.083333,0.083333,0,0,0,0,0,0,0,0,0
0,0,0,0,0,0,0,0,0,0,0.04,0.04,0,0,0.04,0,0,0,0.04,0.08,0,0,0,0.04,0,0,0,0.04,0,0.08,0.04,0,0,0.08,0.08,0,0.04,0,0,0,0.04,0,0,0,0.04,0.08,0,0,0,0,0,0,0.12,0,0,0,0,0,0.04,0,0,0,0.04,0
0,0.041667,0.041667,0,0,0,0,0.041667,0,0,0,0,0.041667,0,0,0.083333,0,0,0,0,0,0,0,0,0,0,0,0,0.041667,0.041667,0.083333,0.125,0,0,0,0,0,0,0,0,0,0.041667,0,0,0,0,0.041667,0.041667,0,0,0.041667,0,0,0,0,0,0,0,0,0.041667,0.041667,0.041667,0.041667,0.125
0,0,0,0.034483,0.034483,0,0,0.034483,0,0,0,0,0,0,0.034483,0.034483,0.034483,0,0,0,0.034483,0,0,0,0,0,0,0,0,0.034483,0,0,0,0,0,0,0.034483,0.034483,0,0,0.034483,0,0,0.068966,0,0,0.034483,0.034483,0.034483,0,0,0,0.068966,0.034483,0,0.034483,0,0.034483,0.068966,0.068966,0,0.068966,0,0.068966
0.11538,0,0.038462,0.076923,0.11538,0,0.038462,0,0,0,0,0,0,0.038462,0.038462,0,0.038462,0,0,0,0.038462,0,0,0.038462,0,0.038462,0,0,0.038462,0,0,0,0,0,0,0,0.038462,0,0,0,0,0,0,0,0,0,0,0,0.038462,0.038462,0,0,0,0,0.038462,0,0,0.038462,0,0.038462,0.038462,0,0.038462,0.038462
0.015385,0,0,0.015385,0.061538,0,0.015385,0.015385,0.015385,0,0,0.015385,0.030769,0.030769,0,0.015385,0.030769,0.015385,0,0.015385,0.015385,0,0,0,0.030769,0.015385,0.015385,0.076923,0,0,0.030769,0.015385,0.015385,0,0.015385,0.030769,0.015385,0,0.046154,0,0.015385,0,0.015385,0,0.015385,0,0.030769,0.015385,0.015385,0.015385,0,0.046154,0,0.015385,0.015385,0,0,0.015385,0,0.046154,0.030769,0.015385,0.015385,0.061538
0,0,0,0,0.1,0,0.1,0,0,0,0,0,0,0.1,0,0,0,0,0,0,0,0,0,0,0,0,0,0.1,0,0,0.1,0.1,0,0,0,0,0,0,0.1,0,0,0,0,0,0,0,0.1,0,0,0.2,0,0,0,0,0,0,0,0,0,0,0,0,0,0
0.021739,0.043478,0.043478,0,0,0.021739,0,0.043478,0.065217,0,0,0.021739,0.021739,0,0,0.021739,0.1087,0,0,0.043478,0,0,0,0.021739,0,0,0,0.043478,0,0.021739,0.043478,0.021739,0,0.021739,0,0.021739,0,0,0.021739,0,0,0.021739,0,0.021739,0.043478,0,0,0,0.021739,0,0,0.021739,0.043478,0.021739,0.021739,0,0.021739,0,0,0,0.021739,0.043478,0.021739,0
0.23529,0,0.088235,0,0.088235,0,0,0,0.058824,0,0,0,0,0,0,0,0.058824,0.029412,0.029412,0,0,0,0.029412,0,0.029412,0,0,0,0,0,0.029412,0,0.029412,0.029412,0,0,0.029412,0.029412,0.029412,0,0.029412,0,0,0,0,0,0,0,0.058824,0,0.029412,0,0,0,0,0,0,0,0,0.029412,0,0.029412,0,0
0,0.032258,0.064516,0,0.032258,0,0.064516,0,0.032258,0.032258,0,0,0,0,0.032258,0.032258,0,0,0,0.032258,0,0,0,0,0.032258,0.064516,0,0,0,0,0,0.032258,0,0,0.032258,0,0,0.032258,0,0,0.032258,0,0.032258,0,0,0,0.032258,0.032258,0,0,0.032258,0,0,0.032258,0.032258,0.032258,0.032258,0.12903,0,0,0,0,0.032258,0
0,0.023256,0,0.069767,0,0,0,0.023256,0.023256,0,0,0.046512,0.023256,0,0.023256,0,0.023256,0,0,0.023256,0.023256,0,0,0,0,0,0.023256,0,0.023256,0,0.023256,0.023256,0.046512,0,0,0,0,0.023256,0,0.023256,0,0,0,0.023256,0.023256,0,0.046512,0.046512,0.046512,0,0.023256,0.023256,0,0,0,0,0.023256,0.023256,0.023256,0.023256,0.069767,0.046512,0.046512,0.023256
0,0,0,0,0,0,0,0.047619,0,0.047619,0,0.047619,0,0.047619,0.047619,0,0,0.047619,0.047619,0.047619,0.047619,0,0,0,0,0,0,0,0,0,0.047619,0,0,0,0,0,0.047619,0,0,0.047619,0,0.14286,0,0,0,0,0,0,0.047619,0.047619,0,0,0,0.095238,0,0,0,0.095238,0,0,0,0,0,0
0,0.028986,0.014493,0.028986,0.014493,0.014493,0,0.014493,0,0,0,0.014493,0,0,0,0.028986,0.014493,0.028986,0.014493,0.028986,0.014493,0,0.028986,0,0.028986,0,0,0,0,0.043478,0,0.014493,0.014493,0.014493,0.014493,0.014493,0.072464,0.014493,0,0,0.057971,0,0.014493,0,0,0,0,0.014493,0,0.028986,0,0,0.028986,0.057971,0,0,0.014493,0.072464,0.014493,0.043478,0.014493,0.028986,0.028986,0.057971
0.2,0.066667,0,0.066667,0,0.066667,0,0,0,0,0,0,0.066667,0,0,0,0.13333,0,0,0.066667,0,0,0,0,0,0,0,0,0,0,0,0,0,0,0,0,0,0,0,0,0,0.066667,0.066667,0,0,0,0,0,0,0,0,0,0,0.066667,0,0,0,0.066667,0,0,0,0,0,0.066667
0.08,0,0.08,0.08,0.04,0,0,0,0,0,0,0.04,0,0,0.08,0,0,0,0,0.04,0,0,0.04,0,0.08,0,0,0,0,0.04,0,0,0,0,0,0,0.12,0.04,0,0,0,0,0.04,0,0,0,0,0,0,0.04,0,0.04,0,0,0,0,0.08,0,0,0,0,0,0.04,0
0.11364,0.045455,0.022727,0.022727,0,0,0.045455,0,0.068182,0.022727,0.022727,0,0,0,0.022727,0,0.045455,0,0,0,0,0,0,0,0,0.022727,0.022727,0,0,0,0,0,0.045455,0,0.045455,0.022727,0.045455,0.045455,0.022727,0.022727,0,0.022727,0,0,0,0,0.045455,0.022727,0,0.022727,0,0,0.022727,0.022727,0,0,0.022727,0.045455,0.022727,0,0,0.022727,0,0
0.043478,0,0.043478,0.043478,0,0.086957,0,0.043478,0,0,0,0.043478,0.043478,0,0,0,0.13043,0,0,0,0.043478,0.043478,0,0.043478,0,0,0,0,0,0.043478,0,0,0.043478,0,0,0,0.043478,0,0.043478,0.043478,0,0,0,0,0,0,0,0,0.043478,0,0,0,0.043478,0,0,0.043478,0,0,0,0,0,0,0.043478,0
0.11111,0,0.055556,0.055556,0,0,0.055556,0,0,0,0.055556,0,0,0,0.055556,0,0.055556,0.055556,0,0,0,0.055556,0,0,0.055556,0,0.055556,0,0,0,0,0,0,0,0,0,0,0,0.055556,0,0,0,0,0,0.055556,0.055556,0,0,0.055556,0,0,0,0,0,0,0,0,0.055556,0,0,0,0.055556,0,0
0.020833,0,0.020833,0.083333,0.020833,0.041667,0.020833,0.020833,0,0,0,0,0.020833,0.041667,0,0.041667,0.083333,0,0,0.020833,0.041667,0,0,0.020833,0,0.041667,0.020833,0,0,0,0,0.041667,0,0,0,0,0,0.020833,0,0.020833,0.020833,0,0,0,0,0.020833,0,0.041667,0.041667,0.020833,0.020833,0.041667,0.020833,0,0.020833,0,0.020833,0,0,0.020833,0,0,0.020833,0.041667
0.047619,0,0.047619,0,0,0.047619,0,0.047619,0.047619,0,0,0,0,0.095238,0,0.047619,0.095238,0,0,0,0,0.047619,0,0,0,0,0,0,0,0,0,0,0.047619,0,0,0,0,0.047619,0.047619,0,0,0,0,0,0,0,0,0,0,0,0.047619,0,0,0,0,0,0.047619,0,0,0,0.047619,0,0.047619,0.14286
0,0,0,0.1,0,0,0.3,0,0,0,0,0,0.1,0,0,0,0,0,0,0.1,0,0,0,0,0,0,0,0.1,0,0,0,0,0,0,0,0,0,0,0,0,0,0,0,0,0,0,0,0,0,0.1,0,0.1,0.1,0,0,0,0,0,0,0,0,0,0,0
0.018868,0.056604,0,0.018868,0.056604,0,0.018868,0,0.056604,0,0.018868,0.018868,0.037736,0,0.018868,0.037736,0.018868,0,0,0,0.018868,0,0,0.018868,0.018868,0,0,0,0,0.018868,0,0.018868,0.037736,0,0.018868,0.018868,0,0,0,0.056604,0,0,0.018868,0.018868,0.056604,0,0,0,0.018868,0.037736,0,0.056604,0,0,0,0,0.037736,0.037736,0,0.018868,0.09434,0,0,0
0.0625,0,0,0,0,0.0625,0,0,0,0.0625,0,0,0.125,0,0,0,0.0625,0,0,0.0625,0,0,0,0,0,0,0,0,0,0,0,0.0625,0,0,0,0,0,0,0,0,0.0625,0,0,0,0,0,0,0.0625,0,0,0,0,0.0625,0.0625,0.0625,0,0,0,0,0,0,0,0.0625,0.125
0.055556,0.055556,0.027778,0,0.027778,0,0.027778,0,0.027778,0.055556,0,0.055556,0.027778,0,0.055556,0,0.027778,0.027778,0,0,0,0,0.027778,0,0,0,0,0,0,0.055556,0,0,0.027778,0,0.027778,0,0,0,0.027778,0,0,0,0,0,0.027778,0.027778,0.027778,0,0.055556,0,0.027778,0.055556,0,0.027778,0.027778,0.055556,0,0,0,0.027778,0,0,0,0
0.043478,0,0,0,0,0,0,0,0,0,0,0,0.043478,0,0,0,0,0.043478,0.086957,0.043478,0.043478,0,0,0,0.086957,0,0.043478,0,0,0,0.043478,0.086957,0,0.043478,0.043478,0,0.043478,0,0,0.043478,0,0,0,0,0,0,0,0,0,0,0,0,0,0,0.043478,0,0,0,0,0.043478,0.086957,0,0.086957,0
0.051282,0,0,0,0,0,0,0.025641,0,0,0,0,0.076923,0,0.051282,0,0.076923,0,0,0.025641,0.025641,0.025641,0,0.025641,0,0,0,0,0,0.025641,0.025641,0.051282,0,0,0,0.025641,0.025641,0.025641,0.025641,0,0,0.025641,0,0.025641,0,0,0.051282,0.025641,0,0.025641,0,0,0.051282,0,0.025641,0,0.051282,0,0.051282,0.025641,0.025641,0,0,0.025641
0,0,0.058824,0,0.058824,0,0,0,0,0,0,0,0,0,0,0.11765,0,0,0.058824,0,0,0,0,0,0,0,0,0,0,0.058824,0,0.058824,0,0,0,0,0,0,0,0,0,0,0,0,0,0,0,0,0,0,0,0.11765,0.11765,0,0,0,0,0,0.058824,0.058824,0.11765,0,0.058824,0.058824
0.058824,0,0.029412,0.029412,0,0,0,0,0,0,0,0,0.029412,0.029412,0.029412,0,0,0,0,0.029412,0.058824,0,0.058824,0,0,0.029412,0,0,0,0,0.058824,0,0.029412,0.029412,0,0,0,0,0.029412,0,0,0,0,0.029412,0.029412,0,0.029412,0,0,0.029412,0.029412,0.029412,0.058824,0.029412,0,0.058824,0,0,0.029412,0.029412,0,0,0.029412,0.058824
0.02439,0,0.04878,0.04878,0,0,0,0,0.02439,0,0,0.02439,0.097561,0,0.02439,0.02439,0,0,0,0,0,0,0,0.02439,0,0,0,0,0,0,0.04878,0.02439,0.04878,0,0,0,0.02439,0.02439,0,0,0.04878,0.04878,0.02439,0,0,0.02439,0,0,0,0,0.04878,0.073171,0,0,0,0.02439,0.04878,0.02439,0,0.02439,0.04878,0,0.02439,0.02439
0.047619,0.047619,0.02381,0,0.047619,0,0.02381,0,0,0,0,0,0.02381,0.02381,0.02381,0.02381,0.047619,0.02381,0,0.02381,0.071429,0.02381,0,0,0.047619,0.02381,0.02381,0,0,0,0,0.047619,0.02381,0,0,0,0.02381,0,0,0.02381,0,0.02381,0.02381,0,0,0,0,0,0,0.02381,0,0.02381,0,0.071429,0,0,0,0.071429,0,0,0,0,0.02381,0.047619
0,0,0,0,0,0,0,0,0,0,0,0,0,0,0,0,0,0,0,0,0,0,0,0,0,0,0,0,0,0,0.11111,0,0.11111,0,0.11111,0,0,0,0,0,0,0,0,0,0,0,0,0,0.11111,0,0,0.11111,0,0,0.11111,0.11111,0.11111,0.11111,0,0,0,0,0,0
0.058824,0,0.058824,0.058824,0,0,0,0,0.058824,0,0,0,0,0,0,0,0,0,0.058824,0,0.058824,0,0,0.058824,0.11765,0.058824,0,0,0.058824,0,0,0,0,0,0,0,0,0,0,0,0,0.058824,0,0,0,0,0,0,0.058824,0,0.11765,0.058824,0,0.058824,0,0,0,0,0,0,0,0,0,0
0,0,0.038462,0.076923,0.038462,0.038462,0,0,0,0,0,0,0,0,0,0.038462,0,0,0,0.038462,0,0,0,0,0,0,0,0,0,0,0,0,0.038462,0,0.038462,0,0,0,0,0,0,0,0.038462,0,0,0,0,0.038462,0.076923,0,0.038462,0.076923,0.076923,0,0,0,0,0.038462,0.038462,0,0.076923,0,0.11538,0.038462
0.065217,0,0,0,0,0.021739,0,0,0.043478,0,0,0.043478,0.043478,0.021739,0.021739,0.065217,0.021739,0.021739,0.043478,0,0,0,0,0,0,0,0,0,0,0.021739,0,0.021739,0.043478,0,0.021739,0.021739,0,0,0,0,0,0,0,0,0.021739,0,0,0,0.043478,0.021739,0,0.043478,0.065217,0,0,0.021739,0,0,0.021739,0.021739,0.043478,0.043478,0.021739,0.086957
0.028571,0.028571,0,0.057143,0.11429,0,0,0,0.028571,0,0,0.028571,0.057143,0,0,0,0,0,0,0.028571,0.028571,0,0.028571,0,0,0,0,0,0,0,0,0.028571,0.057143,0,0,0,0,0,0,0,0.028571,0,0.057143,0,0,0,0.028571,0.085714,0.028571,0,0.028571,0,0,0.057143,0.028571,0.028571,0,0,0,0.028571,0,0.028571,0,0.057143
0.071429,0.071429,0,0,0,0,0,0,0,0,0,0.071429,0.071429,0,0,0,0,0,0,0,0,0,0,0,0,0,0,0,0,0,0,0,0,0,0,0,0,0,0,0,0,0,0,0.071429,0,0,0,0.071429,0,0.071429,0,0,0,0.071429,0,0,0.071429,0,0,0,0.14286,0.071429,0.071429,0.071429
0.068182,0,0.034091,0.011364,0.022727,0.011364,0,0.011364,0.022727,0,0.011364,0.011364,0,0,0.034091,0.034091,0.034091,0,0.011364,0,0,0.011364,0.011364,0.022727,0.011364,0.022727,0,0.011364,0,0.022727,0.011364,0.011364,0,0,0.011364,0,0,0.011364,0.022727,0.011364,0,0.022727,0.011364,0.034091,0,0.011364,0.056818,0.022727,0,0,0,0,0,0,0.034091,0.056818,0.034091,0.045455,0,0.045455,0.022727,0.022727,0,0.068182
0.14286,0,0.047619,0,0,0,0,0,0.047619,0,0,0,0,0,0,0.047619,0.047619,0,0,0.047619,0,0,0,0,0,0,0,0.047619,0,0.047619,0.095238,0,0,0,0,0,0.047619,0,0,0,0,0,0,0,0,0,0,0,0,0,0,0.095238,0,0,0.047619,0,0.047619,0,0,0,0.095238,0,0.047619,0.047619
0.15385,0,0,0,0,0,0,0,0.076923,0,0.076923,0,0,0,0,0,0,0,0,0,0,0,0,0,0.076923,0,0,0,0,0,0.076923,0,0.15385,0,0.076923,0,0.15385,0,0,0,0,0.076923,0,0,0,0,0,0,0,0,0,0,0,0,0,0.076923,0,0,0,0,0,0,0,0
0,0.05,0,0,0.05,0,0,0,0,0,0,0,0,0,0,0,0,0.05,0.05,0.05,0,0.05,0,0,0.1,0.05,0,0,0,0.05,0,0,0.05,0,0.05,0,0,0,0.05,0.05,0.05,0,0,0,0,0,0.05,0,0,0,0,0,0,0,0,0.05,0.05,0,0,0,0.05,0,0,0.05
0.090909,0.090909,0.090909,0,0,0,0.090909,0,0,0,0,0.090909,0,0,0,0,0,0,0,0,0,0,0,0,0,0,0,0,0,0,0.090909,0,0,0,0,0,0,0,0,0.090909,0,0,0,0,0,0,0,0,0.090909,0,0,0,0,0,0.090909,0,0.090909,0.090909,0,0,0,0,0,0
0.052632,0,0,0,0,0,0,0,0,0,0,0.052632,0,0,0.052632,0,0,0,0.052632,0,0,0,0,0,0.052632,0,0.052632,0.052632,0,0,0,0,0,0,0.052632,0,0,0,0.052632,0,0,0,0,0,0,0.052632,0.15789,0,0.052632,0,0,0,0,0,0,0,0,0.10526,0,0,0,0,0,0.15789
0.083333,0,0.083333,0,0,0.083333,0,0,0,0,0,0,0,0.083333,0,0,0,0,0.083333,0,0,0,0,0,0,0,0,0.083333,0,0,0,0,0,0.083333,0,0,0,0,0,0.083333,0,0,0,0,0.083333,0,0,0,0,0,0,0,0,0,0,0,0.083333,0,0,0.083333,0,0.083333,0,0
0.068182,0.022727,0,0.045455,0,0,0,0.022727,0,0.022727,0,0.022727,0.045455,0.022727,0,0.068182,0,0.022727,0.022727,0,0.022727,0,0,0.022727,0.022727,0,0,0.022727,0.022727,0,0,0.022727,0,0.022727,0.022727,0.022727,0,0.022727,0,0,0.045455,0.022727,0,0,0.022727,0.022727,0.022727,0,0,0.022727,0,0.022727,0.022727,0.022727,0.022727,0.022727,0,0,0.045455,0.022727,0.022727,0,0,0.022727
0.066667,0,0.033333,0,0,0.033333,0.033333,0,0,0.033333,0,0,0,0,0,0,0.033333,0,0,0.033333,0,0.033333,0,0.033333,0,0,0,0,0,0,0,0,0,0,0.066667,0,0.066667,0,0.033333,0,0.033333,0,0,0,0.033333,0,0.16667,0,0,0,0,0,0,0,0,0,0.033333,0.066667,0.033333,0.033333,0,0,0.066667,0.033333
0,0.035714,0.035714,0,0.035714,0,0.035714,0,0,0,0.035714,0,0.035714,0,0.035714,0,0.25,0,0.071429,0,0,0,0,0,0.035714,0,0,0,0.035714,0,0,0,0.10714,0.035714,0,0,0.10714,0,0,0,0,0,0,0,0,0,0,0,0,0,0,0,0.035714,0,0.035714,0,0,0,0,0,0.035714,0,0,0
0.083333,0,0,0,0.083333,0,0,0,0,0,0,0,0,0.083333,0,0.083333,0,0,0.083333,0.083333,0,0,0,0.083333,0,0,0,0,0,0,0,0,0,0,0,0.083333,0,0,0,0,0,0,0,0,0,0,0,0,0,0,0,0,0,0,0,0,0,0.083333,0.083333,0,0,0.083333,0,0.083333
0.095238,0.047619,0.047619,0.047619,0.047619,0,0,0,0,0,0,0.047619,0.047619,0,0,0,0.095238,0,0.047619,0,0.047619,0,0,0,0,0,0,0,0,0,0.047619,0,0,0,0.047619,0.047619,0,0,0,0,0,0,0,0,0,0,0.095238,0,0.095238,0,0,0,0,0.047619,0,0,0,0,0,0,0,0,0.047619,0
0.068966,0.034483,0,0.034483,0.034483,0,0.034483,0,0,0,0.034483,0,0.034483,0.034483,0,0.034483,0,0,0.034483,0,0,0.034483,0,0,0,0,0,0,0.034483,0,0.034483,0,0,0.034483,0,0,0.068966,0,0,0,0,0,0,0,0.034483,0,0,0,0,0.034483,0.068966,0.068966,0,0,0,0.034483,0,0,0.034483,0,0.068966,0,0.034483,0.034483
0,0,0,0,0,0.083333,0,0,0,0,0,0.083333,0.16667,0.083333,0,0,0,0,0.083333,0,0,0,0,0,0,0,0,0,0,0,0,0,0,0.083333,0,0,0,0.083333,0,0,0,0,0,0,0,0,0,0,0.25,0,0,0.083333,0,0,0,0,0,0,0,0,0,0,0,0
0.17241,0.034483,0,0.034483,0,0,0,0,0,0,0,0,0.10345,0,0.034483,0,0,0,0,0,0,0,0,0,0,0.034483,0,0,0,0.034483,0,0,0.068966,0,0,0,0,0,0,0,0.034483,0.034483,0,0,0,0,0,0,0,0,0.034483,0.068966,0,0,0,0.034483,0.068966,0.068966,0,0,0.068966,0,0.034483,0.034483
0.028571,0.057143,0.028571,0.057143,0.028571,0.028571,0,0,0.028571,0,0,0,0,0.028571,0,0.028571,0,0.028571,0,0,0.057143,0,0,0.028571,0,0.028571,0,0,0,0.057143,0,0,0.028571,0.057143,0,0.028571,0,0.028571,0,0,0,0.028571,0,0,0.028571,0,0,0,0,0,0.028571,0,0,0,0.028571,0,0,0.028571,0.028571,0.028571,0,0.028571,0.028571,0.085714
0.090909,0,0,0,0,0,0,0,0,0,0.090909,0,0.090909,0,0,0,0,0,0,0.090909,0.18182,0,0,0,0,0,0,0,0,0,0,0,0.090909,0,0,0,0,0.090909,0,0,0,0.090909,0,0,0,0,0,0,0.090909,0,0,0,0,0,0,0.090909,0,0,0,0,0,0,0,0
0,0,0.1,0,0,0.1,0.1,0,0,0,0,0,0,0,0,0,0,0,0.1,0,0,0.1,0,0.1,0,0,0,0,0,0,0,0,0,0,0,0,0,0,0,0,0,0,0,0,0,0,0,0,0.1,0,0,0,0,0,0,0,0,0,0,0,0,0.1,0.1,0.1
0,0,0,0,0.1,0,0,0,0,0.1,0,0,0,0,0,0,0,0,0,0.1,0,0,0,0,0,0,0,0.1,0,0,0,0.1,0,0,0,0,0,0,0,0,0.1,0,0,0,0,0,0,0,0,0.1,0,0,0,0.1,0,0,0,0.1,0,0,0.1,0,0,0
0,0.083333,0,0,0,0,0,0,0,0,0,0,0,0,0,0.083333,0.16667,0,0,0,0,0,0.083333,0,0,0,0,0,0,0,0,0,0,0,0,0,0,0,0,0.083333,0,0,0,0.083333,0,0,0,0,0.083333,0,0,0,0,0,0.083333,0.083333,0,0,0,0.16667,0,0,0,0
0.090909,0,0,0,0.27273,0,0,0,0,0,0,0,0,0,0.090909,0.090909,0,0,0,0,0,0,0,0,0,0,0,0,0,0,0,0,0,0,0,0,0,0,0,0,0,0.18182,0,0,0,0,0,0,0.090909,0,0,0.090909,0.090909,0,0,0,0,0,0,0,0,0,0,0
0,0.076923,0,0.038462,0.038462,0,0,0.038462,0,0,0.076923,0,0,0,0,0,0.076923,0,0.076923,0.038462,0,0,0.038462,0,0,0,0.038462,0,0,0,0.038462,0,0,0,0.038462,0.038462,0.038462,0,0,0.038462,0,0.038462,0.038462,0.038462,0,0.038462,0,0,0,0,0.038462,0,0,0.038462,0,0.038462,0,0,0,0,0,0,0,0
0,0.055556,0,0,0,0,0,0,0,0,0.055556,0,0,0.055556,0,0,0.055556,0,0.055556,0,0,0,0.055556,0,0.055556,0,0,0,0.055556,0,0,0,0,0.055556,0.055556,0,0.055556,0,0,0,0.055556,0,0,0.055556,0,0,0,0.055556,0,0.055556,0,0,0.055556,0,0,0,0.055556,0,0.055556,0,0,0,0,0
0.11842,0.013158,0.039474,0.026316,0.013158,0.013158,0.013158,0,0.026316,0.013158,0.013158,0.013158,0.092105,0.013158,0.026316,0.013158,0.039474,0.039474,0.026316,0.013158,0,0,0.013158,0,0.013158,0.013158,0,0,0.026316,0.013158,0.013158,0.013158,0.026316,0,0.013158,0.013158,0.026316,0,0,0,0,0.013158,0.013158,0,0,0,0,0,0.039474,0.039474,0.013158,0,0,0,0,0,0,0.026316,0.026316,0.013158,0.052632,0,0.013158,0
0.02439,0.02439,0.02439,0.02439,0.02439,0.097561,0.02439,0,0.04878,0,0,0,0.02439,0.02439,0.02439,0.04878,0.02439,0,0.02439,0,0.04878,0,0,0,0.04878,0,0,0,0.02439,0,0,0,0.04878,0,0,0,0,0.02439,0,0,0,0,0.02439,0.02439,0.02439,0,0,0,0.02439,0.02439,0,0.02439,0,0.04878,0.02439,0,0.02439,0.02439,0,0,0,0.04878,0.02439,0
0,0,0,0,0.076923,0,0,0,0,0,0,0.038462,0,0,0.038462,0.076923,0,0,0,0,0,0,0.038462,0,0.076923,0,0.076923,0,0,0,0,0,0,0,0,0.038462,0.038462,0,0.076923,0.038462,0.076923,0.038462,0,0.076923,0,0,0.038462,0,0,0,0,0,0.038462,0,0,0,0.038462,0,0.038462,0,0,0.038462,0,0
0,0,0,0.043478,0,0,0.043478,0.043478,0,0,0,0,0,0,0.043478,0.043478,0,0,0,0,0,0,0,0,0.043478,0,0,0,0.043478,0,0,0,0.043478,0,0,0.043478,0,0.043478,0,0,0.086957,0.043478,0.043478,0,0,0,0,0,0,0,0.043478,0,0,0,0.043478,0,0.043478,0.043478,0.13043,0.043478,0,0,0,0.043478
0.066667,0.1,0.033333,0.033333,0.033333,0,0,0,0,0,0.033333,0,0,0.066667,0,0,0.033333,0.066667,0.033333,0.033333,0,0,0,0.066667,0.033333,0,0,0,0,0.033333,0,0,0,0,0.033333,0,0.033333,0,0,0,0.033333,0,0,0,0,0,0,0.066667,0,0,0,0,0,0,0,0.033333,0,0.033333,0,0.066667,0,0,0.033333,0
0.15,0.05,0.05,0,0.05,0.05,0,0,0,0,0,0,0.05,0,0.05,0,0,0,0,0,0,0,0,0,0.05,0.05,0,0,0,0,0,0,0,0.05,0,0,0.05,0,0,0,0.05,0,0,0,0,0,0.1,0,0.05,0,0,0,0,0,0,0,0,0,0,0,0.1,0.05,0,0
0,0,0,0.1,0.1,0.1,0,0,0,0.1,0,0,0,0,0,0,0,0,0,0,0,0,0,0,0,0,0,0,0.1,0,0,0,0,0,0,0,0,0,0,0.1,0,0,0,0,0,0.1,0,0,0,0,0,0,0.1,0,0,0,0,0,0,0,0,0.1,0.1,0
0.055556,0,0,0,0.055556,0,0,0,0.055556,0,0.11111,0,0,0.055556,0,0,0.055556,0.055556,0.11111,0,0.055556,0.055556,0,0,0,0,0,0,0,0,0,0,0,0,0,0,0,0.055556,0,0,0,0,0.055556,0,0.055556,0,0,0,0.055556,0,0.055556,0,0,0,0,0,0,0,0,0,0.055556,0,0,0
0.076923,0.076923,0,0,0.076923,0,0,0,0,0,0.076923,0,0,0,0,0,0.076923,0,0.076923,0,0,0,0.076923,0,0.15385,0,0,0,0,0,0,0,0,0,0,0,0,0,0,0,0,0,0,0,0,0,0,0,0,0,0,0,0,0,0,0,0.076923,0,0,0,0,0,0.15385,0.076923
0.047619,0,0,0,0,0.047619,0,0,0.095238,0.047619,0,0,0,0,0,0,0.047619,0,0,0.047619,0,0.047619,0,0.095238,0,0.047619,0,0,0,0,0.095238,0,0,0,0.047619,0,0,0,0.047619,0,0,0,0.047619,0,0,0,0,0,0,0.047619,0,0,0.047619,0,0,0,0,0.095238,0,0,0,0,0.047619,0
0.083333,0,0,0.041667,0.041667,0.041667,0,0.041667,0,0,0,0,0,0,0,0,0.041667,0,0,0,0,0,0,0,0.083333,0,0,0.041667,0.083333,0,0,0,0,0,0,0,0,0,0,0.083333,0,0,0.041667,0,0,0.041667,0,0,0.041667,0,0.041667,0.041667,0.041667,0,0,0,0.041667,0.041667,0,0,0.041667,0,0.041667,0
0,0,0,0,0.055556,0,0,0,0,0,0,0.055556,0,0.055556,0.055556,0.11111,0,0,0,0,0,0,0,0.055556,0,0,0,0,0,0,0,0.055556,0,0,0,0,0,0,0,0,0,0,0,0,0,0,0,0,0.16667,0,0,0,0.11111,0,0,0.055556,0.055556,0,0,0.055556,0.055556,0,0.055556,0
0.076923,0,0,0.076923,0,0,0,0,0,0.076923,0,0,0.076923,0.076923,0,0.076923,0,0,0,0,0,0,0,0,0,0.076923,0,0,0,0,0,0,0,0,0,0.076923,0,0,0,0,0,0,0,0,0,0,0,0,0,0,0,0,0,0,0,0.076923,0,0,0.076923,0.076923,0,0,0.076923,0.076923
0.027027,0.027027,0.027027,0,0.054054,0.054054,0,0,0,0,0.027027,0,0,0.027027,0,0,0,0,0.027027,0.027027,0,0,0,0.027027,0,0,0,0,0.027027,0.027027,0.054054,0.054054,0.027027,0,0,0,0.027027,0,0,0,0.027027,0,0.081081,0,0,0.027027,0,0.027027,0,0,0,0,0,0.054054,0,0,0,0.027027,0,0.027027,0.027027,0,0.16216,0
0,0,0,0,0.055556,0,0,0,0,0,0,0,0,0,0.055556,0,0,0,0,0.055556,0,0,0,0,0,0,0.055556,0.055556,0.055556,0,0,0.055556,0,0,0,0,0,0,0,0,0,0,0,0,0,0,0,0,0.11111,0.055556,0,0.11111,0,0,0,0,0.055556,0,0,0.11111,0,0.055556,0.055556,0.055556
0.034483,0.034483,0,0,0,0.034483,0,0,0,0,0,0,0.13793,0,0,0.034483,0,0,0,0,0,0,0.034483,0,0,0,0,0.034483,0.10345,0,0,0,0,0,0,0.034483,0.034483,0,0,0,0,0.034483,0,0,0,0,0.034483,0,0,0,0,0.034483,0.10345,0.034483,0,0.034483,0.10345,0,0,0,0.034483,0,0.034483,0.034483
0.074074,0,0,0,0.037037,0,0.037037,0,0,0,0.037037,0.074074,0,0,0.037037,0,0.037037,0,0,0,0,0,0,0,0.037037,0.037037,0,0.037037,0,0,0,0.037037,0,0.037037,0,0,0.037037,0.037037,0,0.074074,0,0,0,0,0,0.037037,0,0.074074,0.037037,0,0.037037,0,0,0,0,0,0.11111,0,0,0,0,0,0,0.037037
0,0,0,0,0.037037,0,0,0,0,0,0,0,0,0.037037,0,0,0,0,0,0,0,0.037037,0.037037,0,0.074074,0,0,0,0,0,0,0.074074,0,0,0,0.037037,0,0,0.11111,0.037037,0,0,0,0,0,0.037037,0.037037,0,0.037037,0.037037,0,0.037037,0,0,0.037037,0,0,0.037037,0.037037,0,0,0.074074,0.037037,0.11111
0,0,0.14286,0.047619,0.047619,0,0,0,0,0,0,0.047619,0.14286,0,0,0.047619,0.047619,0,0.047619,0,0,0,0,0,0,0,0,0.047619,0,0,0.047619,0,0,0,0,0,0,0,0,0,0,0,0,0,0.047619,0,0,0,0,0,0,0,0.047619,0,0,0,0,0,0,0.047619,0.095238,0,0.047619,0.047619
0.041667,0,0,0,0,0,0,0,0.041667,0.083333,0,0,0,0,0,0,0,0,0,0,0,0,0,0,0,0,0,0,0,0.041667,0,0,0.041667,0,0,0,0,0.041667,0.083333,0,0,0,0,0,0.041667,0,0.041667,0.041667,0,0,0,0.041667,0,0,0,0,0,0.083333,0,0.16667,0,0.083333,0.125,0
0.14286,0,0,0,0,0,0,0,0,0,0,0,0.047619,0,0.047619,0.047619,0,0,0,0,0.047619,0,0,0,0.047619,0,0,0,0,0,0,0,0.047619,0,0,0,0,0,0.047619,0,0,0,0,0,0.047619,0,0,0.047619,0,0,0.047619,0,0,0,0,0,0.047619,0.047619,0,0.047619,0,0.047619,0.095238,0.095238
0.076923,0,0,0,0.15385,0.23077,0,0,0,0,0,0,0.076923,0,0,0,0,0,0,0,0.23077,0,0,0,0,0,0,0,0,0,0,0,0,0,0,0,0,0,0,0.076923,0,0,0,0,0,0,0,0,0.076923,0,0,0,0,0,0,0,0,0,0,0,0.076923,0,0,0
0.2,0.066667,0,0,0.066667,0,0,0,0.13333,0,0,0,0,0,0,0,0.13333,0,0,0,0,0.066667,0,0,0,0.066667,0,0,0,0,0,0,0,0.066667,0.066667,0,0,0,0.066667,0,0,0,0,0,0,0,0,0,0,0,0,0,0,0,0,0,0,0.066667,0,0,0,0,0,0
0.044118,0.029412,0,0,0.014706,0,0,0,0,0.029412,0,0.029412,0,0.014706,0.029412,0.044118,0.014706,0,0,0.029412,0,0,0.029412,0,0.029412,0.044118,0.014706,0.014706,0.029412,0.014706,0,0.014706,0.058824,0,0,0.029412,0.014706,0,0.014706,0,0.029412,0,0,0,0,0.029412,0.044118,0,0,0.014706,0.014706,0.029412,0.014706,0,0.014706,0.044118,0.029412,0.029412,0.044118,0,0.044118,0,0.014706,0.014706
0.042553,0.085106,0.06383,0.021277,0.085106,0,0,0.021277,0,0.021277,0,0,0.021277,0.021277,0.042553,0.021277,0.042553,0,0,0,0.042553,0,0,0.021277,0,0.021277,0,0,0,0,0.042553,0,0,0,0,0,0.042553,0.021277,0.085106,0,0,0.021277,0,0,0,0.021277,0,0,0,0.042553,0,0,0,0,0,0,0.021277,0.06383,0,0,0,0,0,0.06383
0.083333,0,0,0,0,0,0,0,0,0,0,0,0.083333,0,0,0,0,0,0.16667,0.083333,0,0,0,0,0.083333,0,0,0,0.083333,0,0,0,0,0,0,0,0.083333,0,0,0,0,0,0.083333,0.083333,0,0,0.083333,0,0,0,0,0,0,0,0,0,0,0.083333,0,0,0,0,0,0
0.095238,0,0,0,0,0,0,0.047619,0,0.047619,0,0,0.047619,0,0,0,0,0,0.095238,0,0,0,0,0.047619,0.047619,0.047619,0.047619,0,0,0,0.047619,0.047619,0,0.047619,0,0,0,0.047619,0,0,0,0,0.047619,0.047619,0,0,0.047619,0,0,0,0,0,0,0,0,0,0,0.047619,0,0,0,0.047619,0,0.047619
0.068966,0,0,0,0.068966,0,0.034483,0,0,0,0,0,0,0,0.034483,0.034483,0.24138,0,0.10345,0,0.034483,0,0,0,0,0,0.034483,0,0.034483,0,0,0,0,0,0,0.034483,0,0,0.034483,0,0,0,0,0,0,0,0.034483,0,0,0,0,0,0.034483,0,0,0,0,0.034483,0,0,0.068966,0,0.034483,0.034483
0.10811,0.18919,0.027027,0.027027,0,0,0,0,0.027027,0.10811,0,0,0.027027,0,0,0,0,0.054054,0,0.027027,0,0,0,0,0,0,0,0.027027,0,0,0,0,0.027027,0.027027,0,0,0.054054,0,0,0,0.054054,0.054054,0,0,0,0,0,0,0.027027,0.027027,0,0.027027,0.027027,0,0,0,0,0.027027,0,0,0,0,0.027027,0
0.1,0.1,0,0,0.033333,0,0,0,0.033333,0,0,0.033333,0,0,0,0.033333,0.033333,0.033333,0,0,0,0,0.033333,0,0,0,0.033333,0.033333,0.066667,0,0,0.033333,0,0,0,0,0,0,0,0,0,0,0,0,0,0.033333,0,0.033333,0,0,0,0.033333,0.066667,0,0.033333,0,0,0,0,0,0.033333,0.033333,0.033333,0.1
0.038462,0,0,0.038462,0,0,0,0,0,0,0,0,0,0,0,0,0.038462,0,0.038462,0,0.038462,0.076923,0,0,0.076923,0,0,0.038462,0,0,0.038462,0,0,0,0,0,0,0,0.038462,0,0,0,0.038462,0,0,0,0.076923,0.076923,0,0.038462,0,0,0.038462,0,0,0.038462,0,0,0.038462,0,0.038462,0,0.038462,0.11538
0.030303,0,0.015152,0,0.030303,0,0,0.015152,0.015152,0,0.015152,0,0.015152,0,0.060606,0,0.030303,0.030303,0.060606,0.030303,0.030303,0.030303,0.015152,0,0.030303,0,0,0,0.015152,0.015152,0.015152,0.030303,0.045455,0,0.015152,0,0.015152,0.015152,0.015152,0,0.015152,0,0,0.015152,0.030303,0.015152,0.075758,0,0.015152,0,0,0,0,0.015152,0,0,0.015152,0.030303,0,0.015152,0.030303,0,0.030303,0.060606
0,0.17778,0,0.044444,0.044444,0.022222,0,0.022222,0,0.2,0,0.022222,0,0.066667,0,0,0,0,0,0,0,0,0,0,0,0,0,0,0,0,0,0,0.044444,0.044444,0.022222,0,0.022222,0,0.044444,0,0,0.044444,0,0,0,0,0,0,0,0,0,0.022222,0,0,0,0,0,0.088889,0,0.022222,0.022222,0,0.022222,0
0,0.1,0,0,0.1,0,0,0,0,0,0,0,0.1,0,0,0,0.1,0.1,0,0,0,0,0,0,0,0,0,0,0.1,0,0,0,0,0,0,0,0,0,0,0,0,0,0,0,0,0,0,0,0,0.1,0,0,0,0.1,0.1,0,0,0,0,0,0,0,0.1,0
0.04878,0,0.02439,0,0,0,0.02439,0.04878,0,0.04878,0,0,0.02439,0,0.04878,0,0.02439,0,0.02439,0,0,0,0,0,0,0.02439,0.04878,0.02439,0,0,0,0.02439,0.073171,0,0,0,0.02439,0,0.02439,0.02439,0.02439,0,0.04878,0,0,0,0,0.04878,0.04878,0.02439,0.02439,0,0.073171,0,0,0,0.02439,0.02439,0.04878,0,0,0,0,0.02439
0.041667,0,0,0,0.041667,0,0,0.041667,0,0.041667,0,0,0,0.041667,0,0.041667,0.041667,0,0,0,0,0,0,0,0.083333,0,0,0,0,0,0,0,0.041667,0,0,0,0,0,0,0,0.041667,0,0,0,0,0,0,0,0,0.041667,0.083333,0.125,0,0,0,0.041667,0.041667,0.041667,0,0.041667,0,0,0.041667,0.083333
0,0,0,0,0,0.090909,0,0,0,0,0,0,0,0,0,0,0.090909,0,0,0,0,0,0,0,0,0,0,0.090909,0,0,0,0,0,0,0,0,0,0,0,0,0,0.18182,0,0,0,0,0.090909,0,0.090909,0,0,0.090909,0,0,0,0,0.090909,0,0.090909,0,0.090909,0,0,0
0.055556,0.11111,0,0,0,0,0,0.055556,0,0.055556,0,0,0,0,0.055556,0,0.11111,0,0,0,0,0,0.055556,0,0,0,0,0,0,0,0,0,0.055556,0,0,0,0.11111,0,0,0,0,0,0,0,0,0,0,0,0.11111,0,0,0,0.055556,0,0,0.055556,0.055556,0,0,0,0,0.055556,0,0
0,0,0,0,0,0,0,0,0,0.083333,0.083333,0,0,0,0,0,0,0,0,0,0,0,0,0,0,0.083333,0,0,0,0.083333,0,0,0.16667,0,0,0,0,0,0.083333,0,0,0,0,0,0,0,0,0,0.083333,0,0,0,0,0,0.083333,0,0,0.083333,0,0,0,0,0.083333,0.083333
0,0.090909,0,0,0,0.090909,0,0,0,0,0,0,0,0,0,0,0.090909,0,0,0,0.090909,0,0.090909,0,0,0,0,0,0,0,0,0,0,0,0,0,0,0,0,0,0,0,0,0,0,0.090909,0,0.090909,0,0,0.18182,0,0,0,0,0,0,0,0.090909,0,0,0,0,0.090909
0.030303,0,0.030303,0.030303,0.030303,0,0.030303,0,0.030303,0,0,0.030303,0.030303,0,0,0.030303,0,0.060606,0.030303,0,0.060606,0,0,0,0.090909,0.030303,0,0.030303,0,0.030303,0,0,0,0,0,0,0,0,0,0,0.030303,0,0,0,0,0,0.030303,0,0.030303,0,0,0.030303,0,0,0,0,0,0.030303,0.030303,0,0.060606,0.090909,0,0.060606
0.037975,0.063291,0.012658,0.012658,0,0.012658,0,0,0.063291,0.10127,0.012658,0,0.012658,0.13924,0,0,0.037975,0.012658,0,0,0.012658,0,0,0,0.075949,0,0,0,0,0,0,0,0,0,0,0,0.037975,0.063291,0.012658,0,0.012658,0.025316,0,0,0.012658,0.025316,0.012658,0,0,0.012658,0,0.012658,0,0,0.012658,0,0.088608,0.025316,0,0,0,0.012658,0,0.025316
0.23529,0.17647,0.058824,0,0.058824,0,0,0,0.058824,0.058824,0,0,0,0.058824,0,0,0,0,0,0,0,0,0,0,0,0.058824,0,0,0,0,0.058824,0,0,0,0.058824,0,0,0,0.058824,0,0,0.058824,0,0,0,0,0,0,0,0,0,0,0,0,0,0,0,0,0,0,0,0,0,0
0.071429,0,0,0.071429,0,0,0,0,0,0,0,0,0.071429,0,0,0,0,0.071429,0,0,0,0,0,0,0,0,0,0,0,0,0.071429,0,0,0,0,0,0.14286,0,0.071429,0,0,0.071429,0,0.071429,0,0,0.14286,0,0,0,0.071429,0,0,0,0.071429,0,0,0,0,0,0,0,0,0
0,0,0.05,0.05,0,0.1,0,0,0.05,0.1,0,0,0.05,0.1,0,0,0,0,0,0,0,0,0,0,0,0.1,0,0,0.05,0,0,0,0,0,0,0,0,0,0,0,0.05,0.1,0,0.05,0,0,0.05,0,0,0,0,0,0,0,0,0,0.05,0,0.05,0,0,0,0,0
0,0,0.017544,0.017544,0.035088,0.017544,0.017544,0,0,0,0,0,0.017544,0,0,0.017544,0.017544,0,0,0,0.017544,0,0.052632,0,0.017544,0.052632,0,0.017544,0,0,0,0,0.035088,0.017544,0.017544,0,0,0.017544,0.052632,0.017544,0.035088,0,0.017544,0,0.017544,0.035088,0.017544,0.087719,0.017544,0,0,0.035088,0.017544,0.017544,0.035088,0,0.017544,0,0.017544,0.017544,0,0,0.017544,0.12281
0.11905,0.071429,0,0.14286,0.02381,0,0.02381,0,0.11905,0.047619,0,0,0,0,0,0,0.047619,0,0.047619,0.02381,0,0.02381,0,0,0.02381,0.02381,0.047619,0,0,0,0,0,0.02381,0.02381,0,0,0,0.02381,0,0,0.047619,0,0.02381,0.02381,0,0,0.02381,0,0,0,0,0,0.02381,0,0,0,0,0,0,0,0,0,0,0
0,0,0,0.035714,0,0,0.035714,0.035714,0,0,0,0,0.035714,0,0.035714,0.071429,0,0,0,0,0,0,0.035714,0,0.10714,0,0.035714,0,0,0.035714,0.035714,0,0,0,0,0,0.035714,0.035714,0,0,0,0,0,0,0,0,0.071429,0.035714,0.10714,0,0.035714,0.035714,0.035714,0,0,0,0,0.035714,0.035714,0,0,0,0,0.035714
0.076923,0,0,0,0,0,0,0,0,0,0,0.15385,0.076923,0.076923,0,0,0.076923,0,0,0,0,0,0,0,0,0,0,0,0,0,0,0,0,0,0,0,0,0.076923,0,0,0.076923,0,0,0.076923,0,0,0,0,0,0.076923,0,0,0.076923,0,0,0,0,0.076923,0,0,0,0,0,0.076923
0,0,0,0.052632,0,0,0,0,0,0,0,0,0,0,0,0.10526,0,0.052632,0,0,0,0,0,0,0.15789,0.052632,0.052632,0,0,0,0,0,0.052632,0.10526,0,0,0,0,0.052632,0,0.052632,0,0,0,0,0,0,0.052632,0,0,0,0,0,0,0.10526,0,0,0,0.10526,0,0,0,0,0
0.071429,0,0,0.071429,0,0,0,0.071429,0.071429,0.071429,0,0,0.071429,0,0,0,0,0,0,0.071429,0,0,0,0,0,0,0,0,0.071429,0,0,0,0,0.071429,0,0,0,0,0,0,0,0,0,0,0,0,0,0,0.071429,0,0,0,0,0,0,0,0.14286,0.071429,0,0,0.071429,0,0,0
0.051282,0,0,0.025641,0,0,0.025641,0.025641,0,0.025641,0,0,0,0,0,0.076923,0.051282,0.051282,0.025641,0.025641,0.025641,0,0,0,0,0.025641,0,0,0,0,0.025641,0,0.025641,0,0.051282,0,0.076923,0,0.051282,0.025641,0,0,0.025641,0.025641,0.051282,0.025641,0.025641,0.025641,0,0,0,0.025641,0,0,0.051282,0,0,0.051282,0,0,0,0,0,0
0.076923,0,0,0,0.076923,0,0,0,0,0,0,0,0.076923,0,0,0.076923,0,0,0,0,0,0.076923,0,0,0,0,0,0,0,0,0,0,0.076923,0,0,0.076923,0,0.076923,0.076923,0.076923,0,0,0,0,0,0,0,0,0,0,0.076923,0,0.076923,0,0,0,0,0,0,0,0,0,0,0.076923
0.038462,0,0.038462,0.038462,0,0.038462,0,0,0.076923,0.038462,0.038462,0,0.038462,0,0,0,0.076923,0.038462,0,0,0.038462,0,0,0,0.038462,0,0,0,0,0,0,0,0.038462,0.038462,0,0,0,0,0.038462,0,0,0.038462,0,0.038462,0,0.076923,0,0.038462,0.038462,0,0,0,0,0,0,0,0,0.038462,0,0,0,0.038462,0.038462,0
0.042553,0.021277,0.021277,0,0.021277,0,0.021277,0,0.021277,0.021277,0,0.042553,0,0.10638,0,0,0,0,0,0,0,0.021277,0.042553,0,0,0.06383,0.021277,0,0,0.021277,0.021277,0,0,0,0,0.042553,0.042553,0,0.042553,0.042553,0,0,0.021277,0,0,0.021277,0,0,0.021277,0,0.021277,0,0.042553,0.021277,0,0.042553,0,0.06383,0,0,0.021277,0.021277,0.021277,0
0.16667,0,0,0.083333,0,0,0,0.083333,0,0.083333,0,0,0,0,0.083333,0,0,0,0,0,0.083333,0,0,0,0.083333,0,0,0,0,0,0,0,0,0.083333,0,0,0,0,0,0,0,0.083333,0,0,0,0,0.083333,0,0.083333,0,0,0,0,0,0,0,0,0,0,0,0,0,0,0
0.078431,0.019608,0.078431,0,0.039216,0,0.019608,0.039216,0.058824,0.058824,0.039216,0,0.039216,0,0.019608,0,0.078431,0.019608,0.039216,0,0,0,0,0,0.039216,0,0,0,0,0,0,0,0.039216,0,0.019608,0,0.058824,0.019608,0.058824,0,0.019608,0,0,0,0,0,0,0,0.058824,0,0,0,0,0,0,0,0,0,0,0,0.019608,0,0.019608,0.019608
0.26316,0,0,0,0.052632,0,0.10526,0,0,0,0.052632,0,0,0.052632,0,0,0,0.052632,0.052632,0,0.052632,0,0,0,0.052632,0,0,0,0,0,0,0,0,0,0,0,0,0,0.052632,0.052632,0,0,0,0,0,0,0,0.052632,0,0,0,0,0.052632,0,0.052632,0,0,0,0,0,0,0,0,0
0.043478,0.17391,0.043478,0,0,0,0,0.043478,0,0,0.043478,0,0.043478,0,0,0,0.086957,0,0,0.043478,0.043478,0,0,0,0,0,0,0,0,0,0,0,0,0.043478,0,0,0.13043,0,0,0,0.043478,0.043478,0,0,0,0,0,0,0.086957,0,0,0,0,0,0,0.043478,0,0,0,0,0.043478,0,0,0
0,0,0,0.055556,0.055556,0,0.055556,0,0,0,0,0,0,0.055556,0,0,0.055556,0,0,0.055556,0,0,0,0,0.055556,0.055556,0,0,0,0,0,0,0,0,0,0,0,0,0,0,0,0.055556,0,0.055556,0,0,0,0,0.11111,0,0,0.11111,0,0.055556,0.055556,0,0,0,0,0,0.055556,0.055556,0,0
0.025,0.025,0,0.025,0.025,0.025,0,0.025,0.025,0,0,0,0.025,0.025,0,0.1,0.025,0,0,0.025,0,0,0,0,0,0,0.05,0,0.025,0.025,0.025,0.1,0,0,0,0,0,0,0,0,0.025,0.025,0,0.025,0.05,0.025,0,0,0.025,0.05,0,0.025,0.025,0,0.025,0,0,0,0,0,0,0.025,0.025,0.05
0.17241,0.034483,0,0.034483,0.034483,0,0.034483,0,0,0,0,0,0.034483,0,0,0.034483,0.034483,0.068966,0.034483,0,0,0,0,0,0,0,0,0,0,0,0.034483,0,0.034483,0,0,0,0,0,0.034483,0,0.034483,0,0,0,0,0,0,0,0.034483,0,0.034483,0.068966,0.068966,0,0.034483,0,0,0,0,0,0,0.034483,0,0.068966
0,0.058824,0,0,0,0,0,0,0,0,0,0,0,0,0,0,0.058824,0,0.11765,0,0.058824,0,0.11765,0,0,0.058824,0,0.058824,0,0,0,0,0,0,0,0,0.058824,0,0.058824,0.058824,0,0,0,0,0,0,0,0,0.058824,0.058824,0,0,0.058824,0,0,0,0,0.058824,0,0,0,0,0.058824,0
0,0,0.1,0,0,0,0,0,0,0.1,0,0,0.1,0,0,0.1,0,0,0,0,0,0,0,0,0,0,0,0.1,0,0,0,0,0.1,0,0,0,0,0,0,0,0,0,0,0,0,0,0,0.1,0,0.1,0,0,0,0,0.1,0,0,0,0,0,0,0,0.1,0
0.027778,0.055556,0,0.027778,0,0.027778,0.027778,0,0,0,0,0,0,0.027778,0.11111,0.027778,0.027778,0,0.027778,0.027778,0.055556,0,0.027778,0,0,0,0,0,0.027778,0,0,0.055556,0,0,0,0,0,0,0.027778,0,0,0.027778,0,0,0,0,0.055556,0,0.027778,0,0.027778,0,0.055556,0,0.027778,0,0.027778,0,0,0.083333,0.027778,0.027778,0,0
0.054545,0,0.018182,0,0.018182,0,0.036364,0.018182,0.036364,0.018182,0.072727,0,0.036364,0,0.018182,0.036364,0.018182,0.018182,0.018182,0.018182,0.018182,0,0,0,0,0.018182,0,0,0,0.018182,0.018182,0.018182,0.018182,0,0,0,0,0.018182,0.018182,0.018182,0,0.036364,0.036364,0.018182,0,0.018182,0.036364,0.018182,0.018182,0,0,0,0,0,0,0,0.054545,0,0.036364,0.018182,0.036364,0,0.072727,0
0.043478,0.043478,0.043478,0.021739,0.065217,0,0.021739,0,0.021739,0.021739,0.021739,0,0.065217,0,0.021739,0,0.021739,0,0.043478,0,0,0,0,0,0,0,0.021739,0,0,0,0,0,0.043478,0.021739,0.021739,0.043478,0,0,0.021739,0,0,0,0,0,0.043478,0,0.021739,0,0.043478,0.021739,0,0.043478,0.043478,0,0,0.021739,0.021739,0,0,0.021739,0.043478,0,0.021739,0.021739
0,0.02381,0.02381,0,0.047619,0.02381,0.02381,0,0,0,0,0,0,0,0,0,0.14286,0.071429,0.33333,0,0,0,0.047619,0,0.02381,0.02381,0,0,0,0,0,0,0.02381,0.02381,0.02381,0,0,0,0.02381,0,0,0,0,0,0,0,0,0,0,0,0.02381,0,0,0,0,0,0,0,0.02381,0,0,0,0.071429,0
0.057692,0.038462,0,0.038462,0.019231,0,0,0,0,0.076923,0.019231,0.019231,0,0.019231,0.019231,0,0.038462,0,0,0.057692,0.057692,0,0.019231,0,0.019231,0.019231,0.057692,0,0,0,0.019231,0,0.038462,0,0,0,0,0.038462,0.038462,0,0.038462,0.076923,0,0,0,0.019231,0,0,0.019231,0,0,0,0.038462,0.019231,0,0.019231,0,0,0.038462,0,0.019231,0,0,0
0,0,0,0,0,0,0,0,0,0.017544,0,0.017544,0.035088,0.052632,0.017544,0,0.035088,0.017544,0.035088,0.017544,0,0.017544,0.017544,0,0,0.017544,0.017544,0,0.052632,0.052632,0.017544,0.017544,0.017544,0,0.017544,0.017544,0.035088,0.017544,0.035088,0.017544,0.017544,0.035088,0,0,0.017544,0.035088,0.017544,0.052632,0,0,0,0.035088,0,0.017544,0.052632,0.017544,0.017544,0,0,0.017544,0.017544,0,0.017544,0.017544
0.125,0,0,0.0625,0.0625,0,0,0.0625,0,0.0625,0,0,0.0625,0,0,0,0.25,0,0.0625,0,0,0,0,0,0,0,0,0,0.125,0,0,0,0,0,0,0,0,0,0,0,0,0,0,0,0,0,0,0,0,0,0,0.0625,0,0,0,0,0,0,0,0,0,0,0,0.0625
0.021277,0.042553,0,0,0,0,0,0,0,0.021277,0,0.021277,0,0,0,0.021277,0,0,0,0,0.042553,0,0,0.042553,0.021277,0,0.021277,0,0.021277,0.021277,0,0.021277,0,0,0,0,0,0.021277,0.042553,0.042553,0,0.021277,0,0,0,0,0.021277,0.021277,0,0.042553,0,0.10638,0,0.021277,0.021277,0,0,0,0.021277,0.021277,0.021277,0.021277,0.06383,0.17021
0,0,0,0.04,0.04,0,0.04,0,0,0.04,0,0.04,0,0,0,0,0,0,0,0,0,0,0,0,0,0,0,0.04,0.04,0.08,0,0,0,0,0,0,0,0,0,0,0,0,0,0,0.04,0.04,0.16,0.04,0,0,0.04,0,0,0,0.04,0,0.04,0,0.04,0.16,0.04,0,0,0
0.037037,0,0,0.14815,0.074074,0,0,0,0,0,0,0,0.037037,0,0.037037,0,0.037037,0,0.037037,0.037037,0,0,0,0,0.074074,0.037037,0,0,0,0.037037,0,0,0,0,0,0.037037,0,0,0.037037,0,0.037037,0,0,0,0.037037,0.074074,0,0,0.037037,0,0,0,0.037037,0.037037,0,0,0,0.037037,0,0,0.037037,0,0,0
0,0.047619,0,0.047619,0,0,0,0,0,0,0,0,0,0,0.047619,0.047619,0,0.047619,0.095238,0,0,0,0,0,0,0,0.047619,0,0,0,0.047619,0,0,0.047619,0,0,0,0,0,0.047619,0.047619,0.047619,0.047619,0,0,0,0,0,0,0,0,0.047619,0.047619,0,0.047619,0,0.047619,0,0,0,0.047619,0,0,0.095238
0.076923,0,0,0,0.076923,0,0,0,0,0,0,0,0,0,0,0.076923,0.15385,0,0,0.076923,0,0,0,0,0,0,0.076923,0,0,0,0,0,0.076923,0,0,0,0.076923,0,0,0,0,0,0,0,0,0,0,0,0.076923,0,0,0,0,0,0,0.076923,0,0,0,0,0,0,0.15385,0
0,0,0.05,0,0,0.05,0,0,0.05,0.05,0,0,0.1,0,0,0,0.05,0,0,0.15,0,0,0.05,0,0,0,0,0,0,0,0,0,0.05,0,0,0,0,0.05,0,0,0.05,0,0,0,0,0,0.05,0,0,0,0.15,0,0,0.05,0,0,0,0,0,0,0,0,0.05,0
0,0.083333,0,0,0.083333,0.083333,0,0,0,0,0,0,0,0,0,0,0.083333,0,0,0,0,0,0,0,0,0,0.083333,0,0,0,0.083333,0,0.083333,0,0.083333,0,0,0,0,0,0,0,0,0,0,0.083333,0,0,0,0,0,0.083333,0.083333,0,0,0,0,0,0,0,0,0,0,0.083333
0.12903,0,0,0.032258,0.032258,0,0.032258,0,0.032258,0,0,0.032258,0.064516,0,0,0.032258,0.096774,0,0.032258,0,0,0.032258,0,0,0,0,0,0,0.032258,0.032258,0.032258,0,0.032258,0,0,0,0,0,0,0.032258,0.032258,0.032258,0,0.032258,0,0,0,0,0,0,0,0.032258,0.032258,0,0.032258,0.032258,0,0,0,0,0.064516,0,0,0
0.10345,0,0,0.034483,0,0.068966,0.034483,0,0,0,0,0,0,0.034483,0,0.034483,0.034483,0,0,0,0,0,0.034483,0,0,0.034483,0.034483,0,0.034483,0,0.034483,0,0,0,0,0,0.068966,0.068966,0.034483,0,0,0.034483,0,0.034483,0,0,0,0.034483,0.034483,0,0,0,0,0,0,0,0,0,0,0,0.068966,0,0.068966,0.034483
0.060606,0,0,0.030303,0,0,0,0,0,0,0,0.030303,0.030303,0,0,0,0,0,0,0.030303,0,0.030303,0.030303,0.030303,0.030303,0.030303,0,0,0,0.030303,0.060606,0,0,0,0.030303,0,0,0,0.030303,0,0,0,0,0,0,0.030303,0,0.090909,0.030303,0,0,0,0.060606,0,0,0,0.030303,0.060606,0,0,0,0.030303,0.060606,0.12121
0.13333,0,0,0.066667,0.066667,0,0.066667,0,0.13333,0,0,0.066667,0,0,0,0.066667,0,0,0,0,0.066667,0,0,0,0,0,0,0,0,0,0,0,0,0,0,0,0.066667,0,0,0,0,0,0,0,0,0,0,0,0,0,0,0,0,0,0,0,0,0.066667,0.066667,0,0,0.066667,0.066667,0
0.022222,0.022222,0.022222,0.066667,0,0,0,0,0,0.022222,0.022222,0.022222,0.044444,0,0,0.022222,0,0.022222,0.044444,0,0.022222,0,0,0,0,0.022222,0.022222,0,0,0.022222,0,0,0.022222,0,0,0,0.044444,0.022222,0.022222,0,0.022222,0,0.022222,0,0.022222,0.044444,0,0.022222,0,0.022222,0.044444,0.022222,0,0,0,0,0,0.066667,0.022222,0,0.044444,0,0.022222,0.088889
0,0,0,0.05,0,0,0,0,0,0,0,0.05,0.05,0,0,0,0.05,0.1,0,0.05,0,0,0.05,0,0,0,0,0.05,0,0,0.05,0,0,0,0,0,0,0,0,0.05,0,0,0,0.05,0.05,0.05,0,0,0,0,0,0,0,0,0.1,0,0,0.05,0,0.05,0,0.05,0,0.05
0.041667,0.041667,0,0,0,0,0,0,0,0,0,0,0.041667,0,0,0.041667,0,0,0,0,0.041667,0,0,0,0.125,0.041667,0,0,0.041667,0,0,0,0.125,0,0,0,0,0,0,0,0,0,0,0,0,0,0.083333,0,0.041667,0.083333,0.041667,0.083333,0.041667,0,0,0.041667,0,0,0,0,0,0.041667,0,0
0.027027,0,0.027027,0,0,0,0.027027,0,0.027027,0.027027,0,0,0,0,0.027027,0,0.054054,0,0,0.027027,0.027027,0,0,0,0,0.027027,0,0,0,0.027027,0,0,0.027027,0,0,0.027027,0.18919,0,0.081081,0.054054,0,0.027027,0,0.027027,0,0,0,0.054054,0,0,0,0,0.027027,0.027027,0,0.081081,0.027027,0,0,0,0,0,0.027027,0
0,0.058824,0.058824,0,0.029412,0.029412,0.029412,0.029412,0.029412,0.029412,0.029412,0,0,0,0,0.029412,0,0.11765,0.029412,0.029412,0.029412,0.058824,0,0,0.058824,0,0,0,0.058824,0,0.058824,0,0,0,0.029412,0.029412,0.058824,0,0,0,0,0,0,0,0,0,0,0.029412,0,0,0,0,0.029412,0,0,0,0,0,0,0.029412,0,0,0,0
0,0,0.052632,0,0.052632,0,0,0,0,0,0,0,0.10526,0.052632,0,0,0.10526,0,0,0,0,0,0,0,0,0,0,0,0,0,0.052632,0,0,0.052632,0.052632,0.052632,0,0.052632,0,0,0,0,0,0,0,0.052632,0.052632,0,0.052632,0,0.052632,0,0,0.052632,0,0,0,0,0,0,0,0.052632,0.052632,0
0.021277,0.021277,0,0.021277,0,0,0.021277,0.021277,0.021277,0,0,0,0.042553,0.021277,0.021277,0.042553,0.021277,0,0.021277,0,0.021277,0.021277,0.021277,0,0,0,0,0,0,0,0.042553,0,0.021277,0.042553,0.021277,0.021277,0.021277,0,0,0.021277,0.042553,0,0,0.021277,0,0.042553,0,0,0.06383,0.021277,0.021277,0.021277,0,0.021277,0.021277,0.021277,0.021277,0,0,0.042553,0,0.021277,0.042553,0.021277
0.071429,0,0,0,0,0,0,0,0,0,0,0.071429,0.071429,0,0,0,0,0,0,0,0,0,0,0,0,0,0,0,0,0,0,0,0.071429,0,0,0,0.071429,0,0,0.071429,0,0,0,0,0,0.14286,0,0,0.21429,0,0.071429,0,0,0,0,0.071429,0,0,0,0,0.071429,0,0,0
0.035714,0.035714,0,0,0,0,0,0.035714,0,0,0,0,0.14286,0,0.035714,0.071429,0,0,0,0,0,0,0.035714,0,0,0,0,0.035714,0,0.035714,0,0,0,0,0,0,0,0.035714,0,0,0,0,0,0,0,0,0,0,0.035714,0.071429,0,0.10714,0,0,0,0.035714,0.035714,0,0,0.035714,0.10714,0.035714,0.035714,0
0.015873,0.015873,0.031746,0.031746,0,0.031746,0.015873,0,0.015873,0.015873,0.031746,0,0,0,0,0.047619,0.031746,0,0.047619,0,0.047619,0.031746,0.015873,0,0.047619,0,0.015873,0.015873,0.015873,0,0.015873,0,0,0,0.015873,0,0.015873,0.031746,0.063492,0,0,0.015873,0,0,0.015873,0.015873,0.031746,0.015873,0.015873,0,0,0.031746,0.047619,0.031746,0,0.015873,0,0.015873,0.031746,0,0,0,0.015873,0.031746
0,0,0,0,0.0625,0,0,0.0625,0,0,0,0.0625,0,0,0,0,0,0,0,0,0,0,0.0625,0,0.125,0,0,0,0,0,0,0.0625,0,0,0,0,0,0.0625,0,0,0.0625,0,0,0,0,0,0.0625,0.0625,0,0.0625,0,0,0,0,0,0,0,0,0,0,0,0.1875,0,0.0625
0.047619,0,0,0.047619,0,0,0,0,0.047619,0,0,0,0.095238,0,0,0.095238,0,0,0,0,0.047619,0,0,0,0,0,0,0,0,0,0,0.047619,0,0,0.047619,0,0.047619,0.047619,0.047619,0,0,0,0,0,0,0,0,0,0,0,0,0.047619,0.047619,0,0.095238,0.047619,0,0,0,0.047619,0,0,0.047619,0.047619
0.22222,0.055556,0,0,0,0,0,0,0.055556,0,0,0,0,0,0,0,0.055556,0.055556,0,0,0.055556,0,0,0.055556,0,0,0,0,0,0,0.055556,0,0,0,0.055556,0,0,0.055556,0,0,0,0,0,0,0,0,0.11111,0,0,0,0,0,0.055556,0,0.055556,0,0,0,0,0,0,0.055556,0,0
0.083333,0,0.027778,0.055556,0.083333,0,0,0,0,0.027778,0,0,0.027778,0,0.027778,0,0.083333,0.027778,0.083333,0,0.055556,0,0,0,0.083333,0,0,0,0,0,0.027778,0.027778,0,0,0.027778,0,0.027778,0,0.027778,0.027778,0,0,0,0,0,0,0.055556,0,0.027778,0,0,0,0,0.027778,0,0,0,0,0,0,0,0.027778,0.027778,0
0,0,0.125,0,0,0,0,0,0,0,0,0,0,0,0,0,0,0,0,0,0,0,0,0.125,0,0,0,0,0,0,0,0,0,0,0,0,0,0,0,0,0,0.125,0.125,0,0,0,0,0.125,0,0,0,0,0.125,0.125,0,0,0,0,0,0,0,0,0,0.125
0,0,0,0,0,0,0.095238,0,0.095238,0.047619,0,0,0,0,0,0.047619,0.047619,0,0,0,0,0,0,0,0.095238,0,0.047619,0,0,0,0.047619,0,0,0.047619,0.095238,0.047619,0,0,0,0,0,0.047619,0.047619,0,0,0,0.047619,0,0.047619,0,0,0,0,0,0,0,0,0,0,0,0,0,0.047619,0.047619
0,0.052632,0.052632,0,0.052632,0,0,0,0.052632,0,0,0,0.052632,0.052632,0,0,0,0,0.10526,0,0,0,0,0.052632,0,0,0.052632,0.052632,0,0,0,0,0,0.052632,0,0,0.052632,0.052632,0,0.052632,0,0,0,0,0,0,0,0,0,0,0,0,0,0.052632,0.052632,0,0,0.10526,0,0,0,0,0,0
0.071429,0.14286,0,0.071429,0.071429,0,0,0,0,0,0,0,0,0,0,0,0,0,0,0,0.071429,0,0,0,0,0,0.071429,0,0,0,0,0,0.071429,0,0,0,0,0,0,0.071429,0,0,0,0,0.071429,0,0,0,0,0,0.071429,0,0.071429,0,0,0,0,0,0,0,0.071429,0,0.071429,0
0,0,0,0,0.083333,0,0,0,0,0,0,0,0,0.083333,0,0,0.16667,0,0,0,0,0,0,0,0,0,0,0,0.083333,0,0,0,0,0,0,0,0,0,0.16667,0,0,0,0,0.083333,0,0,0,0.083333,0,0,0,0,0,0,0,0,0,0.083333,0,0.083333,0,0.083333,0,0
0,0.1,0,0,0,0,0,0,0,0,0,0,0,0.1,0,0.1,0.1,0,0,0,0,0.1,0,0,0,0,0.1,0,0,0,0,0,0,0.1,0,0,0,0.1,0,0,0,0,0,0,0,0,0,0,0,0.1,0,0,0,0,0,0,0,0.1,0,0,0,0,0,0
0,0,0,0,0,0.066667,0.066667,0,0,0,0,0,0,0,0,0.066667,0,0.066667,0,0,0,0,0.066667,0,0.13333,0,0.066667,0.066667,0,0,0.066667,0,0,0,0,0.066667,0,0.066667,0,0,0,0,0,0,0,0,0,0,0,0.066667,0,0,0,0,0.066667,0,0,0.066667,0,0,0,0,0,0
0,0,0,0,0,0,0,0,0,0,0,0,0,0,0,0.125,0,0,0,0.125,0,0,0,0,0,0,0,0,0,0.125,0,0,0,0,0,0,0,0,0,0,0,0,0.125,0,0,0,0,0,0.25,0,0,0,0,0,0,0,0,0.125,0.125,0,0,0,0,0
0,0,0,0,0,0.030303,0.030303,0,0,0,0.030303,0,0.030303,0,0,0,0.030303,0,0,0,0,0,0,0,0.030303,0.060606,0,0.030303,0,0,0,0,0,0,0.030303,0,0.12121,0,0.060606,0.030303,0.12121,0.030303,0.060606,0,0,0,0.030303,0.030303,0.060606,0,0,0,0.030303,0,0,0.060606,0.030303,0.030303,0,0,0,0,0,0
0.02381,0.095238,0,0,0.047619,0.047619,0.02381,0,0.047619,0,0,0,0,0.02381,0,0,0.047619,0.02381,0.02381,0,0.047619,0.02381,0,0,0.02381,0,0,0.02381,0,0.02381,0.02381,0.02381,0.02381,0.02381,0,0.02381,0,0,0.047619,0,0,0,0,0,0,0,0.02381,0,0.02381,0,0.02381,0.02381,0.02381,0.047619,0,0,0,0,0,0.02381,0.02381,0.02381,0,0.047619
0.052632,0,0.052632,0,0,0.10526,0.052632,0.052632,0,0,0,0.10526,0,0,0.052632,0,0,0,0,0.052632,0.052632,0,0,0,0,0.052632,0,0,0,0,0,0,0.052632,0,0,0,0,0,0,0,0,0,0,0,0,0,0,0,0,0,0,0.052632,0,0,0,0,0.10526,0,0.10526,0,0,0,0.052632,0
0,0,0.055556,0.055556,0,0,0,0,0,0,0,0.055556,0,0,0,0,0,0,0,0.055556,0,0,0,0,0,0,0,0,0,0.055556,0,0,0,0,0,0,0,0.055556,0.055556,0.055556,0,0.055556,0,0,0.055556,0,0.055556,0,0,0,0,0,0.055556,0,0,0,0,0.16667,0,0,0,0,0.16667,0
0,0,0,0,0,0,0,0,0,0,0.055556,0,0.055556,0,0,0,0,0.055556,0,0.055556,0.055556,0,0.055556,0,0,0.055556,0,0,0,0.055556,0,0,0,0.055556,0.055556,0.055556,0,0.055556,0,0.055556,0,0,0,0,0,0,0.055556,0,0.055556,0,0,0,0.055556,0,0,0,0,0,0,0,0,0.055556,0.055556,0
0,0,0,0,0,0,0,0,0,0.066667,0,0.066667,0,0,0,0.066667,0,0,0,0,0,0,0,0,0,0,0,0,0,0,0,0,0,0,0,0,0,0.066667,0.066667,0,0.066667,0.066667,0,0,0,0,0.13333,0,0,0,0.066667,0,0,0.066667,0,0,0,0.066667,0,0.2,0,0,0,0
0,0,0.11111,0,0,0,0,0.11111,0,0,0,0,0.22222,0,0,0,0,0,0,0.11111,0,0,0,0,0,0,0,0.11111,0,0,0,0,0,0,0,0,0,0,0,0.11111,0,0,0,0,0.11111,0,0,0,0,0.11111,0,0,0,0,0,0,0,0,0,0,0,0,0,0
0,0,0,0,0,0,0,0.055556,0,0,0,0,0,0,0,0,0,0,0,0,0,0,0,0,0,0.22222,0.055556,0,0,0,0,0,0,0,0,0,0,0,0.055556,0,0,0,0,0,0,0.11111,0.055556,0.11111,0,0,0,0.055556,0,0,0.055556,0,0,0.11111,0.055556,0.055556,0,0,0,0
0.066667,0,0.033333,0.033333,0,0,0.033333,0,0.033333,0,0.033333,0,0.1,0.1,0.033333,0,0.033333,0.033333,0,0.033333,0,0,0,0,0.033333,0,0,0,0,0,0,0,0.066667,0,0,0,0,0.1,0.033333,0.033333,0,0.033333,0,0,0,0,0.033333,0,0,0,0,0,0.033333,0,0,0,0,0.033333,0,0,0,0,0.033333,0
0,0,0,0.083333,0,0,0,0.083333,0,0,0,0,0,0.083333,0,0,0,0,0,0,0,0,0,0,0,0,0,0,0,0,0,0,0.083333,0,0.083333,0,0,0,0,0,0,0,0,0.083333,0.083333,0,0.083333,0,0.083333,0.083333,0.083333,0,0.083333,0,0,0,0,0,0,0,0,0,0,0
0,0,0,0,0,0.055556,0,0.055556,0,0,0,0.055556,0.055556,0.055556,0,0,0,0,0.055556,0,0.055556,0.16667,0,0,0,0,0,0,0,0,0,0,0,0,0,0.055556,0.055556,0,0.11111,0.055556,0,0,0,0,0.055556,0,0,0,0,0,0,0,0.055556,0,0,0,0,0,0.055556,0,0,0,0,0
0,0,0,0,0.05,0,0,0,0,0.05,0.05,0.05,0,0,0,0.05,0.05,0.1,0.1,0,0.05,0,0,0,0,0,0,0.05,0.05,0,0.05,0,0,0,0,0,0,0.05,0,0,0,0,0,0,0.05,0.05,0,0,0,0,0,0,0,0.05,0,0,0,0.1,0,0,0,0,0,0
0,0.071429,0,0,0,0,0,0,0.071429,0,0,0,0,0.071429,0,0,0.071429,0,0,0,0,0,0,0,0,0,0.071429,0,0,0.071429,0,0.071429,0,0,0,0,0,0,0,0,0,0,0,0.071429,0,0,0,0,0.14286,0,0.071429,0,0,0,0,0.071429,0,0,0,0,0,0.071429,0.071429,0
0.037037,0,0,0,0.037037,0,0.037037,0,0.037037,0,0,0,0,0,0.074074,0,0.037037,0.037037,0,0,0.037037,0.074074,0.037037,0,0.074074,0,0,0.037037,0,0,0,0,0.074074,0,0,0.037037,0.037037,0.037037,0.037037,0.037037,0,0,0,0,0,0,0.037037,0,0.074074,0,0,0.037037,0,0,0,0,0,0,0,0,0,0,0.037037,0
0.1,0.1,0,0.1,0,0,0,0,0,0,0,0,0,0,0.1,0,0,0,0,0,0,0,0,0,0,0,0,0,0,0,0.1,0,0,0,0.2,0,0,0,0,0,0.1,0,0,0,0,0,0,0,0.1,0,0,0,0,0,0.1,0,0,0,0,0,0,0,0,0
0.04,0.04,0,0,0,0,0,0,0,0,0,0,0,0,0.12,0,0,0.04,0,0,0,0.04,0,0.04,0,0,0,0,0,0,0,0,0,0,0.08,0.04,0.08,0,0.04,0,0.04,0,0,0.04,0,0,0,0,0,0,0.04,0.04,0,0,0,0.04,0,0.04,0.08,0,0,0,0.08,0.04
0.0625,0.1875,0,0,0.0625,0,0,0,0,0.0625,0,0,0,0,0.0625,0,0.0625,0,0,0,0,0,0,0,0,0,0,0,0.0625,0,0,0,0,0,0,0,0,0,0,0.0625,0.0625,0,0,0,0,0,0,0,0.1875,0,0.0625,0,0,0,0,0,0.0625,0,0,0,0,0,0,0
0.068966,0.034483,0.068966,0,0.034483,0,0,0,0,0,0,0,0,0,0,0.034483,0.034483,0,0,0,0,0,0,0.068966,0.034483,0,0.034483,0,0,0,0,0,0.034483,0,0,0,0,0,0,0.034483,0.034483,0.034483,0,0.034483,0,0,0,0,0,0,0,0,0.068966,0.034483,0,0.034483,0.034483,0,0,0.034483,0.034483,0.13793,0,0.034483
0.04,0.04,0.04,0.02,0,0,0,0,0,0.02,0.02,0,0.04,0.02,0.02,0.04,0.04,0,0,0.04,0,0,0.02,0,0,0.02,0,0,0,0.02,0,0.04,0,0.02,0.02,0,0,0,0.02,0.02,0,0,0,0.02,0.02,0,0,0,0,0.02,0.02,0.04,0.06,0.02,0,0.02,0.02,0.02,0,0.02,0.04,0.04,0,0.08
0.021277,0.021277,0,0.042553,0,0,0,0,0,0,0,0,0,0,0.021277,0.021277,0.021277,0,0,0.021277,0,0.042553,0,0,0,0.06383,0,0.042553,0,0,0.042553,0,0,0,0,0,0.042553,0.021277,0.042553,0,0,0.042553,0,0.021277,0,0.021277,0.021277,0,0.042553,0,0.021277,0.021277,0.021277,0.042553,0.021277,0.042553,0.042553,0,0.021277,0.021277,0.021277,0.021277,0.042553,0.042553
0.017544,0,0.035088,0,0.017544,0,0,0.017544,0.052632,0,0.017544,0,0.052632,0,0,0.017544,0,0,0.035088,0.035088,0,0.017544,0.017544,0.035088,0,0.017544,0,0,0,0,0,0.017544,0.017544,0,0,0.017544,0.017544,0,0.017544,0.017544,0.035088,0.035088,0.017544,0.052632,0,0,0.052632,0.017544,0,0,0,0.035088,0.017544,0.035088,0.017544,0.017544,0.017544,0.035088,0,0.017544,0.035088,0.052632,0,0.017544
0,0,0.125,0,0,0,0,0,0,0,0,0,0,0,0,0,0,0,0,0,0,0,0,0,0,0,0,0.125,0,0.125,0,0,0,0,0,0,0,0,0,0,0,0,0,0.125,0,0.125,0.125,0,0,0,0,0,0,0,0,0,0,0.125,0,0,0.125,0,0,0
0,0,0,0,0,0,0,0,0,0,0.1,0,0.1,0,0.1,0.1,0,0,0.1,0,0,0,0,0,0,0,0,0,0,0,0,0,0,0,0,0,0,0,0,0.1,0,0,0,0,0,0,0,0.3,0,0,0,0,0,0,0,0,0.1,0,0,0,0,0,0,0
0.03125,0,0,0.03125,0.03125,0.03125,0,0,0,0,0,0,0,0,0.09375,0.09375,0,0,0,0,0,0,0.03125,0,0,0,0,0,0,0,0,0.0625,0,0,0,0,0,0,0,0,0,0,0.0625,0.0625,0,0,0.03125,0.03125,0.0625,0,0.03125,0.0625,0,0,0,0,0.03125,0.03125,0,0,0.0625,0.0625,0.03125,0.03125
0.14286,0,0,0.057143,0,0,0,0.028571,0,0,0.028571,0,0.057143,0.028571,0,0,0.028571,0.028571,0.057143,0.028571,0,0.028571,0,0,0,0,0,0,0.028571,0.028571,0,0,0,0,0,0,0,0.028571,0.028571,0,0,0,0,0,0,0,0,0,0.028571,0.057143,0,0,0.028571,0,0,0,0,0.057143,0.028571,0,0.057143,0.028571,0,0.085714
0.05,0,0.05,0.05,0,0,0,0,0,0.05,0.05,0.05,0,0.05,0,0,0,0.05,0.05,0.1,0,0.05,0,0,0,0.05,0.05,0,0,0,0,0,0,0,0,0,0,0,0,0,0,0,0,0,0,0,0,0,0,0,0.05,0.05,0,0,0,0,0,0,0,0.05,0.05,0.05,0.05,0
0,0.058824,0,0,0,0,0,0.058824,0,0,0,0,0,0,0,0,0,0,0,0,0,0,0,0,0.058824,0.058824,0,0.058824,0,0,0,0,0,0,0,0,0,0,0.058824,0.058824,0,0,0,0,0,0,0.23529,0,0,0,0,0,0,0,0,0,0,0.17647,0,0,0.058824,0,0.058824,0.058824
0.029412,0,0,0,0.029412,0,0.029412,0,0.029412,0,0.029412,0,0.029412,0.029412,0.029412,0.029412,0.14706,0,0.26471,0,0.029412,0,0,0,0.058824,0,0.029412,0,0,0.058824,0,0,0,0,0,0,0,0,0,0.058824,0,0,0,0,0.029412,0,0,0,0.029412,0,0,0,0,0,0,0,0,0.029412,0,0,0,0,0,0
0,0,0.1,0,0.15,0,0,0,0,0,0.05,0.05,0.05,0,0,0,0.05,0,0,0,0.05,0.15,0.05,0,0,0,0.05,0.05,0.05,0,0,0,0,0,0,0,0,0,0,0,0,0,0,0,0.05,0,0.05,0,0.05,0,0,0,0,0,0,0,0,0,0,0,0,0,0,0
0.047619,0,0,0,0,0.047619,0.047619,0,0,0,0,0,0,0,0,0,0,0,0,0,0,0.19048,0,0,0,0.047619,0,0,0,0,0,0.047619,0.047619,0,0,0,0,0.047619,0,0,0,0.095238,0.047619,0.047619,0,0,0,0,0,0.047619,0.047619,0,0,0,0,0,0,0.095238,0,0,0.047619,0.047619,0,0
0.072289,0.024096,0,0,0.048193,0.036145,0.024096,0,0.024096,0.012048,0.024096,0.012048,0.012048,0.012048,0,0.060241,0.012048,0.012048,0.012048,0,0.036145,0.024096,0.024096,0.012048,0,0.012048,0.024096,0.012048,0,0.012048,0.012048,0.012048,0.036145,0.012048,0,0,0.072289,0.024096,0.024096,0.024096,0,0.024096,0,0,0.024096,0,0,0.012048,0.012048,0,0,0,0.012048,0.012048,0,0.012048,0,0.072289,0.012048,0,0.012048,0,0.012048,0.012048
0.034483,0.10345,0,0.034483,0,0,0,0,0,0.034483,0,0,0,0,0.034483,0,0.068966,0.034483,0.034483,0,0.034483,0,0,0,0,0.034483,0,0,0.034483,0,0,0,0,0,0.034483,0.034483,0,0.068966,0.034483,0.034483,0,0,0,0,0,0,0,0.034483,0.034483,0,0,0,0,0.068966,0,0,0.034483,0.068966,0,0.034483,0,0.034483,0,0
0.2,0,0.066667,0,0,0.066667,0.066667,0,0,0,0.13333,0,0,0,0,0,0.13333,0,0.066667,0,0,0,0,0,0,0,0,0,0,0,0,0,0,0,0,0,0,0.066667,0,0,0,0.066667,0,0,0,0,0,0,0.066667,0,0,0,0,0,0,0,0,0.066667,0,0,0,0,0,0
0.13043,0,0.043478,0,0,0.043478,0,0,0,0.043478,0,0,0.043478,0,0,0.043478,0,0.043478,0,0.043478,0,0,0,0,0,0,0.043478,0,0,0,0,0,0,0.043478,0,0.043478,0,0.13043,0,0,0,0.043478,0,0,0,0,0,0.043478,0,0,0.043478,0.043478,0,0,0,0,0,0,0.043478,0,0.043478,0,0.043478,0
0,0,0,0,0.1,0,0,0,0.05,0,0,0,0.05,0,0,0.05,0.05,0,0,0,0,0,0,0.05,0,0,0.05,0,0.05,0,0,0.05,0,0,0,0,0,0,0,0,0,0.05,0,0,0,0,0.05,0,0,0,0,0,0.1,0.05,0,0,0,0.1,0.05,0.05,0,0,0,0.05
0.032258,0,0,0.016129,0,0,0.032258,0.016129,0,0,0,0.016129,0,0,0.016129,0,0,0.016129,0.016129,0,0.016129,0.016129,0.016129,0,0.032258,0.064516,0.016129,0.016129,0.032258,0,0.016129,0.016129,0.032258,0.016129,0.016129,0.016129,0.032258,0.032258,0,0.032258,0,0,0,0.016129,0.032258,0.016129,0.032258,0,0.016129,0,0.016129,0,0.032258,0.048387,0.032258,0.016129,0.016129,0.032258,0.032258,0.016129,0,0.016129,0.048387,0
0,0,0,0,0,0,0.090909,0,0,0,0,0,0,0.090909,0,0,0,0,0,0,0,0,0,0,0,0,0,0.090909,0,0,0,0,0,0,0,0.18182,0,0,0,0.090909,0,0,0,0,0,0,0,0,0,0,0,0,0,0,0,0,0,0.090909,0.090909,0.090909,0.090909,0.090909,0,0
0,0.076923,0,0.076923,0,0,0,0,0,0,0,0,0.076923,0,0,0.076923,0,0,0.076923,0,0,0,0,0,0,0,0,0,0.076923,0.076923,0.076923,0,0.076923,0,0,0,0,0,0,0,0,0,0,0,0,0,0,0,0,0.076923,0.076923,0,0,0,0.076923,0,0,0.076923,0,0,0,0,0,0
0,0,0,0,0,0,0,0,0,0.076923,0,0,0,0,0.038462,0.076923,0.038462,0,0,0.038462,0,0.038462,0.038462,0,0.038462,0,0,0,0.038462,0,0,0.038462,0.038462,0.038462,0,0,0.038462,0,0,0.038462,0,0,0,0,0,0.038462,0,0,0.038462,0,0,0,0,0,0.038462,0,0,0,0.038462,0.076923,0.038462,0,0.076923,0.038462
0.047619,0,0,0,0.047619,0,0,0,0.047619,0,0,0,0.047619,0,0.047619,0,0,0.095238,0,0.047619,0,0,0,0,0,0,0,0,0,0,0,0,0,0,0,0,0.047619,0,0,0,0,0,0,0,0,0,0.047619,0,0.047619,0,0,0.047619,0.047619,0.14286,0,0,0,0.047619,0,0,0,0,0.047619,0.14286
0.17647,0.11765,0,0,0,0,0,0,0,0,0.058824,0,0,0,0,0,0,0,0,0,0.11765,0,0,0,0,0,0,0,0,0,0,0,0.058824,0,0,0,0.058824,0,0,0,0,0,0.11765,0,0,0,0,0,0.11765,0,0,0.058824,0,0,0,0,0,0.11765,0,0,0,0,0,0
0.040816,0.040816,0,0.020408,0.020408,0,0.020408,0.020408,0.040816,0.020408,0.020408,0.020408,0,0,0.040816,0.020408,0.020408,0.020408,0,0,0,0,0.020408,0,0.040816,0.040816,0.020408,0.020408,0,0.061224,0,0.020408,0.040816,0.020408,0,0.020408,0,0,0.061224,0,0.040816,0,0,0,0,0.020408,0.040816,0.020408,0.020408,0,0,0,0,0,0.020408,0,0,0.020408,0.020408,0.020408,0,0.020408,0.020408,0
0.038462,0,0,0,0.038462,0,0,0.076923,0,0,0,0.038462,0.076923,0,0,0,0,0.076923,0.038462,0,0.038462,0.038462,0.11538,0,0.038462,0.076923,0,0,0,0.038462,0,0,0,0,0.038462,0,0,0,0,0,0.038462,0,0,0,0,0,0,0,0,0,0,0,0,0.076923,0,0,0.076923,0,0,0,0,0.038462,0,0
0.055556,0.055556,0.027778,0.027778,0.027778,0,0.027778,0,0,0,0,0,0.027778,0.027778,0.055556,0,0,0.027778,0.027778,0.027778,0,0.027778,0,0.027778,0.027778,0,0.027778,0,0,0,0.055556,0,0.027778,0.027778,0,0,0.027778,0,0,0,0.027778,0.027778,0,0,0,0,0,0,0.027778,0,0.027778,0.027778,0.027778,0.027778,0.027778,0.027778,0,0.027778,0.027778,0,0,0.027778,0,0
0,0,0.16667,0,0,0,0,0,0,0.083333,0.083333,0,0,0,0,0,0,0,0,0,0,0,0,0,0,0,0,0,0,0,0,0,0,0,0,0.083333,0.083333,0,0,0,0.083333,0,0,0,0,0.083333,0,0,0.083333,0,0.083333,0,0.083333,0,0,0,0,0,0,0,0.083333,0,0,0
0.021277,0,0,0,0,0.021277,0.021277,0,0,0.042553,0,0.021277,0,0,0.06383,0.021277,0.021277,0,0.021277,0,0.042553,0,0,0,0,0,0,0.042553,0,0.021277,0.042553,0,0,0,0,0,0.06383,0.021277,0.021277,0,0.021277,0.021277,0,0,0,0.021277,0,0.021277,0,0.021277,0,0,0,0.021277,0.042553,0.042553,0,0.042553,0.021277,0.042553,0.085106,0.021277,0.042553,0.021277
0,0,0.076923,0,0.15385,0.076923,0,0,0,0,0,0,0.076923,0,0,0,0.076923,0,0,0.076923,0,0.076923,0,0,0,0,0,0.076923,0,0,0,0,0,0,0,0,0,0,0,0,0,0,0,0,0,0.076923,0.076923,0,0,0,0,0,0,0,0,0,0,0,0.15385,0,0,0,0,0
0,0,0,0.0625,0,0,0,0,0.125,0,0,0,0,0.0625,0,0,0.0625,0,0,0,0.0625,0,0,0,0,0.125,0,0,0,0,0,0,0,0.0625,0,0,0,0,0.0625,0,0,0.0625,0,0,0,0.0625,0,0,0,0,0,0,0,0,0,0,0,0.125,0.0625,0,0,0,0.0625,0
0,0,0.038462,0,0,0.038462,0,0.076923,0,0,0.038462,0,0.038462,0.038462,0,0.038462,0,0,0,0,0,0,0,0,0,0,0.15385,0,0,0.038462,0.038462,0,0,0,0,0,0.038462,0,0.038462,0,0.038462,0.038462,0.076923,0.038462,0,0.038462,0,0,0,0,0,0,0.038462,0,0,0,0,0,0,0.038462,0,0,0,0.076923
0.14286,0.028571,0.028571,0.057143,0.057143,0,0,0.028571,0,0,0,0,0,0.028571,0,0.028571,0,0.028571,0,0.028571,0,0.057143,0,0.028571,0,0.028571,0,0,0,0,0,0,0,0,0,0,0.057143,0.028571,0.028571,0,0.028571,0,0,0,0,0,0.028571,0.057143,0,0,0,0,0,0,0.028571,0,0.028571,0.028571,0,0,0,0.028571,0.028571,0.057143
0,0,0,0,0.071429,0,0,0,0.035714,0.035714,0,0.035714,0,0,0,0,0.035714,0,0.035714,0,0.17857,0.035714,0,0,0,0.071429,0.035714,0,0,0,0,0,0,0,0.035714,0.17857,0.035714,0,0,0,0,0.035714,0,0.035714,0,0,0,0,0,0,0,0.035714,0,0,0.035714,0,0,0,0,0.035714,0,0,0,0
0,0,0,0,0.05,0,0.05,0,0,0,0,0,0.15,0,0.05,0.1,0,0.05,0,0,0,0,0,0,0,0,0,0,0,0,0,0,0,0,0,0.1,0,0,0,0,0,0,0,0,0.05,0,0.05,0,0,0.05,0.05,0,0,0,0.05,0.05,0,0,0,0.15,0,0,0,0
0,0,0,0.10526,0.052632,0,0.052632,0,0,0,0,0,0.052632,0,0,0.10526,0.10526,0,0,0,0.052632,0,0.052632,0,0,0,0,0,0,0,0,0,0.052632,0,0,0,0,0,0.052632,0,0,0,0,0,0,0,0.10526,0,0,0,0,0,0,0,0,0,0,0.10526,0,0,0.10526,0,0,0
0.058824,0.029412,0.058824,0,0.029412,0,0.029412,0,0.058824,0,0.029412,0,0.058824,0.029412,0,0,0.058824,0,0.029412,0,0,0,0,0,0,0,0,0,0.029412,0.029412,0,0.029412,0,0,0.029412,0,0.058824,0,0,0,0,0,0,0,0.029412,0,0.029412,0.029412,0,0,0,0,0,0,0.029412,0,0.058824,0,0,0.029412,0,0,0.058824,0.088235
0.058824,0,0,0.029412,0.029412,0.029412,0,0.029412,0.11765,0,0.029412,0,0.029412,0,0,0.029412,0.058824,0,0,0.029412,0,0,0.058824,0,0,0.029412,0.029412,0.029412,0,0,0,0.029412,0,0,0,0,0,0.058824,0,0.029412,0,0,0,0,0,0.029412,0.029412,0.029412,0,0.029412,0,0,0,0,0,0.029412,0,0,0,0.058824,0,0,0,0.058824
0,0.054054,0,0.027027,0.054054,0,0,0,0.027027,0.027027,0,0,0.054054,0.027027,0,0,0,0.027027,0,0.10811,0,0,0,0.027027,0.027027,0.027027,0,0,0.081081,0,0.027027,0,0.027027,0,0,0,0,0,0,0,0,0,0,0,0.081081,0,0,0,0,0,0.027027,0,0.027027,0.027027,0,0.027027,0.027027,0.027027,0,0.054054,0.027027,0,0.027027,0.027027
0.055556,0.055556,0.055556,0,0.055556,0,0,0,0.055556,0,0,0.055556,0.055556,0,0.055556,0,0,0,0.11111,0,0,0,0,0,0.055556,0.055556,0,0.055556,0.055556,0,0,0,0,0,0,0,0.055556,0,0,0,0,0,0,0,0,0,0,0,0.055556,0,0,0,0,0.055556,0,0,0.055556,0,0,0,0,0,0,0
0,0,0.1,0,0.1,0,0.1,0.1,0.1,0,0,0,0,0,0,0,0,0,0,0.1,0,0,0,0,0,0,0,0,0,0,0,0,0,0,0,0,0,0,0,0,0,0,0,0,0,0,0,0,0.1,0,0,0.1,0,0,0,0,0,0,0,0,0,0,0.1,0.1
0.041667,0.020833,0.020833,0,0.020833,0.020833,0.041667,0,0,0.0625,0.041667,0.020833,0,0.020833,0.020833,0,0,0.020833,0,0.020833,0,0.020833,0,0,0.020833,0,0.0625,0.020833,0,0,0,0,0,0,0.020833,0.020833,0,0,0.020833,0.020833,0,0,0.020833,0.020833,0,0.020833,0.041667,0,0,0.020833,0,0,0.020833,0,0,0.020833,0.041667,0.020833,0.041667,0.020833,0.020833,0.020833,0.0625,0.020833
0.28571,0,0.047619,0.095238,0.095238,0.047619,0,0,0,0,0,0,0,0,0,0,0.047619,0.095238,0.047619,0,0,0,0,0,0,0,0,0,0,0,0.047619,0,0,0,0,0,0,0,0,0,0,0,0,0,0,0,0.047619,0,0,0,0,0.047619,0.047619,0,0,0,0,0,0,0,0.047619,0,0,0
0.16327,0.061224,0,0.020408,0.061224,0,0.020408,0,0,0.040816,0,0.020408,0.040816,0.020408,0,0,0.020408,0.081633,0,0,0.020408,0,0,0,0.020408,0,0,0,0.020408,0,0,0,0.040816,0,0.020408,0,0,0,0.040816,0.040816,0.020408,0.020408,0.020408,0,0,0,0.040816,0,0,0.020408,0,0,0,0.020408,0,0,0.020408,0,0,0,0.040816,0,0.040816,0
0,0,0,0,0,0,0,0,0,0,0.058824,0,0,0,0,0.058824,0,0,0,0,0.058824,0,0.17647,0.11765,0,0,0,0,0,0,0,0,0,0.058824,0,0,0,0,0.058824,0,0,0,0.058824,0,0,0,0.058824,0,0,0,0,0,0,0,0.058824,0.058824,0,0,0,0,0.058824,0.058824,0,0.058824
0,0,0,0,0,0,0,0,0,0,0,0,0,0,0,0,0.090909,0,0.090909,0,0,0,0,0,0,0,0,0,0,0,0,0,0,0,0.090909,0,0,0.090909,0.090909,0,0,0.090909,0.090909,0,0,0,0,0,0.090909,0,0,0,0,0.090909,0,0,0.18182,0,0,0,0,0,0,0
0.017544,0.035088,0.052632,0.052632,0,0.035088,0.017544,0.052632,0,0,0.017544,0,0.017544,0.017544,0,0.017544,0.052632,0,0,0,0,0,0,0,0.017544,0.017544,0,0,0,0,0,0.017544,0.035088,0,0,0.017544,0.052632,0,0,0,0.035088,0,0,0.017544,0,0.035088,0,0,0.052632,0.035088,0,0,0.017544,0,0.035088,0,0.017544,0.052632,0.017544,0,0.052632,0.035088,0.035088,0.017544
0.018182,0.018182,0,0,0.036364,0.018182,0.018182,0,0.036364,0.036364,0,0.018182,0.018182,0.018182,0,0,0,0.018182,0,0,0,0,0.018182,0,0,0.018182,0,0.036364,0,0.036364,0,0.036364,0,0.018182,0.018182,0,0.12727,0.036364,0.072727,0,0,0.018182,0,0,0.036364,0.036364,0.018182,0.018182,0,0,0,0,0.036364,0,0.018182,0,0.018182,0,0,0.018182,0.018182,0,0.072727,0.018182
0.095238,0,0,0,0,0,0,0,0.047619,0.095238,0,0.047619,0.047619,0,0,0,0.095238,0.047619,0,0,0.047619,0,0,0,0,0,0,0,0,0,0,0,0,0,0,0,0,0.047619,0.14286,0,0,0.047619,0.047619,0.095238,0,0,0,0,0.047619,0,0,0,0,0,0,0,0,0,0,0.047619,0,0,0,0
0.058824,0,0.058824,0,0,0.029412,0,0.029412,0.029412,0,0,0,0,0,0.029412,0,0.058824,0.029412,0,0,0.029412,0.029412,0.029412,0,0,0,0,0,0.029412,0,0,0,0.058824,0,0,0,0,0,0,0.029412,0.029412,0,0,0,0,0.029412,0.088235,0.058824,0.029412,0.029412,0,0.029412,0.029412,0,0,0,0.029412,0.029412,0,0.029412,0,0.029412,0,0.029412
0,0,0.083333,0,0,0,0,0,0,0,0,0,0,0,0,0,0.083333,0,0.083333,0,0.083333,0,0,0,0,0,0,0,0.083333,0,0,0,0,0.083333,0,0,0,0.16667,0,0,0,0,0,0,0.083333,0,0,0,0,0,0,0.083333,0,0,0,0,0,0.083333,0,0,0,0,0,0.083333
0.045455,0.13636,0,0,0.045455,0.045455,0,0,0.045455,0.045455,0,0,0,0,0.045455,0,0.045455,0.045455,0,0.045455,0,0,0,0,0,0,0,0,0,0,0.18182,0.045455,0.045455,0,0,0,0,0.045455,0,0,0,0,0,0,0,0,0,0,0,0,0,0,0,0,0,0,0.045455,0,0.045455,0,0,0.045455,0,0
0.055556,0,0.11111,0.055556,0,0,0.055556,0,0,0.055556,0,0,0.16667,0,0,0,0.11111,0,0,0.055556,0,0,0.055556,0,0.11111,0.055556,0,0,0,0,0,0,0,0,0,0,0,0,0,0,0,0,0,0,0,0,0,0,0,0,0,0,0,0,0,0,0,0,0,0,0.055556,0,0,0.055556
0.083333,0,0.055556,0.055556,0,0.027778,0,0,0.055556,0.027778,0,0,0.027778,0,0,0.083333,0.027778,0,0,0,0.027778,0,0,0,0,0.027778,0,0.027778,0,0,0,0,0,0,0.083333,0,0,0,0.027778,0,0,0.027778,0,0,0.027778,0.027778,0,0.027778,0.027778,0.027778,0.027778,0,0,0,0.027778,0,0.027778,0,0,0.055556,0,0.055556,0,0
0,0,0,0,0,0,0.125,0,0.125,0,0,0,0,0.125,0,0,0.125,0,0,0,0,0,0.125,0,0,0,0.125,0,0,0,0,0,0,0,0,0,0,0,0,0,0,0,0,0,0,0,0,0,0,0,0,0,0,0,0.125,0,0.125,0,0,0,0,0,0,0
0,0.0625,0.25,0,0,0,0,0,0,0,0,0,0,0,0.125,0,0.0625,0,0,0,0.0625,0,0,0,0.0625,0.0625,0,0,0,0,0,0.0625,0,0,0,0,0,0.0625,0,0,0.0625,0,0,0,0.0625,0,0,0,0,0,0,0,0,0,0,0,0,0,0.0625,0,0,0,0,0
0,0.058824,0,0.23529,0.058824,0,0,0,0.058824,0,0,0,0.058824,0,0.058824,0,0.058824,0,0,0,0,0,0,0,0,0,0,0,0,0,0,0,0,0.058824,0,0,0,0.11765,0,0,0,0,0,0,0,0,0,0,0,0,0,0,0,0,0,0,0.058824,0,0.058824,0.058824,0,0.058824,0,0
0.04,0.04,0.04,0.08,0,0,0,0,0,0,0,0,0,0,0,0.04,0.08,0,0,0.04,0,0,0,0,0.08,0.12,0,0,0,0,0.04,0,0.08,0,0,0,0.04,0,0.04,0,0,0,0,0,0,0,0.04,0,0.04,0.04,0,0,0.04,0,0,0,0,0,0,0.04,0,0,0,0.04
0.095238,0,0,0.047619,0.047619,0,0.047619,0,0,0,0,0.047619,0,0,0.047619,0,0.095238,0,0,0,0.047619,0,0,0,0.047619,0,0,0,0,0,0,0,0.047619,0,0,0,0,0,0.095238,0,0,0,0,0,0.047619,0,0,0,0.095238,0,0,0,0,0,0,0,0,0.095238,0,0.047619,0.047619,0,0,0
0,0,0,0,0,0,0,0,0,0.090909,0.090909,0,0,0,0.18182,0.090909,0.090909,0,0.090909,0,0,0,0,0,0,0,0,0,0,0,0,0,0,0,0,0,0.090909,0,0,0.090909,0,0,0,0,0,0,0,0,0,0,0,0,0,0,0.090909,0,0,0,0,0,0,0.090909,0,0
0.038462,0,0,0.076923,0.076923,0,0,0,0,0,0.038462,0,0.038462,0,0,0.038462,0.038462,0,0,0.038462,0,0,0,0,0.038462,0,0.038462,0.038462,0.038462,0,0,0.038462,0,0,0,0,0.038462,0,0,0,0,0,0,0,0.038462,0.038462,0,0.038462,0,0,0,0,0,0,0,0.038462,0,0.038462,0.038462,0.038462,0.038462,0,0.038462,0.038462
0.090909,0,0,0.045455,0,0,0.045455,0,0,0,0,0,0.13636,0,0,0.090909,0,0,0,0.090909,0,0,0,0,0,0,0,0,0,0,0,0,0,0,0,0,0,0,0,0.045455,0,0,0,0,0.090909,0,0,0,0.090909,0,0.045455,0,0.090909,0,0,0.045455,0,0,0,0,0.045455,0,0,0.045455
0,0,0,0.071429,0,0,0,0.21429,0,0,0,0,0,0,0,0,0,0,0,0,0,0,0.071429,0,0,0,0,0,0.071429,0.14286,0.071429,0.071429,0,0,0,0,0.071429,0,0,0,0,0,0,0,0,0,0,0,0,0.071429,0,0,0.071429,0,0,0.071429,0,0,0,0,0,0,0,0
0.043478,0.043478,0,0.043478,0.043478,0,0,0,0,0,0,0.043478,0,0,0,0,0,0,0,0,0,0,0,0.043478,0,0,0,0,0,0,0.086957,0.086957,0.043478,0,0,0,0,0,0,0,0,0,0,0,0,0,0,0,0.043478,0,0,0,0.043478,0,0,0,0,0.043478,0.043478,0.086957,0.086957,0.043478,0.043478,0.086957
0,0.05,0,0,0.05,0,0.05,0,0,0.05,0,0.05,0,0,0,0.1,0,0,0,0,0.05,0,0,0,0,0,0,0,0,0,0,0,0,0.05,0,0,0.05,0,0,0,0,0,0,0,0,0,0.05,0,0.2,0.1,0,0.1,0,0,0,0,0,0,0,0,0.05,0,0,0
0.04,0.12,0,0.04,0,0,0,0,0.04,0,0,0,0.04,0.04,0,0,0,0.04,0.04,0.04,0.04,0.04,0.04,0.04,0,0,0,0,0,0.04,0,0,0.04,0,0,0,0,0,0,0,0,0,0,0,0.12,0,0,0.04,0,0,0,0,0,0,0,0,0.04,0.04,0,0,0.04,0,0,0.04
0,0,0.052632,0.052632,0,0,0.052632,0,0,0.052632,0,0,0.10526,0,0,0.052632,0.052632,0.052632,0,0,0,0,0,0,0.052632,0,0,0,0,0,0.052632,0,0,0,0,0,0.052632,0,0.052632,0,0,0,0,0,0,0,0,0.052632,0.052632,0.052632,0,0,0,0,0,0.052632,0.052632,0,0,0,0,0,0.052632,0
0.022727,0.022727,0.022727,0.045455,0.022727,0,0,0,0,0,0,0.022727,0,0,0.022727,0.068182,0.045455,0,0,0,0,0,0,0.045455,0,0,0,0,0.022727,0,0,0.022727,0.022727,0.022727,0,0,0.022727,0,0,0.022727,0,0.022727,0,0,0.045455,0,0.022727,0.045455,0.022727,0,0,0.068182,0,0,0.022727,0.022727,0.022727,0.022727,0.022727,0.022727,0.022727,0.045455,0.022727,0.068182
0,0,0.05,0.05,0,0,0,0,0,0,0,0,0.05,0,0.05,0.1,0,0,0,0,0,0.05,0,0,0,0,0,0,0.05,0,0,0.05,0,0,0,0,0,0,0,0.05,0.05,0,0,0,0.1,0,0,0,0,0,0,0.15,0,0.05,0,0,0,0,0,0.05,0,0,0.05,0.05
0,0,0,0,0,0,0,0,0,0,0,0,0,0,0.05,0.1,0.05,0,0.05,0,0,0,0,0,0,0,0,0,0,0,0.05,0.05,0,0,0,0,0.1,0,0.05,0.15,0,0.05,0.05,0,0,0,0.05,0.1,0,0,0,0,0.05,0,0,0,0,0,0,0,0,0.05,0,0
0,0,0,0.025,0.025,0.025,0,0,0,0.025,0,0.025,0,0.025,0,0.025,0.025,0,0.025,0,0,0,0.1,0,0,0,0,0.025,0,0.025,0.125,0,0.025,0,0,0,0,0,0.05,0,0,0,0,0,0,0.025,0,0.05,0,0.025,0,0.025,0.025,0,0.05,0.025,0,0.025,0.025,0,0,0.075,0.05,0.025
0.055556,0.011111,0.011111,0.022222,0.022222,0,0,0.022222,0.022222,0.033333,0.044444,0.022222,0.033333,0,0.011111,0.022222,0.033333,0.011111,0.022222,0,0.033333,0.011111,0,0.022222,0.011111,0.011111,0.033333,0,0,0.033333,0.011111,0,0.022222,0.022222,0,0.011111,0.033333,0.022222,0.011111,0,0.033333,0.033333,0.022222,0,0,0,0,0.011111,0.055556,0,0,0.033333,0,0,0,0,0.022222,0.011111,0,0.011111,0.022222,0.033333,0.011111,0.011111
0,0,0.064516,0,0,0.016129,0.064516,0.016129,0.016129,0.032258,0,0.016129,0,0,0.032258,0,0,0,0.016129,0.032258,0,0,0.048387,0,0.016129,0.048387,0.048387,0,0,0.016129,0,0.048387,0.016129,0,0,0.016129,0,0.016129,0.048387,0.016129,0,0.032258,0.016129,0,0,0,0.048387,0.032258,0.032258,0,0,0,0.016129,0.016129,0.032258,0,0,0.032258,0.048387,0,0.016129,0.016129,0,0.016129
0,0,0,0,0.066667,0,0,0,0.066667,0,0,0,0,0,0,0,0.13333,0.13333,0,0,0.066667,0,0,0,0.066667,0,0,0,0,0,0,0,0,0,0.066667,0,0,0,0.066667,0.066667,0.066667,0,0,0,0,0,0.066667,0,0,0,0,0,0.066667,0,0,0.066667,0,0,0,0,0,0,0,0
0,0,0.041667,0.041667,0,0.041667,0,0,0,0,0,0.041667,0,0.083333,0,0,0,0,0,0.041667,0.041667,0,0.041667,0,0,0,0.041667,0,0,0,0,0,0,0,0,0,0,0,0,0,0,0,0,0,0.041667,0,0,0,0,0.041667,0,0,0.041667,0,0,0,0.083333,0.125,0,0,0,0,0.16667,0.083333
0.028571,0.028571,0.028571,0.028571,0.028571,0.057143,0,0,0,0.028571,0,0,0,0,0.028571,0,0,0.057143,0.028571,0.028571,0.11429,0,0,0,0.057143,0.085714,0,0,0,0,0.028571,0,0.028571,0,0.028571,0,0.028571,0.028571,0,0,0.028571,0,0.028571,0,0.028571,0.028571,0.028571,0.028571,0,0,0.028571,0,0,0,0,0,0,0,0,0,0,0,0,0.028571
0.076923,0.025641,0.025641,0,0.025641,0,0.025641,0.025641,0.051282,0,0,0.025641,0,0.025641,0,0.025641,0,0.051282,0,0.025641,0,0,0,0,0,0,0,0,0.025641,0,0.025641,0.025641,0.025641,0,0.025641,0,0,0,0,0.051282,0,0,0,0,0.025641,0.025641,0,0,0.025641,0,0,0.051282,0.051282,0,0.025641,0.025641,0.025641,0,0.051282,0.025641,0.025641,0.025641,0,0.025641
0.068966,0.068966,0,0,0,0,0,0,0,0.034483,0,0.034483,0,0,0,0,0,0,0.068966,0,0.10345,0,0,0,0,0.034483,0,0,0,0,0,0.068966,0,0,0,0.034483,0.034483,0.034483,0.034483,0,0.034483,0,0,0,0,0.034483,0.034483,0,0,0,0,0,0.068966,0.034483,0.034483,0,0.034483,0,0,0.068966,0,0,0,0.034483
0.083333,0,0.027778,0.027778,0,0,0,0,0,0,0,0,0.027778,0.027778,0.027778,0.027778,0.027778,0,0.027778,0,0,0,0,0,0.055556,0,0.055556,0.055556,0,0.027778,0,0,0.027778,0,0.027778,0.027778,0,0.055556,0,0,0,0,0,0,0.027778,0,0.027778,0,0.027778,0,0.055556,0,0,0,0,0.083333,0.083333,0,0,0,0,0,0.055556,0
0,0,0,0,0,0,0,0,0.045455,0.045455,0.045455,0,0,0.045455,0,0,0.045455,0.045455,0,0,0,0.045455,0,0,0,0.13636,0.045455,0,0,0.045455,0.045455,0,0,0,0,0,0.045455,0,0.090909,0,0,0,0,0,0,0,0,0.045455,0,0,0,0,0,0,0,0.045455,0,0.045455,0,0.045455,0.045455,0,0.045455,0
0.047619,0,0.095238,0,0.047619,0,0,0,0,0,0,0,0,0,0.047619,0.047619,0,0,0,0,0,0.047619,0,0,0.047619,0.047619,0,0.047619,0,0,0,0,0.047619,0,0,0,0.047619,0,0.047619,0,0,0,0,0,0,0,0,0.047619,0.047619,0,0,0,0,0,0,0,0,0.095238,0.047619,0,0.047619,0.047619,0,0.047619
0,0,0.086957,0,0.043478,0,0.043478,0,0.043478,0,0,0,0,0,0,0,0.086957,0,0,0,0.043478,0,0,0,0.043478,0.043478,0,0,0,0,0,0,0.043478,0,0.043478,0,0.043478,0,0,0.086957,0.086957,0.086957,0,0,0,0,0,0,0,0,0,0.043478,0.043478,0.043478,0,0,0.043478,0,0,0,0,0,0,0
0,0.034483,0,0,0.10345,0,0,0.068966,0.034483,0.034483,0,0,0,0,0.034483,0,0,0.068966,0,0.034483,0.068966,0,0,0,0,0.034483,0,0,0,0.034483,0.034483,0,0,0,0,0,0,0,0,0.034483,0,0,0,0,0.034483,0,0.034483,0.034483,0,0,0,0.068966,0.034483,0,0,0.068966,0,0.034483,0,0.068966,0,0,0,0
0,0,0,0,0,0,0,0,0,0,0,0,0,0,0,0.1,0,0,0,0.1,0,0,0,0,0,0.1,0,0,0.1,0,0,0.1,0,0,0,0,0,0,0.1,0,0,0,0,0,0,0,0.1,0,0,0,0,0,0,0,0,0,0,0,0,0.1,0,0.1,0,0.1
0,0,0.033333,0,0.033333,0,0,0.033333,0,0,0,0,0,0.033333,0,0,0,0,0,0,0,0,0,0.033333,0.033333,0,0,0.033333,0,0.16667,0,0.033333,0,0,0,0,0,0,0,0.033333,0,0,0,0,0,0,0,0.033333,0.033333,0,0,0.033333,0,0,0.033333,0.23333,0,0,0,0,0.033333,0.033333,0.033333,0.066667
0.11111,0,0,0.11111,0.055556,0,0,0,0,0,0,0,0,0.055556,0,0.055556,0.055556,0,0,0,0,0,0,0,0,0.055556,0,0,0,0.055556,0.055556,0,0,0,0,0.055556,0,0,0,0,0,0,0,0,0,0,0.055556,0,0,0,0.055556,0,0,0,0.055556,0,0,0,0.055556,0,0,0,0.055556,0.055556
0.0625,0,0,0,0,0,0,0,0,0,0,0,0.0625,0,0,0,0,0,0,0,0.125,0,0.0625,0,0,0.0625,0.0625,0,0,0,0,0,0,0,0,0,0,0,0,0,0,0,0,0,0,0,0,0.0625,0,0,0.0625,0,0,0.125,0.0625,0,0,0,0.125,0,0,0,0.125,0
0,0,0,0.083333,0,0,0,0,0,0.083333,0,0,0,0,0,0.083333,0,0,0.083333,0,0,0,0,0,0,0,0,0,0,0,0,0,0,0,0.083333,0,0.083333,0,0,0,0,0.16667,0,0,0,0,0,0,0.083333,0,0,0,0,0.083333,0,0,0,0.083333,0,0,0.083333,0,0,0
0.043478,0.086957,0.086957,0,0,0,0.043478,0,0.043478,0.086957,0,0,0,0.043478,0,0,0,0,0,0,0.043478,0,0,0,0,0,0.043478,0,0,0,0.043478,0,0,0.043478,0.043478,0,0.086957,0,0.043478,0,0,0,0,0.043478,0,0,0,0,0,0,0.043478,0,0,0.043478,0,0,0,0.086957,0,0,0,0,0,0
0.095238,0.047619,0,0.047619,0.095238,0,0.047619,0,0,0,0,0,0.047619,0,0,0.047619,0.095238,0,0,0,0.047619,0,0,0,0,0,0,0,0,0,0,0,0,0.047619,0,0,0,0,0.047619,0,0,0,0,0,0,0,0.095238,0.047619,0,0,0.047619,0.047619,0,0,0.047619,0,0.047619,0,0,0,0,0,0,0
0,0.04,0.08,0.04,0.08,0,0,0,0,0,0,0,0,0,0,0,0.08,0,0.04,0,0.04,0.04,0,0.04,0,0,0,0,0,0,0.08,0.04,0,0,0,0,0,0.04,0,0.08,0,0,0,0,0,0,0.08,0,0.04,0,0,0,0,0,0,0,0,0.04,0.04,0.04,0,0.04,0,0
0.2381,0,0,0,0,0,0,0,0,0,0,0,0,0,0,0,0,0,0,0,0,0,0,0,0,0.047619,0,0.095238,0,0,0,0,0,0.047619,0,0,0,0,0,0.047619,0,0,0.047619,0,0,0.047619,0,0.047619,0,0,0,0.047619,0.047619,0.047619,0,0,0,0,0,0,0.095238,0.047619,0,0.095238
0,0,0,0,0,0,0,0,0,0.041667,0,0,0,0,0.083333,0,0.16667,0.041667,0.25,0.041667,0,0,0,0.041667,0,0,0.041667,0,0,0,0.083333,0,0,0,0,0,0.041667,0.041667,0,0.041667,0,0,0,0,0,0,0,0,0,0,0,0,0,0,0,0,0,0.041667,0.041667,0,0,0,0,0
0,0,0,0,0,0,0.025641,0.025641,0.10256,0.025641,0,0,0,0.025641,0.076923,0.025641,0,0.025641,0,0,0.025641,0.025641,0.076923,0,0.025641,0.051282,0.025641,0,0,0,0.025641,0,0,0,0,0,0.051282,0.051282,0.025641,0,0.025641,0.025641,0,0,0,0.025641,0,0.025641,0,0,0.025641,0,0.025641,0,0,0,0,0.025641,0,0,0.025641,0.025641,0.025641,0.025641
0,0.055556,0,0,0,0.11111,0.055556,0.055556,0,0.055556,0,0,0,0,0,0,0,0.11111,0,0,0,0,0,0,0,0,0,0,0,0,0,0,0,0,0,0,0,0.11111,0,0,0,0.055556,0,0,0,0,0.11111,0.11111,0,0.055556,0,0,0,0,0,0,0,0,0,0.11111,0,0,0,0
0.023256,0.069767,0.023256,0,0,0.023256,0,0,0.023256,0.046512,0.023256,0,0.023256,0,0,0.093023,0.023256,0.023256,0,0,0,0,0,0,0.046512,0.023256,0.046512,0,0.023256,0.023256,0.023256,0,0,0,0.069767,0,0,0,0,0.023256,0,0,0.023256,0,0,0.023256,0.023256,0.023256,0,0,0,0,0.023256,0.023256,0,0,0,0.046512,0,0.023256,0.023256,0.046512,0.023256,0.023256
0.029412,0.029412,0.029412,0.058824,0,0,0,0.029412,0,0.029412,0,0,0.029412,0.029412,0,0.058824,0.058824,0,0,0,0,0,0,0,0,0.029412,0,0.029412,0,0,0,0,0.058824,0,0,0,0,0,0,0.029412,0.029412,0,0.029412,0,0,0,0.029412,0,0,0.058824,0.029412,0,0,0.029412,0.058824,0.029412,0.058824,0,0,0.029412,0.029412,0.029412,0.029412,0
0,0.13636,0,0.045455,0,0,0.090909,0,0,0,0,0,0,0.045455,0,0,0,0,0,0,0.045455,0,0,0,0.090909,0,0,0.045455,0,0,0.045455,0,0,0,0.045455,0,0.090909,0,0.045455,0,0.090909,0.045455,0,0,0,0,0.045455,0.045455,0,0,0,0,0,0,0,0,0,0,0,0,0,0.045455,0,0
0.013333,0.013333,0.08,0,0.013333,0,0,0.013333,0.013333,0.013333,0,0.013333,0.013333,0.04,0,0.013333,0.013333,0,0.066667,0,0,0,0.026667,0,0.013333,0,0.013333,0.026667,0,0,0.04,0,0.12,0.013333,0.08,0,0.053333,0.013333,0,0,0.013333,0,0,0,0,0,0,0.013333,0.04,0.013333,0.013333,0,0.013333,0.013333,0.013333,0,0.013333,0,0,0.013333,0.04,0.04,0.026667,0.013333
0.13793,0.034483,0.068966,0.068966,0,0,0.034483,0,0.068966,0,0,0,0,0,0.034483,0,0,0,0,0,0,0,0,0,0.13793,0,0,0,0.034483,0,0,0,0.034483,0,0.034483,0,0.034483,0,0,0,0,0.034483,0,0,0,0,0,0,0,0,0,0.034483,0,0,0,0,0.034483,0.10345,0,0.034483,0,0,0.034483,0
0.090909,0,0,0,0,0,0,0,0,0,0,0,0.090909,0.090909,0,0,0,0,0,0,0,0,0.18182,0,0,0,0,0,0,0,0,0,0,0,0,0,0,0.090909,0,0,0.090909,0,0,0,0.090909,0,0,0,0,0,0,0,0,0,0.090909,0,0,0,0,0,0,0.090909,0,0.090909
0,0,0,0,0,0,0,0,0,0,0,0,0.11111,0,0,0,0,0.11111,0,0,0.11111,0,0,0,0,0.11111,0.11111,0,0,0,0,0,0.11111,0,0,0,0,0,0,0.11111,0,0,0,0,0,0,0,0,0,0,0,0,0,0,0.11111,0,0,0,0,0,0,0,0,0.11111
0.047619,0.047619,0.031746,0.031746,0.031746,0.047619,0.015873,0.031746,0.015873,0.063492,0.015873,0,0.031746,0.015873,0,0.031746,0.031746,0.031746,0,0.031746,0,0,0.015873,0,0,0.015873,0,0,0.031746,0,0,0,0,0,0.015873,0,0.079365,0.015873,0.031746,0,0.015873,0,0,0,0,0,0.031746,0,0.015873,0,0.015873,0.015873,0.031746,0,0.015873,0,0.015873,0.015873,0.031746,0.015873,0,0,0.015873,0
0,0,0,0,0,0.0625,0.0625,0,0.0625,0.0625,0,0,0,0,0,0.0625,0,0,0.0625,0.0625,0,0,0,0,0,0,0,0,0.0625,0,0,0,0,0,0,0,0,0.0625,0,0,0,0,0,0,0,0,0,0,0,0,0,0.0625,0,0.1875,0,0,0,0,0,0.0625,0,0.0625,0.0625,0
0.11111,0,0,0,0,0,0,0,0,0,0,0,0.11111,0,0.11111,0,0,0,0,0,0,0.11111,0,0,0,0,0,0,0,0,0,0.11111,0,0,0,0,0,0,0,0,0,0,0.11111,0,0.11111,0,0,0,0,0.11111,0,0,0,0.11111,0,0,0,0,0,0,0,0,0,0
0.13333,0,0,0,0.066667,0,0,0,0,0,0,0,0.13333,0.13333,0,0,0,0.066667,0,0,0.066667,0.066667,0,0,0,0.066667,0,0,0,0,0,0,0,0,0,0,0,0,0,0,0,0.066667,0,0,0.066667,0,0,0,0.13333,0,0,0,0,0,0,0,0,0,0,0,0,0,0,0
0.066667,0,0,0.066667,0.066667,0.066667,0,0,0,0,0,0,0.066667,0,0,0.066667,0,0,0,0,0,0,0,0,0.066667,0,0,0,0,0,0,0.066667,0,0,0,0.066667,0,0,0,0,0,0,0,0.066667,0.066667,0,0,0,0,0,0,0.066667,0,0,0,0,0,0.066667,0,0,0,0,0.066667,0.066667
0.12121,0,0.030303,0.030303,0.18182,0,0.060606,0.030303,0,0,0,0,0.030303,0.030303,0,0,0,0,0,0,0.030303,0,0,0,0,0,0,0,0,0,0,0,0,0.030303,0,0,0.15152,0,0.030303,0,0,0.030303,0,0,0.030303,0,0,0,0.030303,0,0,0,0.12121,0,0,0,0,0,0,0,0.030303,0,0,0
0,0,0,0,0,0,0,0,0,0,0,0,0,0,0.066667,0,0,0,0,0,0,0,0,0.066667,0,0,0,0.066667,0,0.066667,0,0,0,0,0,0,0,0,0.066667,0,0,0,0,0,0,0,0.26667,0,0,0,0,0,0,0,0.066667,0,0,0,0,0.2,0.066667,0,0,0.066667
0,0,0.0625,0,0,0,0,0,0.0625,0,0.0625,0.0625,0.0625,0.0625,0,0.0625,0,0,0.0625,0,0,0,0,0.0625,0,0,0,0,0,0,0,0,0.0625,0,0,0,0,0,0,0,0,0,0,0,0,0,0.0625,0,0.0625,0.0625,0.0625,0,0,0,0.0625,0,0,0.0625,0,0,0,0,0,0
0,0,0,0,0.076923,0,0,0,0.076923,0,0,0,0.076923,0,0,0,0,0,0,0,0,0,0.076923,0.076923,0,0,0,0,0,0,0,0.076923,0.076923,0,0,0,0,0,0,0,0.076923,0.15385,0,0,0,0,0,0,0,0,0,0,0.076923,0,0.076923,0,0,0,0,0.076923,0,0,0,0
0.11765,0,0.058824,0,0.023529,0.011765,0.011765,0.011765,0.058824,0,0.023529,0.011765,0,0,0,0.011765,0.023529,0.011765,0.023529,0.011765,0,0.035294,0.035294,0,0.023529,0,0,0.011765,0,0.023529,0,0,0.011765,0.011765,0,0.035294,0.047059,0.023529,0,0.035294,0.011765,0.011765,0,0.023529,0,0.023529,0.023529,0.047059,0,0.011765,0,0,0.023529,0.011765,0.023529,0,0.023529,0,0,0,0.023529,0.023529,0,0.011765
0.058824,0,0,0,0.058824,0,0,0,0,0,0,0,0,0,0,0.11765,0,0,0,0.058824,0,0,0,0,0.058824,0,0,0.058824,0.058824,0,0.11765,0,0,0,0.058824,0,0,0,0,0.058824,0,0.058824,0,0,0,0,0,0.058824,0,0,0,0,0,0,0,0,0.058824,0.058824,0,0,0,0,0,0.058824
0.086957,0,0,0.043478,0,0,0,0,0,0.043478,0,0,0.086957,0,0.043478,0,0.086957,0,0.043478,0.043478,0.043478,0,0,0,0,0,0,0,0,0,0.043478,0,0,0.043478,0,0,0.043478,0,0,0,0,0,0,0,0,0,0.043478,0,0.043478,0,0,0,0,0,0.086957,0,0,0,0,0,0,0,0.13043,0.043478
0.052632,0.15789,0,0,0,0.052632,0,0,0,0,0,0,0.15789,0.052632,0,0,0.10526,0,0,0,0,0,0,0,0,0.052632,0.052632,0,0,0,0,0,0,0,0,0,0,0,0,0,0,0,0,0,0.052632,0,0.052632,0,0.052632,0,0,0,0,0,0,0,0,0,0,0,0.052632,0.052632,0,0.052632
0.05,0.05,0.1,0.05,0,0,0.05,0,0.05,0.05,0,0.05,0,0.05,0,0,0.05,0.05,0,0,0,0,0,0,0,0,0,0,0,0,0,0,0.1,0,0,0,0,0,0,0,0,0,0,0,0,0,0,0,0.05,0,0,0,0,0,0,0,0.1,0,0,0.05,0.05,0,0.05,0
0,0,0,0,0,0.083333,0.083333,0,0,0,0,0.083333,0,0.083333,0,0,0,0,0,0,0,0,0,0,0,0.083333,0,0,0,0.083333,0,0,0,0,0,0,0,0,0,0,0,0,0,0,0,0,0,0,0,0,0,0,0.083333,0,0,0.16667,0,0,0.083333,0.083333,0,0.083333,0,0
0.058824,0.019608,0,0,0,0,0.019608,0,0,0,0,0,0.11765,0.019608,0.019608,0.039216,0,0,0,0,0.019608,0,0.019608,0.058824,0.058824,0,0.039216,0,0,0,0.019608,0,0.019608,0.019608,0.039216,0,0.019608,0.019608,0,0,0,0.019608,0,0.039216,0,0.019608,0.019608,0.039216,0,0,0.039216,0.039216,0,0,0.078431,0,0,0.039216,0,0.039216,0,0,0,0
0,0.058824,0.058824,0,0.058824,0,0,0,0,0,0,0.11765,0,0,0,0,0,0,0,0.058824,0,0,0,0,0,0,0,0.058824,0,0,0.058824,0,0,0,0,0,0,0,0.058824,0,0,0.058824,0,0,0,0,0.17647,0,0.058824,0,0,0,0,0.058824,0,0,0.058824,0,0,0.058824,0,0,0,0
0,0.058824,0,0,0,0,0,0,0,0,0,0.058824,0,0,0,0,0.11765,0,0,0,0,0,0,0,0,0,0,0,0,0,0,0,0,0,0.058824,0,0,0,0.058824,0,0,0.058824,0,0,0,0,0.17647,0,0,0,0,0,0,0,0.11765,0,0.058824,0.058824,0.058824,0.058824,0,0,0.058824,0
0.023256,0.023256,0.069767,0.023256,0.046512,0.023256,0,0,0.046512,0.023256,0,0.023256,0,0.023256,0.023256,0.046512,0.023256,0.046512,0.069767,0.023256,0,0,0,0,0,0.023256,0,0.023256,0.023256,0.046512,0.023256,0,0.023256,0,0.023256,0,0.023256,0,0,0.046512,0.023256,0,0,0,0,0,0,0,0.023256,0,0,0.023256,0,0.046512,0,0,0,0.046512,0,0,0,0.023256,0,0
0,0,0.058824,0.11765,0,0,0,0,0.058824,0,0,0,0,0,0.058824,0.058824,0,0,0,0,0.058824,0,0,0,0,0,0,0,0,0,0,0,0,0.058824,0,0,0,0,0,0,0,0,0,0,0,0,0,0,0,0,0.058824,0,0,0.058824,0.058824,0.058824,0,0,0,0,0.058824,0,0.11765,0.11765
0.16667,0,0,0,0,0,0,0,0,0,0,0,0.083333,0.083333,0,0,0,0.083333,0,0,0,0,0,0,0,0,0,0.083333,0,0,0,0,0,0,0,0,0.083333,0,0,0,0,0,0,0,0,0,0.083333,0.083333,0.083333,0,0,0,0,0,0,0,0.083333,0,0,0,0,0,0,0.083333
0,0.047619,0.047619,0,0,0.047619,0,0.047619,0.047619,0,0,0,0,0,0.047619,0,0,0.047619,0.047619,0,0.095238,0.047619,0,0,0,0,0,0.047619,0,0,0,0,0,0,0,0,0.095238,0,0,0,0,0,0,0,0,0,0,0,0,0,0,0,0,0,0.047619,0,0.095238,0.047619,0.047619,0,0,0,0,0.095238
0,0.047619,0,0,0,0.047619,0.047619,0,0,0,0,0,0.047619,0.047619,0,0,0.047619,0,0,0,0,0.095238,0,0,0.047619,0.047619,0,0,0.047619,0,0,0.095238,0,0,0.047619,0,0,0,0,0,0,0.047619,0,0,0,0,0,0,0,0,0,0,0.095238,0.095238,0,0,0,0.047619,0,0,0,0.047619,0,0
0.052632,0,0,0,0,0.10526,0.052632,0,0,0,0,0,0.052632,0,0,0,0,0,0.052632,0,0,0,0,0,0.052632,0,0.052632,0,0,0,0,0,0.21053,0,0.052632,0,0,0,0,0,0,0,0,0,0,0.052632,0,0.052632,0.052632,0,0.052632,0,0,0,0.052632,0,0,0,0,0,0,0,0.052632,0
0,0,0,0,0,0,0,0,0,0,0,0,0,0,0,0,0,0,0.071429,0,0,0,0,0,0,0,0,0,0,0,0,0,0,0,0,0,0,0,0,0,0,0,0,0,0,0,0,0.35714,0,0,0,0,0,0,0,0,0.071429,0,0.14286,0,0,0,0.14286,0.21429
0,0.043478,0.043478,0,0,0,0.043478,0.043478,0.043478,0.086957,0,0,0.043478,0,0,0,0,0.043478,0,0,0.043478,0,0,0,0,0,0,0.043478,0.043478,0.043478,0.043478,0,0,0,0,0,0.043478,0,0,0,0,0,0,0,0,0,0,0,0,0.043478,0.043478,0.043478,0.043478,0,0.043478,0.043478,0,0,0,0,0,0.043478,0,0.043478
0,0,0.0625,0,0,0,0,0.0625,0,0,0,0,0,0,0,0,0,0,0,0,0,0.0625,0,0,0.125,0.0625,0,0,0,0,0,0,0.1875,0,0,0,0,0.125,0,0.125,0.0625,0,0,0,0,0,0,0,0,0,0,0,0,0.125,0,0,0,0,0,0,0,0,0,0
0.018182,0.036364,0.018182,0.018182,0.036364,0.018182,0.018182,0,0,0.054545,0.018182,0.018182,0.072727,0.036364,0.036364,0,0.054545,0.036364,0,0,0.036364,0.018182,0,0,0.054545,0.018182,0,0,0,0,0,0,0.036364,0,0,0,0.036364,0.018182,0.054545,0.018182,0,0,0,0,0.018182,0,0.018182,0,0.054545,0.018182,0,0.018182,0,0,0.018182,0,0.018182,0,0,0,0,0.018182,0.018182,0.018182
0.073171,0,0,0.02439,0.073171,0.02439,0.02439,0,0.02439,0,0,0.04878,0,0.04878,0.02439,0,0.02439,0.02439,0.02439,0,0,0,0,0,0.02439,0.073171,0,0,0,0,0,0,0.02439,0,0,0,0.02439,0,0.073171,0.02439,0.02439,0,0,0,0,0,0.02439,0.02439,0.04878,0,0,0,0.04878,0,0,0,0.02439,0,0,0.02439,0,0.02439,0.04878,0.02439
0.23529,0.11765,0,0,0,0,0,0,0,0.058824,0,0,0.058824,0.058824,0,0,0,0,0,0,0,0,0,0,0,0,0,0,0,0,0,0,0,0,0,0,0,0,0,0,0,0,0,0,0,0,0.058824,0.058824,0.058824,0.11765,0,0,0.058824,0,0,0,0,0,0,0,0,0,0.058824,0.058824
0,0.090909,0,0,0,0,0.045455,0.045455,0,0.045455,0.045455,0,0,0.045455,0,0,0,0,0,0,0.045455,0,0.045455,0,0,0,0,0,0,0,0.045455,0,0.045455,0.045455,0,0,0.045455,0,0,0.045455,0.045455,0.045455,0,0,0,0,0,0,0,0,0,0,0,0,0,0.045455,0.045455,0.090909,0,0,0,0,0.090909,0
0,0,0,0,0,0,0,0,0,0,0,0,0.058824,0,0,0,0.058824,0,0,0,0.058824,0,0,0,0,0,0,0,0,0,0,0,0,0,0,0,0,0,0.058824,0,0,0,0,0,0,0.058824,0.058824,0,0,0,0,0,0.058824,0.058824,0,0,0,0.058824,0,0.11765,0,0.058824,0.058824,0.23529
0.090909,0,0,0,0.030303,0,0,0,0,0.090909,0,0.030303,0,0,0,0.030303,0.060606,0,0.060606,0,0.060606,0,0,0,0,0,0,0.090909,0,0,0,0.060606,0.060606,0,0,0,0.090909,0,0,0.030303,0.030303,0,0,0,0,0,0,0,0,0,0,0,0,0,0,0,0,0.030303,0,0,0.030303,0,0.060606,0.060606
0.055556,0,0,0,0,0,0.055556,0,0,0.055556,0,0,0,0.055556,0.055556,0,0,0.055556,0,0,0.055556,0,0.11111,0.055556,0,0,0,0.055556,0,0.055556,0,0,0.055556,0,0,0.055556,0,0,0,0,0,0,0,0,0,0,0,0,0,0,0,0,0,0,0,0,0.055556,0,0,0,0.055556,0.11111,0,0
0.095238,0,0.047619,0.047619,0,0,0,0,0,0,0.047619,0,0,0,0,0.047619,0,0,0,0.047619,0,0,0,0,0.047619,0,0.047619,0,0.047619,0,0.047619,0,0,0,0,0,0,0.047619,0,0,0,0,0,0,0,0,0.095238,0,0.047619,0.047619,0.047619,0.047619,0,0,0.047619,0,0,0,0,0,0,0.047619,0,0.047619
0,0.027027,0.027027,0.027027,0,0,0,0,0.027027,0.027027,0.027027,0,0,0,0,0.027027,0.027027,0.054054,0,0.027027,0.027027,0,0.054054,0,0.054054,0.027027,0,0.054054,0,0,0.027027,0.027027,0,0,0,0,0,0.027027,0,0,0.027027,0.027027,0,0,0,0.027027,0.027027,0.027027,0,0,0,0,0.027027,0,0.081081,0.027027,0,0.027027,0,0.081081,0,0,0,0.027027
0,0,0.05,0.05,0.05,0,0,0,0,0,0,0.05,0.05,0.05,0,0,0.05,0.05,0,0,0.05,0.1,0.05,0,0,0,0,0,0,0,0,0.05,0.05,0,0,0,0.05,0.05,0,0,0,0.05,0,0,0,0,0,0,0,0,0,0,0,0,0.05,0,0,0.1,0,0,0,0,0,0
0,0.030303,0.030303,0,0.030303,0.030303,0,0,0.030303,0,0,0,0,0.060606,0,0,0,0.030303,0.030303,0,0,0.090909,0,0.030303,0.060606,0.030303,0.030303,0.060606,0,0.090909,0,0,0,0,0.030303,0,0,0.030303,0,0,0,0.030303,0,0,0.12121,0,0,0,0.030303,0,0.030303,0,0,0,0,0.030303,0,0,0,0,0,0.030303,0,0
0.076923,0,0,0.076923,0,0,0,0,0,0,0,0,0.076923,0,0,0,0.076923,0,0,0,0.076923,0.076923,0.076923,0,0,0,0.076923,0,0.076923,0,0,0,0,0,0,0,0,0,0,0,0,0,0,0,0,0,0.076923,0,0,0,0,0,0,0,0,0.076923,0,0,0.076923,0.076923,0,0,0,0
0.086957,0,0.043478,0,0.043478,0,0,0,0,0.043478,0.043478,0,0.043478,0,0,0,0.043478,0,0.043478,0,0.043478,0,0.043478,0,0.043478,0,0,0,0,0,0,0,0,0,0.043478,0,0.043478,0,0,0,0,0.043478,0,0,0,0.043478,0.043478,0,0,0,0,0.043478,0,0,0,0,0.043478,0.043478,0,0.043478,0,0,0.086957,0
0.090909,0,0.045455,0.090909,0.045455,0,0,0,0,0.045455,0,0,0.045455,0,0.045455,0,0,0.090909,0,0,0,0,0,0,0,0,0,0,0.045455,0,0,0,0.045455,0,0,0,0.045455,0,0.045455,0,0.090909,0,0,0,0,0,0,0,0,0,0,0,0,0,0,0,0.045455,0,0.045455,0,0.045455,0.045455,0,0.045455
0,0.058824,0,0.058824,0,0,0,0,0,0,0,0.058824,0,0.11765,0,0,0.058824,0.058824,0,0,0.11765,0,0,0,0,0,0,0,0,0.058824,0,0,0,0,0,0,0,0.058824,0,0,0,0,0,0,0,0,0,0,0,0,0.058824,0,0,0,0,0,0,0,0,0,0,0.11765,0.058824,0.11765
0.15385,0,0,0,0,0,0,0,0,0.076923,0,0.076923,0,0,0,0,0.15385,0,0,0,0,0,0,0,0,0.076923,0,0,0,0,0,0,0.15385,0,0,0.076923,0,0,0,0,0,0,0,0,0,0,0,0,0,0.076923,0,0.076923,0,0,0,0,0,0,0,0,0,0,0.076923,0
0,0,0.071429,0,0,0,0,0,0,0,0,0,0,0.071429,0,0,0,0.071429,0,0.071429,0,0,0,0,0,0,0,0,0,0,0,0,0.071429,0.071429,0.071429,0,0,0,0,0,0,0,0.071429,0,0,0,0,0,0,0,0,0,0,0.28571,0,0,0,0,0,0,0.14286,0,0,0
0.12,0.04,0.04,0.06,0.02,0,0.06,0.02,0,0.02,0,0,0,0,0,0.04,0.1,0.02,0.1,0.04,0.02,0,0,0,0,0,0.02,0,0,0,0,0,0.02,0,0.02,0,0,0,0,0,0.04,0,0.02,0.04,0,0.02,0.02,0,0,0,0.04,0,0,0,0.02,0,0,0.02,0,0.02,0,0,0,0
0,0.032258,0,0.032258,0.032258,0,0.032258,0,0,0,0,0,0.064516,0,0,0,0,0.096774,0.032258,0,0.064516,0.032258,0.032258,0,0.032258,0.064516,0,0.032258,0.064516,0.032258,0,0.032258,0,0,0,0,0,0.096774,0.064516,0,0,0.032258,0,0,0,0,0,0.032258,0,0.032258,0,0,0,0,0,0,0,0,0.032258,0,0,0,0,0
0,0.066667,0,0,0,0,0.033333,0,0,0.066667,0,0,0,0,0,0,0,0,0,0.066667,0.066667,0.066667,0,0.033333,0,0.033333,0,0.066667,0,0,0,0,0,0.033333,0,0,0,0.033333,0,0.033333,0,0.13333,0,0,0,0,0,0,0.033333,0,0,0,0,0,0.13333,0,0,0.033333,0.066667,0,0,0,0,0
0.14286,0.071429,0,0.14286,0.071429,0,0.071429,0,0,0,0,0.071429,0,0,0,0,0,0,0,0,0,0,0,0,0,0,0,0,0.071429,0,0,0,0,0,0,0,0.071429,0,0,0,0,0,0,0,0,0,0,0,0,0.071429,0,0,0,0,0,0.071429,0,0,0,0,0,0,0,0.14286
0,0,0.076923,0,0,0,0,0.076923,0,0,0,0,0,0.076923,0,0.076923,0,0.076923,0,0.076923,0,0,0,0,0,0,0,0,0,0,0,0,0,0,0.076923,0,0,0,0,0,0,0,0.076923,0,0,0,0,0,0,0,0,0,0,0.076923,0,0,0.076923,0,0,0,0.15385,0,0,0.076923
0.0625,0.0625,0.03125,0,0.03125,0,0,0,0,0.0625,0.03125,0,0,0,0,0,0,0,0.09375,0,0.03125,0,0,0,0.0625,0,0.03125,0,0,0,0,0,0,0,0.03125,0.03125,0.03125,0,0,0.03125,0.09375,0,0.03125,0.03125,0.03125,0.03125,0,0.03125,0.03125,0,0,0,0.03125,0,0,0,0,0,0,0,0.03125,0,0.03125,0
0,0.071429,0.071429,0,0,0,0,0,0,0,0,0,0.071429,0,0.071429,0,0,0,0,0,0,0,0,0,0.071429,0,0.071429,0,0,0,0,0,0,0,0,0,0,0,0,0.071429,0,0,0.071429,0,0.071429,0,0,0,0,0,0,0,0,0.071429,0,0,0.071429,0,0,0,0,0.071429,0,0.14286
0.11538,0.038462,0.038462,0.038462,0.038462,0,0,0,0,0,0,0,0.038462,0.038462,0.038462,0,0.038462,0,0.038462,0.038462,0.038462,0,0,0,0,0,0,0,0.038462,0,0,0,0.076923,0,0,0,0.076923,0,0,0,0,0.038462,0,0,0.038462,0,0,0,0,0,0,0.038462,0,0,0,0,0.038462,0,0,0,0.076923,0,0,0.038462
0.14894,0.021277,0.021277,0.06383,0,0,0.021277,0,0.021277,0,0.021277,0,0.042553,0.042553,0.042553,0.042553,0,0.021277,0.042553,0.042553,0,0,0,0.021277,0,0,0,0,0,0,0,0,0,0,0.021277,0,0,0,0,0,0,0,0,0.021277,0,0,0,0,0.085106,0.042553,0,0.021277,0.042553,0,0.021277,0,0.06383,0,0,0,0.021277,0,0,0.042553
0.12676,0,0.014085,0,0,0.014085,0,0,0.014085,0,0,0,0,0,0.028169,0.042254,0.028169,0.028169,0,0.014085,0,0,0.014085,0.028169,0,0.014085,0,0,0,0,0,0.042254,0.014085,0,0,0,0.014085,0.014085,0,0.042254,0.014085,0.014085,0.014085,0,0.014085,0.014085,0.014085,0.028169,0.042254,0,0,0.028169,0.028169,0.028169,0.028169,0.028169,0,0.014085,0,0.042254,0.042254,0.014085,0.014085,0.084507
0.041667,0,0.041667,0,0.041667,0,0,0,0,0,0,0.041667,0,0,0,0.16667,0.041667,0.041667,0,0,0,0,0,0,0,0,0,0,0,0,0,0,0,0,0,0.041667,0,0,0,0.041667,0,0.041667,0,0,0,0,0.041667,0.041667,0.041667,0,0,0.083333,0,0,0,0,0.083333,0,0,0,0.041667,0,0.125,0
0.029412,0,0.029412,0,0.029412,0,0,0.029412,0.029412,0,0,0,0.088235,0,0,0,0.088235,0,0,0,0.029412,0,0,0.029412,0,0,0,0,0,0.029412,0.029412,0.029412,0,0,0,0,0.029412,0.029412,0,0,0,0,0.029412,0,0.029412,0.029412,0,0.029412,0.029412,0,0,0.029412,0.029412,0,0.058824,0.029412,0.029412,0.029412,0,0,0,0.058824,0.029412,0.029412
0.083333,0,0.083333,0.083333,0.083333,0,0,0,0,0,0,0.083333,0.083333,0,0,0,0,0.083333,0,0,0,0,0,0,0,0,0,0,0,0,0,0,0.083333,0,0,0,0,0,0.083333,0,0,0,0,0,0,0.083333,0,0,0,0,0,0,0,0,0,0,0,0,0,0,0.083333,0,0.083333,0
0.083333,0,0,0.041667,0.041667,0,0,0,0,0,0.041667,0,0.083333,0.041667,0,0,0,0.041667,0,0.083333,0,0.041667,0,0,0.041667,0,0,0.041667,0,0,0.041667,0,0.041667,0,0,0,0,0.041667,0.041667,0,0,0,0,0,0,0,0,0,0,0,0,0,0,0.041667,0.083333,0,0,0.041667,0,0,0,0,0.083333,0
0,0,0,0.038462,0,0,0,0,0,0,0,0,0,0,0,0.038462,0.038462,0,0,0,0.038462,0.038462,0.038462,0.076923,0,0.076923,0,0,0,0.11538,0.038462,0.038462,0,0,0,0,0.038462,0.038462,0.038462,0.038462,0,0,0,0,0,0,0,0,0,0,0,0,0,0,0,0,0,0.038462,0,0,0,0.076923,0.076923,0.076923
0.083333,0.041667,0,0.083333,0.041667,0,0,0.041667,0,0,0,0,0,0,0.083333,0,0,0,0.041667,0.041667,0.041667,0,0,0,0.041667,0,0,0,0,0,0.041667,0,0.041667,0,0,0,0.041667,0.041667,0,0,0.083333,0.041667,0,0,0,0,0,0,0.041667,0,0.083333,0,0,0,0,0,0,0.041667,0,0,0,0,0,0
0.047619,0.14286,0,0,0.047619,0,0,0,0,0.047619,0,0,0,0,0.047619,0,0.047619,0,0,0.047619,0,0.047619,0,0,0,0,0,0,0.047619,0,0,0,0,0.095238,0,0,0.047619,0,0.047619,0,0,0,0,0,0,0,0.047619,0,0.047619,0,0,0,0,0.095238,0,0,0,0.047619,0.047619,0,0,0,0,0
0.02381,0.047619,0.02381,0.02381,0.02381,0.02381,0.047619,0,0.02381,0,0.02381,0.02381,0.11905,0.02381,0,0.02381,0,0,0.02381,0,0.02381,0,0,0,0,0,0,0,0,0.02381,0,0,0.02381,0,0.02381,0,0.02381,0,0,0.02381,0,0,0,0,0,0,0.02381,0.02381,0.02381,0,0.047619,0.071429,0.02381,0,0,0,0,0,0.047619,0.047619,0,0,0,0.071429
0,0.29412,0,0,0.058824,0,0,0.11765,0,0,0,0,0,0,0.058824,0,0.058824,0,0,0,0,0.058824,0,0,0,0,0,0,0,0.058824,0,0,0,0,0,0,0.058824,0,0,0,0,0,0,0,0,0,0,0,0,0,0.058824,0,0,0,0,0,0.058824,0,0,0,0.11765,0,0,0
0.1,0.033333,0.033333,0,0.1,0,0,0.033333,0,0,0,0,0.1,0,0.066667,0.033333,0.066667,0,0.033333,0,0.033333,0,0,0,0,0,0,0,0,0,0,0,0,0.066667,0,0,0,0,0.033333,0.033333,0,0,0,0,0,0,0,0,0.033333,0,0,0,0.1,0.033333,0,0,0,0,0,0,0,0.033333,0,0.033333
0,0,0,0,0,0,0,0.1,0,0.1,0,0,0,0,0.1,0,0,0,0.1,0,0,0,0,0,0,0,0,0,0,0,0.1,0,0,0.1,0,0,0.1,0,0,0,0,0,0,0,0,0,0,0,0,0,0,0,0,0.2,0,0,0,0,0.1,0,0,0,0,0
0.0625,0.025,0.025,0.0125,0.025,0,0.0125,0,0.0125,0.025,0.025,0.025,0.0125,0.1125,0.0125,0.0125,0.0125,0.0125,0.0625,0.0125,0,0.025,0,0,0,0.025,0.0125,0.025,0,0.0125,0.025,0,0.0125,0,0.1,0.0125,0,0.0125,0,0,0.025,0.0125,0,0,0,0.0125,0.025,0.0125,0,0,0.0125,0,0,0,0,0,0.0125,0.025,0.0375,0.0125,0.0125,0.0125,0.0125,0.0125
0,0,0.058824,0,0.11765,0,0,0,0,0,0,0,0.17647,0,0,0,0.058824,0.058824,0,0.058824,0,0,0,0,0.11765,0,0,0,0,0,0,0,0,0,0,0,0,0,0,0,0,0,0,0,0.058824,0,0,0,0,0,0,0.058824,0,0,0,0,0.058824,0.058824,0.058824,0.058824,0,0,0,0
0,0,0,0.023256,0,0,0,0,0.023256,0.023256,0,0,0.046512,0.046512,0,0.069767,0,0,0,0.046512,0,0.023256,0,0.023256,0.046512,0.023256,0.046512,0,0,0,0.046512,0,0,0.046512,0,0,0.023256,0,0,0.023256,0,0,0,0,0.046512,0,0,0.046512,0.046512,0.023256,0,0,0.023256,0,0,0.023256,0,0.023256,0,0.023256,0,0.023256,0.023256,0.11628
0.066667,0.011111,0.044444,0.1,0.011111,0,0,0,0.011111,0.033333,0,0,0.011111,0.011111,0,0.011111,0.077778,0,0.033333,0.011111,0.022222,0,0,0,0.088889,0.022222,0,0.011111,0.011111,0.011111,0,0,0.011111,0,0.011111,0.011111,0.011111,0.011111,0,0,0,0,0,0,0,0.011111,0.033333,0.055556,0.033333,0.011111,0,0.033333,0.033333,0,0.011111,0,0.011111,0.066667,0.011111,0,0.011111,0.022222,0,0
0,0,0.038462,0.038462,0,0.076923,0,0,0,0,0,0,0,0.038462,0,0.076923,0,0,0,0,0,0,0,0,0.038462,0,0.038462,0,0,0,0,0.038462,0,0,0,0,0,0,0,0.038462,0,0,0,0,0,0.038462,0,0,0.15385,0,0,0,0,0,0.076923,0,0.038462,0,0,0.038462,0.076923,0,0,0.15385
0.071429,0,0,0,0,0.071429,0.14286,0,0,0,0,0,0.071429,0,0,0.071429,0.071429,0,0,0,0,0,0,0.071429,0.071429,0,0,0,0,0,0.071429,0.071429,0,0,0,0,0,0,0,0,0,0,0,0,0,0,0,0.071429,0,0.071429,0,0,0,0,0,0,0,0,0,0.071429,0,0,0,0
0,0,0,0.076923,0,0,0,0,0,0,0,0.076923,0,0.076923,0,0.076923,0.076923,0,0,0,0.076923,0,0,0,0,0,0,0,0,0,0,0,0,0.076923,0,0,0,0.076923,0,0,0.076923,0.076923,0,0,0,0,0,0,0.15385,0,0,0,0,0,0,0,0,0,0.076923,0,0,0,0,0
0,0,0,0,0,0,0,0,0.04,0,0,0,0,0.04,0,0.08,0,0,0,0,0.04,0.04,0,0.04,0.04,0.04,0,0,0,0,0,0,0.04,0.08,0.08,0,0,0,0,0,0.04,0,0,0,0.04,0,0.04,0,0,0,0.12,0,0.04,0,0,0,0,0.04,0,0,0.04,0.04,0,0.04
0,0,0,0,0,0,0.066667,0,0.066667,0.066667,0,0,0,0,0,0,0,0,0,0,0,0,0.13333,0,0,0.066667,0,0.066667,0,0,0,0,0.066667,0,0,0,0,0,0,0.066667,0,0,0,0,0,0,0.066667,0,0.066667,0,0,0.066667,0,0,0,0,0.066667,0,0,0,0,0,0.13333,0
0,0,0,0.13333,0,0,0,0,0,0,0,0,0.066667,0,0,0.066667,0,0,0,0,0.066667,0,0,0,0,0,0,0.066667,0,0,0,0,0,0,0,0,0,0,0,0,0.066667,0,0,0,0,0,0,0,0.066667,0.066667,0,0.066667,0,0,0,0,0,0,0,0,0.2,0,0,0.13333
0.13636,0.045455,0,0,0.045455,0.045455,0.090909,0,0,0.045455,0,0,0.045455,0,0,0,0,0.045455,0,0,0,0,0,0,0,0,0,0,0,0.045455,0.045455,0,0,0.13636,0,0,0,0.045455,0,0,0,0,0,0,0,0,0,0,0,0.045455,0,0,0,0,0,0,0,0.045455,0.090909,0,0.045455,0,0,0
0,0,0,0.0625,0,0,0,0,0.0625,0,0,0,0.0625,0,0,0,0,0,0,0.0625,0,0,0,0,0,0.0625,0,0,0,0,0,0,0,0,0,0,0,0.0625,0,0.0625,0,0.0625,0,0,0.0625,0.0625,0.0625,0,0,0.0625,0,0,0,0,0,0,0,0,0,0.0625,0.0625,0.0625,0,0.0625
0,0,0.052632,0,0.052632,0.052632,0,0.15789,0.052632,0,0,0,0,0,0,0,0,0.10526,0,0,0.052632,0.052632,0,0,0,0,0.052632,0,0,0,0,0,0,0.052632,0,0,0,0,0,0.052632,0,0,0,0,0,0,0,0,0,0,0,0.052632,0,0,0.052632,0,0.052632,0,0.052632,0,0,0,0,0.052632
0,0.18182,0,0,0,0,0,0,0,0,0,0,0.18182,0,0,0,0,0,0,0,0,0,0,0,0,0,0,0,0,0,0,0,0.090909,0,0.090909,0,0.090909,0.090909,0,0,0,0,0,0,0,0,0.090909,0,0.090909,0,0,0,0,0.090909,0,0,0,0,0,0,0,0,0,0
0.02,0,0,0.02,0,0,0.02,0,0,0,0,0,0.04,0.02,0,0.06,0.02,0,0.04,0,0,0.02,0.02,0,0,0,0.02,0,0.02,0,0.08,0.04,0.1,0,0.04,0,0.1,0,0.04,0.02,0.02,0.02,0.04,0,0.06,0,0,0.02,0,0.02,0,0,0,0,0,0,0.02,0,0,0,0,0,0,0.06
0.0625,0.0625,0.09375,0.0625,0,0.0625,0.03125,0,0.03125,0,0.03125,0,0,0,0.03125,0.03125,0.0625,0,0,0,0,0,0,0,0,0,0.03125,0,0,0,0,0,0,0,0,0,0.125,0.03125,0.0625,0,0,0,0,0,0,0,0.03125,0,0.0625,0,0,0,0.03125,0,0.03125,0,0,0,0,0,0,0,0,0.03125
0,0.05,0,0,0.025,0.025,0,0.025,0,0.025,0,0,0,0,0.025,0.025,0,0.075,0,0,0.1,0.025,0.025,0,0,0,0,0,0,0.025,0.075,0,0.025,0,0,0,0.1,0.025,0,0,0,0.025,0.025,0,0,0,0,0,0,0,0.025,0,0.075,0.1,0,0,0.025,0,0,0,0,0,0,0.05
0,0,0,0,0,0.066667,0,0,0.066667,0.066667,0,0,0.13333,0,0,0,0,0,0.066667,0,0,0,0,0,0,0,0,0,0,0,0,0,0.066667,0.066667,0,0.066667,0,0.066667,0,0,0.066667,0,0,0,0,0,0,0,0,0.066667,0,0.066667,0,0,0.066667,0,0,0,0.066667,0,0,0,0,0
0,0,0,0.055556,0,0,0,0,0,0,0,0,0.16667,0.055556,0,0.055556,0,0,0,0.055556,0.055556,0,0,0,0.055556,0,0.11111,0,0,0,0.11111,0,0,0,0.11111,0,0,0,0,0,0,0,0,0,0,0,0,0,0,0,0.055556,0.055556,0,0,0,0,0,0,0.055556,0,0,0,0,0
0.0625,0.0625,0.0625,0,0,0,0,0,0,0,0,0,0.125,0,0,0.0625,0,0,0,0.0625,0,0,0,0,0,0,0,0,0,0,0,0,0.0625,0,0,0,0,0,0,0,0,0,0,0,0,0,0,0,0.0625,0.0625,0,0.125,0,0,0,0,0.0625,0,0,0,0.0625,0,0.0625,0.0625
0.090909,0,0.018182,0,0.072727,0,0,0,0,0.018182,0,0,0.036364,0.018182,0.018182,0.018182,0,0,0.036364,0.018182,0.018182,0,0,0,0.018182,0,0,0,0,0.018182,0,0.054545,0.054545,0,0.018182,0.018182,0.036364,0.036364,0,0,0.018182,0,0.018182,0,0,0,0.018182,0.054545,0.036364,0,0,0,0,0.018182,0.018182,0,0,0,0,0.018182,0,0.054545,0,0.12727
0,0,0.029412,0.029412,0.029412,0,0.029412,0,0,0,0,0,0,0,0,0,0.11765,0.058824,0.029412,0.029412,0.058824,0.029412,0,0,0.14706,0,0,0,0,0,0,0.029412,0,0,0,0,0,0,0.029412,0,0,0,0.029412,0.029412,0,0,0,0,0,0,0,0,0,0,0,0,0.20588,0,0.058824,0,0.029412,0,0,0
0,0,0.055556,0,0,0,0,0,0,0,0,0,0,0,0,0.055556,0.055556,0,0,0,0.055556,0,0,0,0,0,0,0,0,0,0.11111,0,0,0,0,0,0.055556,0,0,0,0,0,0,0,0,0.16667,0,0.11111,0,0,0,0,0.055556,0,0,0.11111,0,0,0.055556,0.055556,0.055556,0,0,0
0.13333,0,0,0.066667,0,0,0,0,0,0,0,0,0.066667,0,0.066667,0,0,0,0.066667,0.2,0,0,0,0,0,0,0,0.066667,0,0,0,0,0.066667,0,0.066667,0,0,0,0,0,0.066667,0,0,0,0,0,0,0,0,0,0,0,0,0,0.066667,0,0.066667,0,0,0,0,0,0,0
0.095238,0.02381,0,0.047619,0.047619,0,0.02381,0,0,0.071429,0,0,0,0,0,0.047619,0.071429,0,0.02381,0,0,0,0.02381,0,0,0.047619,0.047619,0,0,0,0,0,0.047619,0,0,0,0.047619,0,0.047619,0.02381,0,0,0,0,0,0,0.02381,0,0,0,0,0,0,0,0.095238,0,0.047619,0,0.02381,0,0,0.047619,0,0.02381
0,0,0,0,0,0,0,0,0.028571,0,0,0.057143,0,0,0,0.028571,0,0,0,0,0,0.028571,0,0.028571,0,0.028571,0,0.057143,0.028571,0.028571,0.028571,0.028571,0.028571,0,0,0,0.028571,0.085714,0.057143,0.085714,0.028571,0,0,0,0,0.028571,0,0,0,0.028571,0,0,0,0,0,0.028571,0,0,0,0,0.085714,0.057143,0.028571,0.057143
0.027027,0.054054,0,0.027027,0.027027,0.027027,0,0.027027,0,0,0.027027,0,0,0,0,0.054054,0,0.054054,0,0.027027,0.054054,0,0.027027,0.027027,0.027027,0,0.027027,0,0,0.054054,0,0.027027,0,0,0,0,0,0.027027,0,0.027027,0,0.054054,0.027027,0,0.027027,0.027027,0,0.027027,0.027027,0,0,0,0,0.027027,0,0.027027,0.027027,0.027027,0,0,0,0,0.027027,0.027027
0,0.066667,0,0,0.066667,0,0,0,0,0,0,0,0.066667,0,0,0.26667,0,0,0,0,0,0,0,0,0,0,0,0,0,0,0,0,0,0,0,0,0,0,0,0,0,0,0,0,0,0,0,0.066667,0,0,0,0,0.066667,0.2,0.13333,0,0,0,0,0,0,0.066667,0,0
0.15789,0,0,0,0,0,0,0,0,0,0,0,0,0.052632,0,0.15789,0,0.052632,0,0.052632,0,0,0.052632,0,0,0,0,0,0,0,0,0,0.052632,0.052632,0,0,0.10526,0,0,0.052632,0,0,0.052632,0,0,0,0,0,0,0,0,0,0.052632,0,0,0,0.052632,0,0,0,0,0,0.052632,0
0,0,0,0.083333,0,0.083333,0,0.083333,0,0,0,0,0,0,0,0,0,0,0,0.083333,0.083333,0,0,0,0,0.083333,0,0,0,0,0,0,0,0,0,0,0,0,0,0,0.083333,0,0,0,0,0,0,0,0,0,0,0,0.083333,0.083333,0.083333,0,0,0,0,0,0,0.083333,0,0.083333
0.13636,0,0,0.090909,0,0,0,0.045455,0,0,0,0,0,0.045455,0,0.045455,0,0,0,0.045455,0,0,0,0,0,0.090909,0,0,0,0,0,0,0,0,0.045455,0,0,0,0.045455,0,0,0,0,0,0,0,0.045455,0,0,0.045455,0,0,0,0,0.090909,0.045455,0,0,0.045455,0.045455,0,0,0.045455,0.045455
0,0.052632,0.052632,0.052632,0,0,0,0,0,0,0,0,0,0,0,0,0,0,0,0,0,0,0,0,0,0,0,0,0,0,0,0,0,0,0,0.052632,0,0,0,0,0,0,0,0,0,0.052632,0,0.052632,0.10526,0,0.052632,0.10526,0,0.052632,0,0,0,0,0.052632,0.10526,0.10526,0,0,0.10526
0.038462,0.076923,0,0.019231,0,0.038462,0,0.019231,0,0.019231,0,0,0.019231,0,0,0.057692,0.057692,0.019231,0,0.038462,0,0.019231,0,0.019231,0,0,0,0,0,0.038462,0.019231,0.019231,0.019231,0.019231,0.019231,0,0,0.057692,0,0.038462,0,0.019231,0,0,0,0,0.019231,0.019231,0,0,0,0.019231,0.038462,0.019231,0.038462,0,0,0,0.019231,0.038462,0.038462,0.038462,0.019231,0
0.038462,0,0.038462,0,0,0,0,0.038462,0,0.038462,0.038462,0,0,0.038462,0.038462,0,0,0,0.038462,0,0.076923,0,0,0,0,0,0,0.038462,0.038462,0.038462,0.038462,0.038462,0.038462,0,0.038462,0,0.038462,0,0,0,0.038462,0,0,0,0,0,0,0,0,0,0.038462,0.038462,0,0,0.038462,0.038462,0,0,0,0,0.038462,0.038462,0,0.038462
0.018519,0.018519,0.018519,0.018519,0.037037,0.018519,0,0.018519,0.037037,0.037037,0.018519,0,0,0.055556,0,0,0.055556,0.055556,0.018519,0.037037,0,0,0.018519,0,0,0.018519,0.037037,0,0.018519,0.018519,0.018519,0,0,0.018519,0.055556,0,0.074074,0,0,0,0.018519,0,0.018519,0,0.018519,0.018519,0,0,0.018519,0.018519,0,0,0.018519,0.018519,0,0,0,0.018519,0.037037,0,0.018519,0.037037,0,0
0.083333,0,0,0,0,0.083333,0,0,0.16667,0,0,0,0,0,0,0.083333,0,0,0,0,0,0.083333,0.083333,0,0,0.083333,0,0,0,0,0,0,0.083333,0,0.083333,0,0,0,0,0,0,0,0,0,0,0,0,0.083333,0,0.083333,0,0,0,0,0,0,0,0,0,0,0,0,0,0
0,0,0,0.071429,0,0,0,0,0,0,0,0,0,0.071429,0.071429,0,0,0,0,0.071429,0,0.071429,0,0,0.071429,0,0,0,0,0,0.14286,0,0,0,0,0.14286,0,0,0.071429,0,0,0,0,0,0.071429,0,0,0,0,0,0,0,0,0,0,0.071429,0,0,0,0,0,0.071429,0,0
0.033333,0.033333,0,0.033333,0.033333,0,0,0,0,0,0,0.033333,0.033333,0,0.033333,0.033333,0,0.033333,0,0,0.033333,0,0,0.033333,0,0,0,0,0.033333,0.066667,0,0.033333,0,0,0,0,0,0,0,0,0,0,0,0,0.033333,0.033333,0.033333,0,0.033333,0,0,0,0.066667,0,0,0.066667,0,0.066667,0,0.033333,0,0.066667,0,0.066667
0,0,0.045455,0,0,0,0,0.090909,0,0.045455,0.045455,0.045455,0.045455,0,0,0.045455,0.045455,0,0.045455,0,0,0.090909,0,0,0,0.045455,0,0,0,0.045455,0,0.045455,0,0,0,0,0,0,0,0,0,0,0,0,0,0,0,0.045455,0,0,0,0,0,0,0.090909,0.090909,0,0,0,0.045455,0,0,0.045455,0
0,0,0,0,0,0,0,0,0,0,0,0,0,0.0625,0.125,0,0.0625,0,0,0,0,0,0,0,0,0,0,0.0625,0,0,0,0,0.0625,0,0,0.0625,0,0,0,0,0,0,0,0,0,0,0,0.0625,0,0,0,0.0625,0,0,0.0625,0.0625,0,0,0.0625,0,0,0.125,0.125,0
0.074074,0.074074,0,0,0,0,0,0,0,0.11111,0,0,0.037037,0,0.037037,0,0.037037,0,0,0.037037,0,0.037037,0,0,0.037037,0,0,0,0.037037,0,0,0,0,0.037037,0.074074,0,0,0.037037,0.037037,0,0,0,0,0,0,0.074074,0,0,0.037037,0,0,0,0,0,0.074074,0.037037,0.037037,0,0,0,0,0,0.037037,0
0.13043,0,0,0,0.086957,0.043478,0,0,0,0,0.086957,0.086957,0.043478,0.043478,0,0,0,0,0,0,0.043478,0,0.043478,0,0,0.043478,0.043478,0.043478,0,0,0,0,0.043478,0,0,0,0.086957,0.043478,0.043478,0,0,0,0,0,0,0,0,0,0.043478,0,0,0,0,0,0,0,0,0,0,0,0,0,0,0
0.088235,0,0.029412,0,0.058824,0.029412,0,0,0.029412,0.029412,0.029412,0,0,0,0,0.029412,0.029412,0,0,0,0.029412,0,0,0,0,0,0.029412,0,0,0,0,0,0.11765,0,0.029412,0,0.058824,0.058824,0.029412,0,0.029412,0,0,0,0,0,0.058824,0,0,0.029412,0,0,0,0.029412,0,0,0.088235,0,0,0,0.029412,0,0,0.029412
0,0,0,0.083333,0,0,0,0,0,0,0,0,0,0.083333,0,0,0,0,0,0,0,0,0,0,0,0,0.083333,0,0,0,0.083333,0,0,0,0,0,0,0,0.083333,0,0,0.083333,0.083333,0,0,0,0,0,0,0,0,0.083333,0,0,0.083333,0,0,0,0,0.083333,0,0.083333,0,0.083333
0.021277,0.021277,0.021277,0.042553,0.021277,0.021277,0,0,0,0,0,0.021277,0,0.042553,0.021277,0,0,0,0,0,0.021277,0.021277,0.042553,0,0.06383,0.021277,0,0.06383,0.021277,0.042553,0.021277,0.06383,0.021277,0,0.021277,0.021277,0.021277,0,0,0,0.021277,0,0,0,0.021277,0,0.021277,0.021277,0.021277,0,0.021277,0.021277,0,0,0.021277,0,0.021277,0,0,0,0,0.042553,0.042553,0.021277
0,0.08,0.04,0.08,0.04,0,0.08,0,0,0,0,0,0,0,0,0,0,0,0.04,0,0.04,0,0,0,0,0,0,0.04,0,0,0,0.04,0,0,0,0,0.04,0,0,0,0,0,0.04,0,0,0,0,0,0.04,0,0,0.08,0,0,0,0.04,0,0.08,0,0.04,0.04,0,0,0.12
0.066667,0,0,0,0.066667,0,0,0.066667,0,0,0,0,0,0,0,0,0,0,0.066667,0,0,0,0,0.066667,0,0,0,0,0.066667,0,0,0,0,0,0,0,0,0,0,0,0,0,0,0,0,0,0.2,0,0,0,0,0.13333,0,0,0,0.066667,0,0,0,0.13333,0,0,0,0.066667
0,0.052632,0,0.052632,0,0,0,0,0,0,0,0.052632,0.10526,0,0,0,0.052632,0,0,0,0,0,0.052632,0,0,0,0,0,0,0,0,0.052632,0,0,0,0,0,0,0,0,0.052632,0.052632,0,0,0.10526,0,0.052632,0,0.052632,0.052632,0,0.052632,0.052632,0,0,0,0.052632,0,0,0.052632,0,0,0,0
0.018868,0,0.018868,0.056604,0,0.037736,0.056604,0,0.018868,0,0,0.037736,0.018868,0,0,0.037736,0.037736,0.037736,0,0.018868,0,0.018868,0.018868,0,0,0.018868,0.018868,0.037736,0,0,0,0,0.037736,0,0.018868,0,0,0.018868,0,0.056604,0.018868,0,0,0.018868,0.018868,0.018868,0.037736,0,0.018868,0,0.018868,0,0.037736,0,0,0.018868,0,0.018868,0.018868,0.018868,0.018868,0.018868,0.018868,0.037736
0.033333,0.016667,0,0.033333,0.016667,0.016667,0.033333,0.05,0,0.016667,0,0.033333,0.05,0,0.05,0.066667,0.05,0,0,0.016667,0,0,0,0,0,0.016667,0,0,0,0,0.016667,0.033333,0.016667,0,0,0,0.016667,0.016667,0,0,0,0.016667,0,0.016667,0.016667,0,0.016667,0,0.016667,0.016667,0.016667,0.05,0.016667,0.016667,0,0,0.016667,0.05,0.016667,0,0.066667,0.016667,0.016667,0.016667
0.090909,0.090909,0,0,0.18182,0,0.090909,0,0,0,0,0.090909,0,0,0,0,0,0,0,0,0,0,0,0,0.090909,0,0,0,0,0,0,0,0,0.090909,0,0,0,0,0,0,0,0,0,0,0,0,0,0.090909,0.18182,0,0,0,0,0,0,0,0,0,0,0,0,0,0,0
0.15385,0.076923,0,0,0.076923,0,0,0,0.15385,0,0,0,0.076923,0,0,0,0,0,0,0.076923,0,0,0,0,0,0,0,0,0,0,0,0,0,0,0,0,0,0,0.076923,0.076923,0,0,0,0,0,0,0,0,0,0,0,0.076923,0,0,0,0,0,0,0,0,0.076923,0,0,0.076923
0,0,0,0.055556,0.055556,0.11111,0,0.055556,0,0,0,0,0,0,0,0,0,0,0,0,0,0,0,0,0,0,0,0,0.055556,0.055556,0,0,0,0,0,0,0.055556,0.055556,0.055556,0.11111,0,0,0,0,0,0,0.055556,0,0,0,0,0.055556,0,0,0,0,0,0.055556,0,0.055556,0,0.055556,0,0.055556
0,0,0,0,0.058824,0,0.058824,0.058824,0,0,0,0.058824,0,0,0.058824,0,0.11765,0.11765,0,0,0,0,0,0.058824,0,0,0,0,0.058824,0.11765,0,0,0,0,0,0,0,0,0,0.11765,0,0,0,0,0,0,0.058824,0,0.058824,0,0,0,0,0,0,0,0,0,0,0,0,0,0,0
0.0125,0.025,0,0,0.05,0.025,0.025,0,0.025,0.0125,0.0125,0,0,0.0125,0.0125,0,0.0625,0.025,0.0125,0.0375,0,0.0125,0,0.025,0,0.0375,0.025,0,0,0,0,0.025,0,0,0,0,0.025,0,0.025,0.0375,0.0375,0.0375,0.0375,0.0375,0,0.0125,0.0125,0,0.0125,0,0,0.025,0.0125,0.0375,0,0.0125,0,0.025,0.0375,0.05,0,0,0,0.05
0.083333,0,0,0.083333,0,0,0,0.041667,0,0,0.041667,0,0.125,0.041667,0.041667,0,0,0.041667,0,0.041667,0,0,0,0,0,0,0,0,0.041667,0,0,0.083333,0,0,0,0,0,0,0,0,0,0,0,0,0,0,0,0.041667,0.041667,0,0,0,0,0.041667,0,0.041667,0,0,0,0,0.041667,0.041667,0.041667,0.041667
0,0,0,0.013333,0.013333,0,0,0,0,0,0,0.026667,0.013333,0,0,0.026667,0.066667,0,0.013333,0.04,0.026667,0,0.013333,0,0,0.026667,0,0.013333,0.013333,0.013333,0.013333,0.013333,0.013333,0.013333,0.013333,0.026667,0.04,0,0.013333,0,0,0,0.026667,0.026667,0.013333,0.013333,0.093333,0.04,0.026667,0.013333,0,0.053333,0,0.026667,0,0.026667,0.013333,0.013333,0.013333,0.026667,0.013333,0.013333,0.026667,0.053333
0.010417,0,0,0.03125,0,0,0.010417,0,0,0.020833,0.020833,0,0,0,0.020833,0.010417,0.010417,0.020833,0.125,0.010417,0.010417,0,0.010417,0,0.010417,0.010417,0.010417,0.020833,0.010417,0.03125,0.03125,0.010417,0.020833,0.020833,0.010417,0,0.010417,0.010417,0.052083,0,0.03125,0.010417,0.010417,0.010417,0,0.010417,0.010417,0.020833,0,0.010417,0.020833,0.010417,0,0,0.020833,0.020833,0.010417,0.020833,0.010417,0.052083,0.010417,0.03125,0.052083,0.052083
0.048387,0.032258,0,0.016129,0.032258,0.016129,0,0,0,0,0.016129,0.016129,0,0.032258,0,0,0.064516,0,0.016129,0,0.016129,0,0,0,0,0.016129,0,0,0,0,0.016129,0.048387,0.016129,0.016129,0,0,0.048387,0.032258,0.016129,0.016129,0.016129,0.016129,0.016129,0,0,0.016129,0.080645,0.048387,0.064516,0.016129,0,0.016129,0.032258,0,0.016129,0,0,0,0,0.064516,0,0,0.016129,0.048387
0.025641,0,0,0.025641,0.025641,0,0,0,0,0,0,0,0,0,0,0.051282,0.10256,0,0,0,0,0,0.025641,0.025641,0,0.025641,0,0.025641,0,0,0.025641,0.051282,0,0,0,0,0.025641,0.025641,0.025641,0,0,0.025641,0,0,0.025641,0,0.051282,0.025641,0,0.051282,0,0.051282,0.025641,0.025641,0.025641,0,0,0,0,0.051282,0.025641,0.10256,0,0.025641
0,0.043478,0,0.043478,0.086957,0.043478,0,0,0,0,0.043478,0.043478,0.043478,0,0,0,0.086957,0,0,0,0.043478,0,0,0,0,0.043478,0,0,0,0,0,0,0,0,0,0,0.043478,0.043478,0.043478,0,0,0,0,0,0,0,0,0,0.043478,0,0,0.043478,0,0,0,0.086957,0,0.043478,0,0.043478,0.043478,0,0.043478,0
0.058824,0,0,0,0,0.058824,0,0,0,0.058824,0,0.11765,0,0,0.058824,0.058824,0,0,0.058824,0,0,0.058824,0,0,0,0,0,0,0,0,0,0,0,0,0.058824,0,0,0,0,0,0.058824,0,0,0,0.11765,0,0,0,0,0.058824,0,0,0.058824,0,0,0,0,0,0,0.11765,0,0,0,0
0,0,0,0,0,0,0,0.055556,0,0,0,0,0,0.055556,0,0,0,0,0,0,0.055556,0,0,0,0,0.16667,0,0.38889,0,0,0,0,0,0,0,0,0,0,0,0,0,0,0,0,0,0,0,0,0,0,0,0,0,0,0,0,0,0.055556,0,0.22222,0,0,0,0
0,0,0,0.066667,0.066667,0,0.066667,0,0,0,0,0,0,0,0.066667,0,0,0,0,0.066667,0,0,0,0,0,0.066667,0,0,0,0,0,0,0.13333,0,0,0,0,0,0.066667,0.066667,0,0,0,0,0,0,0,0,0.066667,0,0,0,0.066667,0,0,0,0,0.13333,0,0,0,0,0,0.066667
0.046512,0.23256,0,0.023256,0,0,0.023256,0,0,0.093023,0.023256,0,0.023256,0,0,0,0.046512,0.023256,0,0,0,0.023256,0,0,0.023256,0,0,0.023256,0.023256,0.023256,0.023256,0,0.023256,0.023256,0.023256,0.023256,0.023256,0,0,0,0.023256,0.069767,0,0,0,0,0,0,0.023256,0,0.023256,0,0,0,0,0,0,0.046512,0.023256,0,0,0,0,0
0.15,0.1,0,0.05,0,0,0,0,0,0,0.05,0,0.05,0,0,0,0.05,0.05,0.05,0.05,0,0,0,0,0.05,0,0,0,0,0,0,0,0.05,0,0,0,0,0.05,0,0,0,0,0,0,0,0,0,0.05,0,0,0,0,0.1,0,0,0,0,0,0,0,0,0.05,0.05,0
0,0,0,0,0,0,0,0,0,0.066667,0.066667,0,0,0,0,0,0,0.066667,0,0,0,0,0,0,0,0,0,0.066667,0,0,0,0,0.066667,0,0,0.066667,0,0,0.066667,0,0.13333,0,0,0,0,0.13333,0,0,0,0,0,0,0,0.066667,0.13333,0,0,0,0.066667,0,0,0,0,0
0,0.058824,0.058824,0,0,0,0,0,0,0,0,0,0,0,0,0.058824,0.058824,0,0,0,0,0.11765,0,0,0,0.058824,0.058824,0,0,0.058824,0.058824,0.058824,0,0,0.058824,0,0.058824,0,0,0.058824,0,0,0,0,0,0,0.11765,0,0,0,0,0,0,0,0,0,0.058824,0,0,0,0,0,0,0
0,0,0,0.071429,0.035714,0.035714,0,0,0.035714,0.035714,0,0.035714,0.035714,0.035714,0,0.035714,0.035714,0,0,0,0.035714,0,0,0,0.035714,0,0,0.035714,0,0,0,0,0,0,0,0,0.10714,0,0,0,0,0,0.035714,0,0,0,0,0,0,0,0.035714,0.035714,0.035714,0,0,0.035714,0.035714,0.035714,0.071429,0,0,0.071429,0,0
0.0625,0.125,0,0.0625,0,0,0,0,0.0625,0,0,0.0625,0,0,0.0625,0,0.0625,0,0,0,0,0,0,0.0625,0,0,0,0,0,0,0,0,0.0625,0,0,0,0.0625,0.125,0,0,0,0,0,0,0,0,0,0,0.0625,0,0,0,0,0,0,0,0.125,0,0,0,0,0,0,0
0.055556,0.027778,0.055556,0.055556,0.027778,0.083333,0,0,0,0.027778,0,0.027778,0.027778,0.027778,0.027778,0,0.027778,0.027778,0,0.027778,0.027778,0,0.027778,0,0,0.027778,0,0,0,0,0.027778,0.027778,0,0.027778,0,0,0,0,0,0,0.027778,0,0.027778,0,0,0,0,0,0.027778,0.027778,0,0,0,0,0,0,0.027778,0.055556,0,0.055556,0.027778,0.027778,0,0
0,0.032258,0.032258,0,0,0,0,0.032258,0,0,0,0,0,0,0.032258,0.032258,0.032258,0.096774,0.032258,0.032258,0.032258,0,0.032258,0,0.032258,0.032258,0,0,0,0,0.032258,0,0.096774,0,0.032258,0,0,0,0,0,0,0,0,0,0.032258,0,0.032258,0,0.032258,0,0,0,0,0.064516,0.064516,0,0,0.032258,0.032258,0,0.032258,0,0,0.032258
0,0,0,0,0,0,0.034483,0,0.068966,0,0,0,0.034483,0.034483,0.034483,0,0.034483,0,0,0,0,0,0.034483,0,0,0,0.068966,0.034483,0.034483,0,0,0,0.034483,0.034483,0,0.034483,0,0,0,0,0,0,0.034483,0,0,0,0,0,0,0.034483,0.034483,0,0,0,0.034483,0,0.068966,0.034483,0,0.068966,0.034483,0.034483,0.034483,0.068966
0.076923,0,0,0.076923,0,0,0,0,0.076923,0.076923,0,0,0,0,0,0,0.076923,0,0.076923,0,0,0,0,0,0,0,0,0,0,0,0,0,0,0,0,0,0,0,0,0,0,0,0,0,0,0,0.23077,0,0,0,0,0,0,0,0,0,0,0.076923,0,0.15385,0.076923,0,0,0
0.21429,0,0.071429,0,0,0,0,0,0,0,0,0,0,0,0,0,0.071429,0,0.071429,0,0,0,0,0,0.071429,0,0,0,0,0,0,0,0,0,0,0,0,0.14286,0,0,0,0.071429,0.071429,0,0,0,0,0,0,0,0,0,0,0,0,0,0.071429,0,0,0.071429,0,0,0.071429,0
0,0,0,0,0,0,0,0.11111,0,0,0,0,0,0,0,0.055556,0,0.11111,0,0,0.055556,0,0,0,0,0.055556,0,0.055556,0,0,0,0,0.055556,0,0,0,0,0,0.055556,0,0,0,0.055556,0.11111,0,0,0.055556,0.055556,0,0.055556,0,0.055556,0,0,0,0,0,0.055556,0,0,0,0,0,0
0,0,0,0,0,0,0,0,0.055556,0.055556,0.055556,0,0,0,0,0,0,0.11111,0,0.11111,0,0,0,0,0,0,0,0.055556,0,0,0,0,0,0.055556,0,0,0.055556,0.055556,0,0,0,0,0,0,0,0,0,0,0.055556,0,0,0,0.11111,0,0.055556,0,0,0,0.055556,0,0.055556,0,0.055556,0
0,0,0,0.083333,0,0,0,0,0,0,0,0.16667,0.16667,0.083333,0,0.083333,0.083333,0,0,0,0,0,0,0,0.083333,0,0,0,0,0,0,0,0,0,0,0,0,0.083333,0,0,0,0,0,0,0.083333,0,0,0,0,0,0,0,0,0,0,0,0,0,0,0,0.083333,0,0,0
0.064516,0,0.043011,0,0.043011,0,0.021505,0.021505,0.010753,0.010753,0,0,0.021505,0.021505,0.032258,0.021505,0.043011,0.021505,0.032258,0.010753,0.021505,0.010753,0.010753,0,0.010753,0.010753,0,0.010753,0.010753,0.032258,0.010753,0.010753,0.043011,0,0.010753,0.010753,0.043011,0.010753,0.010753,0.010753,0,0,0.043011,0.010753,0,0.010753,0.010753,0,0.010753,0.021505,0,0,0.010753,0,0.021505,0.010753,0.021505,0.021505,0,0.053763,0,0.010753,0.010753,0.032258
0,0,0,0,0,0,0.066667,0,0,0,0,0,0.13333,0,0,0,0.13333,0,0,0,0,0,0,0,0,0,0,0,0,0.066667,0,0.066667,0.066667,0,0,0,0,0,0,0,0,0,0,0,0,0.066667,0,0,0,0.066667,0,0,0.066667,0,0,0,0.2,0,0,0,0,0,0,0.066667
0,0.03125,0,0,0.03125,0.03125,0,0,0,0.0625,0.03125,0,0,0.0625,0,0.0625,0,0.03125,0,0,0.03125,0.03125,0,0,0.03125,0,0,0,0.09375,0.03125,0,0,0,0,0,0,0,0.03125,0,0,0,0.03125,0,0,0,0,0.03125,0,0.03125,0.03125,0,0.03125,0,0.03125,0,0,0.03125,0,0.0625,0,0.03125,0.03125,0.0625,0
0,0.026316,0.10526,0.026316,0.052632,0.026316,0,0,0,0,0.026316,0,0,0,0,0,0,0.026316,0.026316,0.026316,0,0.10526,0.078947,0,0.026316,0.026316,0,0,0.026316,0,0,0,0.026316,0,0,0,0.026316,0.026316,0.026316,0,0,0,0,0,0,0,0.026316,0,0.052632,0,0.052632,0,0,0.026316,0,0,0,0,0.026316,0.026316,0.026316,0,0.026316,0.026316
0.1,0,0,0.1,0,0,0,0,0,0,0,0.05,0,0.05,0.05,0.05,0,0,0,0,0,0,0,0,0,0,0,0.05,0,0,0,0,0,0,0,0,0,0,0.05,0,0,0.05,0,0,0,0,0,0.05,0.1,0.05,0,0,0,0,0.05,0,0,0,0,0.05,0.05,0,0.1,0
0.066667,0,0,0.066667,0,0,0,0,0,0,0,0,0.066667,0.066667,0,0.066667,0,0,0,0.066667,0,0,0,0,0.066667,0,0,0,0,0,0,0,0,0,0,0,0.066667,0,0,0,0.13333,0,0,0,0,0,0.066667,0,0,0.066667,0,0,0,0.066667,0,0,0.066667,0,0,0,0,0,0,0.066667
0.0625,0.0625,0,0.0625,0.0625,0.125,0,0,0,0,0,0,0.125,0,0,0.0625,0.0625,0,0,0,0,0,0,0,0,0,0,0,0,0,0,0,0.125,0,0,0,0,0,0,0,0,0,0,0,0,0,0,0,0.0625,0,0,0,0,0,0,0,0.125,0,0,0,0.0625,0,0,0
0.18919,0.081081,0,0.027027,0.054054,0,0.027027,0,0,0,0,0,0.16216,0.027027,0.027027,0,0.054054,0,0,0.054054,0,0,0,0,0,0,0,0,0.027027,0,0,0,0,0,0,0,0,0,0,0,0,0,0,0,0,0.027027,0,0,0.13514,0.054054,0,0,0,0,0,0,0.027027,0,0,0,0,0,0.027027,0
0,0,0.027778,0,0.027778,0,0,0,0.027778,0.027778,0,0,0.027778,0,0,0.027778,0,0,0.027778,0.055556,0,0,0,0,0.027778,0.027778,0,0.027778,0,0.027778,0.027778,0,0,0,0,0,0,0,0.083333,0,0,0,0.027778,0,0.027778,0,0.11111,0,0.027778,0.027778,0,0.027778,0.027778,0,0.027778,0,0.027778,0.027778,0,0.11111,0.055556,0,0,0
0.045455,0,0.13636,0.045455,0,0.045455,0,0,0.045455,0,0,0.045455,0.045455,0,0,0,0,0,0,0,0.045455,0,0,0,0,0.045455,0,0,0,0,0,0,0,0,0.045455,0,0,0,0,0.045455,0,0.045455,0.045455,0,0,0,0.045455,0,0.045455,0,0,0,0.045455,0,0.090909,0,0,0,0.045455,0,0,0,0,0.045455
0.11765,0,0,0,0,0,0,0,0.058824,0,0,0.058824,0.058824,0,0.058824,0.058824,0.058824,0,0,0,0.11765,0,0,0,0,0,0,0,0,0,0,0,0.058824,0,0,0,0.058824,0.058824,0,0,0,0.058824,0,0,0,0,0,0,0,0,0,0.058824,0,0,0,0,0,0,0,0,0.058824,0,0.058824,0
0.045455,0,0,0.13636,0,0,0,0,0,0,0,0,0.045455,0.045455,0,0.090909,0,0.045455,0.045455,0,0,0,0.045455,0,0,0,0.045455,0,0,0,0,0,0.045455,0,0,0,0,0,0,0,0.045455,0,0,0,0,0,0,0,0.045455,0.045455,0,0.045455,0,0.045455,0,0.045455,0.045455,0.090909,0,0,0,0,0,0
0,0,0,0,0.13793,0,0,0,0,0,0,0,0,0.034483,0.068966,0,0,0.034483,0.034483,0,0,0,0,0,0,0,0,0,0,0.034483,0,0,0,0,0,0,0.034483,0,0,0,0,0,0.034483,0.034483,0,0.034483,0.068966,0,0,0.034483,0.034483,0.068966,0,0,0,0,0,0,0,0.10345,0.10345,0,0,0.10345
0.02439,0.073171,0.04878,0.02439,0.02439,0,0,0,0.02439,0,0,0,0.073171,0.073171,0,0,0.12195,0,0,0.04878,0.02439,0,0,0,0.02439,0.02439,0,0,0,0,0,0,0.02439,0.02439,0.04878,0,0,0.02439,0,0,0,0,0,0,0,0,0.02439,0.04878,0.02439,0,0,0,0.02439,0,0.02439,0,0,0,0.02439,0,0.02439,0.02439,0.02439,0.02439
0.047619,0.095238,0.047619,0.047619,0.047619,0,0.095238,0,0,0,0.047619,0,0.047619,0,0,0,0.047619,0,0,0,0.047619,0,0.047619,0,0.047619,0,0,0,0,0,0,0,0.047619,0.047619,0,0,0,0.095238,0.047619,0,0,0,0,0,0,0,0,0,0,0,0,0,0,0,0,0.047619,0,0.047619,0,0,0,0,0,0
0,0,0,0.05,0,0,0,0.05,0,0.05,0,0,0,0,0,0.1,0,0,0,0,0.05,0,0,0,0.1,0,0,0,0.05,0,0.1,0,0,0,0,0,0,0.05,0,0,0,0,0,0,0,0,0.2,0,0,0,0,0,0,0,0,0,0.05,0,0,0.05,0,0.05,0.05,0
0,0,0,0.1,0,0.1,0,0,0,0.1,0,0,0,0,0.1,0.1,0.1,0,0.1,0,0,0.1,0,0,0,0,0,0,0,0,0,0.1,0,0,0,0,0,0,0,0,0,0,0,0,0,0,0,0,0,0,0,0,0,0,0.1,0,0,0,0,0,0,0,0,0
0.16667,0,0,0,0,0,0,0.055556,0.055556,0,0.055556,0,0.055556,0,0,0.055556,0,0,0,0,0.055556,0,0,0,0,0.11111,0,0.055556,0.055556,0,0,0,0,0,0,0,0,0,0.055556,0,0,0,0,0,0,0,0.055556,0.055556,0,0,0,0,0,0,0,0,0,0,0,0,0.055556,0,0,0.055556
0.090909,0.090909,0.090909,0,0.045455,0,0,0.045455,0,0.090909,0.045455,0,0.045455,0,0,0,0.045455,0,0.045455,0.045455,0,0,0,0,0,0,0,0,0,0,0,0,0,0,0,0,0,0,0,0,0,0,0,0,0,0.045455,0,0,0.13636,0,0,0,0,0,0,0,0,0,0,0,0.045455,0,0.045455,0.045455
0,0,0,0,0,0,0.058824,0.11765,0,0,0,0,0,0.058824,0,0.11765,0,0.058824,0,0.058824,0,0,0,0,0,0,0,0,0,0,0,0,0,0,0,0,0,0.058824,0.058824,0.11765,0,0,0,0,0.058824,0,0.11765,0,0,0,0,0,0,0,0,0,0,0,0,0,0,0,0.058824,0.058824
0.058824,0,0.058824,0,0,0,0,0,0,0,0,0.058824,0,0,0,0,0,0,0,0,0.058824,0,0.058824,0,0.058824,0,0,0,0.058824,0.058824,0,0.058824,0,0,0.058824,0,0.058824,0,0,0,0,0,0.058824,0,0.058824,0,0,0,0.058824,0,0,0.11765,0,0,0,0,0,0,0,0,0,0,0,0.058824
0.045455,0.045455,0.045455,0,0,0,0,0,0,0,0,0,0.045455,0.045455,0,0,0,0,0.090909,0,0.090909,0,0,0,0,0,0.045455,0,0.045455,0.045455,0,0.090909,0,0,0,0,0.090909,0.045455,0,0,0,0,0,0,0,0,0,0.045455,0,0,0,0.045455,0,0,0.045455,0,0,0,0,0,0.045455,0,0,0.045455
0.034483,0.068966,0.034483,0.13793,0,0,0,0.034483,0,0,0,0,0.034483,0.034483,0,0.034483,0.10345,0,0.034483,0,0,0,0,0,0.10345,0,0,0,0,0,0,0,0.034483,0,0,0,0,0,0,0.034483,0,0.034483,0,0,0,0,0.034483,0.034483,0,0,0.034483,0,0,0.034483,0,0,0.034483,0,0,0,0.034483,0,0.034483,0
0,0,0,0,0,0,0,0,0.090909,0,0,0,0,0,0,0,0.090909,0.090909,0,0,0,0,0,0.090909,0,0,0,0,0,0,0,0,0,0,0,0,0,0,0,0.090909,0,0,0,0,0,0,0.090909,0.090909,0,0,0,0,0,0,0,0,0.090909,0,0,0,0.18182,0.090909,0,0
0,0,0,0,0,0,0.030303,0,0.060606,0,0,0,0.030303,0.030303,0,0,0,0.030303,0,0,0,0,0,0,0,0,0,0,0,0.030303,0.060606,0,0,0.030303,0.030303,0.060606,0,0.030303,0,0,0,0.030303,0.090909,0.030303,0,0.030303,0,0.030303,0.060606,0,0.030303,0.030303,0,0.030303,0.030303,0,0.060606,0.060606,0,0.030303,0,0,0.030303,0
0,0,0,0,0,0,0,0.083333,0,0,0,0,0,0,0,0.083333,0,0,0.083333,0,0,0,0.083333,0,0.083333,0,0,0,0.083333,0,0.083333,0,0,0,0,0,0,0,0,0.083333,0,0,0,0,0,0,0,0,0,0,0,0.083333,0,0,0,0,0,0,0.083333,0,0.083333,0.083333,0,0
0.125,0.075,0.025,0,0.025,0.025,0.025,0,0,0,0,0,0.025,0.025,0,0,0.075,0,0,0,0,0,0,0,0.025,0,0,0,0,0.025,0,0,0.025,0,0.025,0,0.025,0,0.025,0.025,0,0,0,0,0.025,0,0.025,0.025,0.05,0,0,0.025,0.05,0,0,0,0,0,0,0,0.075,0,0.05,0.075
0.028571,0,0.028571,0.085714,0.085714,0,0,0.028571,0,0,0,0.028571,0.028571,0.028571,0.028571,0.028571,0.028571,0,0,0.028571,0.028571,0,0,0,0,0,0,0,0.028571,0,0.028571,0,0,0,0,0.028571,0,0,0,0.028571,0,0.028571,0,0,0,0,0.057143,0,0.085714,0.028571,0,0.028571,0,0,0,0.028571,0.028571,0,0,0,0.057143,0.028571,0,0.028571
0.04,0.04,0.04,0.04,0,0,0,0.06,0,0,0,0,0.02,0,0.02,0.04,0.06,0,0.04,0.02,0,0,0,0,0.04,0,0,0,0.04,0,0.04,0.06,0,0,0,0.02,0,0,0,0,0.02,0,0,0.02,0.04,0.02,0,0,0,0,0.04,0.08,0,0.02,0,0.02,0,0,0,0,0.02,0.06,0.04,0
0.0625,0,0.0625,0,0,0,0,0,0,0,0,0.0625,0,0.125,0,0,0,0,0,0,0.125,0,0,0,0,0,0,0,0,0,0.125,0,0,0,0,0,0.125,0,0,0,0,0,0,0,0.0625,0,0.0625,0,0,0,0,0.0625,0,0,0,0.0625,0,0,0,0,0,0,0,0.0625
0.035714,0.035714,0.035714,0,0.035714,0,0,0,0,0,0,0,0,0,0.035714,0.035714,0.071429,0,0.035714,0,0.035714,0,0.035714,0,0,0,0.035714,0,0,0,0,0.035714,0,0,0.035714,0.035714,0,0,0,0,0,0.035714,0,0,0,0,0.071429,0,0.035714,0,0,0,0,0.035714,0,0,0.071429,0,0.071429,0.071429,0,0.035714,0,0.035714
0.037037,0.14815,0,0,0.074074,0,0,0,0.037037,0.22222,0,0,0,0,0.037037,0.037037,0.037037,0,0,0.037037,0,0,0,0,0,0,0,0,0,0,0,0,0,0,0,0,0.074074,0,0.037037,0,0.037037,0,0,0,0,0,0,0,0,0,0,0,0,0,0,0.037037,0.074074,0,0,0.037037,0,0,0.037037,0
0.04,0.04,0,0.02,0.04,0,0,0,0.04,0.08,0,0.02,0.04,0.04,0.02,0.04,0.02,0,0,0.02,0,0.08,0.02,0,0,0.02,0,0,0,0.02,0.02,0,0.02,0.02,0,0,0,0,0,0,0,0.02,0,0,0.04,0,0,0,0.04,0,0.02,0.04,0.02,0,0,0,0,0.04,0.02,0.02,0.02,0.02,0.02,0.02
0.10345,0,0.034483,0.034483,0,0,0,0.034483,0,0,0,0,0.13793,0,0.034483,0,0,0,0.034483,0.068966,0.034483,0,0,0,0,0,0,0,0.034483,0,0,0,0,0,0.034483,0,0.034483,0,0,0,0.034483,0,0,0.034483,0.068966,0.034483,0.034483,0,0,0,0,0.034483,0,0,0,0,0.034483,0,0,0,0,0.034483,0,0.068966
0.076923,0.076923,0,0.076923,0,0,0.076923,0,0,0,0.076923,0,0,0,0,0,0,0,0,0.076923,0,0,0,0,0,0,0,0,0,0,0,0,0.076923,0,0,0,0,0,0,0,0,0,0,0,0,0,0,0,0,0,0.15385,0,0.076923,0,0,0,0,0,0.076923,0,0,0,0.076923,0.076923
0.13333,0.066667,0,0.066667,0,0,0,0.066667,0.066667,0,0,0,0.13333,0,0,0,0.066667,0,0,0.066667,0.066667,0,0,0,0,0,0,0,0,0,0,0,0,0,0,0,0,0.066667,0,0,0,0,0,0,0.066667,0,0,0,0,0,0,0,0,0,0,0,0,0,0,0,0.13333,0,0,0
0,0,0,0,0,0,0,0,0,0,0,0,0.1,0,0.1,0,0,0,0,0,0,0,0,0,0,0,0,0,0,0,0,0,0,0,0,0.1,0,0,0,0,0.1,0,0,0,0,0,0.1,0,0,0,0.1,0.1,0,0,0,0,0,0,0,0,0.2,0,0.1,0
0.02439,0,0,0.02439,0.02439,0.02439,0,0,0,0,0,0,0,0,0,0,0,0.073171,0,0.02439,0.12195,0.02439,0.04878,0,0.02439,0,0,0.04878,0,0.04878,0,0,0,0,0,0,0,0.097561,0,0.02439,0,0,0.02439,0.02439,0,0.04878,0,0.02439,0.02439,0,0.04878,0,0.02439,0.02439,0,0,0,0.04878,0,0,0.04878,0.02439,0,0
0,0,0,0,0,0,0,0,0,0,0,0,0,0,0,0.18182,0,0,0,0,0,0,0,0,0,0,0,0,0,0,0,0,0,0,0,0,0.090909,0,0,0,0,0,0,0,0.090909,0.090909,0,0.18182,0.090909,0,0,0,0,0.090909,0,0,0,0,0,0,0,0,0,0.18182
0.11111,0.037037,0,0.037037,0,0.074074,0,0,0.037037,0,0,0.037037,0.037037,0.11111,0.037037,0.037037,0,0,0.037037,0,0,0,0,0,0.037037,0,0,0,0.037037,0,0,0.037037,0,0,0,0.037037,0,0,0,0,0,0,0,0,0.037037,0,0,0,0,0,0.037037,0,0,0.037037,0,0,0,0,0.037037,0,0.11111,0,0,0
0,0,0.022727,0.045455,0.045455,0,0,0.022727,0,0,0,0.022727,0,0,0,0.022727,0,0,0,0,0,0,0.022727,0,0,0.022727,0.045455,0,0,0,0.045455,0,0.022727,0.022727,0,0.022727,0,0,0.022727,0.022727,0.13636,0.045455,0,0.045455,0,0.022727,0.022727,0.022727,0,0,0.022727,0,0.022727,0.045455,0.090909,0,0.022727,0.022727,0,0.022727,0,0,0,0.022727
0,0.038462,0,0,0,0,0,0,0,0,0,0.038462,0.076923,0,0,0.076923,0.038462,0,0,0.038462,0.038462,0,0,0.038462,0,0.038462,0.076923,0,0,0.038462,0.038462,0,0,0,0.076923,0.038462,0,0,0,0,0,0.076923,0,0,0,0,0.038462,0,0,0,0,0.038462,0,0,0.038462,0,0,0,0.038462,0.038462,0.038462,0,0,0
0,0.16667,0,0,0,0,0,0,0,0,0,0,0,0,0,0.083333,0,0,0,0,0,0,0.083333,0,0,0,0,0,0,0.083333,0,0,0,0,0,0,0,0,0,0,0,0.083333,0,0,0,0,0,0,0,0.083333,0.083333,0,0,0,0.083333,0,0,0.16667,0.083333,0,0,0,0,0
0.022727,0,0.090909,0,0,0.068182,0,0,0,0.022727,0,0.022727,0,0.068182,0.022727,0,0,0.022727,0.022727,0.022727,0.045455,0.090909,0,0,0.022727,0.022727,0.022727,0,0,0.022727,0,0.022727,0.045455,0.022727,0,0,0,0.022727,0.022727,0,0.068182,0,0,0.022727,0,0,0,0.022727,0,0,0,0,0,0,0.022727,0,0.022727,0.022727,0.045455,0,0,0.022727,0,0
0.055556,0.018519,0.018519,0.018519,0.037037,0,0,0,0.018519,0,0.037037,0.018519,0,0.018519,0.037037,0,0,0.018519,0.018519,0,0.018519,0.055556,0.037037,0,0.018519,0,0,0.037037,0,0,0.037037,0,0.037037,0.055556,0.018519,0,0,0,0.055556,0,0.018519,0,0,0.018519,0,0,0.018519,0,0,0.037037,0,0.018519,0,0.037037,0.018519,0.018519,0,0,0.037037,0,0,0.018519,0.074074,0
0.05,0,0,0.025,0,0.025,0,0.075,0,0.05,0,0,0.025,0.05,0.025,0.025,0,0.025,0,0.025,0,0,0,0,0.05,0,0.025,0,0,0,0,0.025,0.025,0.05,0,0,0,0,0,0,0,0,0.025,0.025,0.025,0,0.025,0.025,0,0,0,0.05,0.025,0,0,0,0,0.1,0.05,0.025,0.025,0.025,0,0
0.041667,0,0.020833,0.0625,0,0.041667,0,0.020833,0,0.041667,0,0,0.041667,0.020833,0.041667,0.020833,0.020833,0,0,0,0.041667,0,0.020833,0.020833,0,0,0,0,0,0.020833,0.041667,0,0.041667,0,0,0,0.041667,0,0.0625,0,0.041667,0,0,0,0,0,0,0,0.041667,0,0,0.041667,0.020833,0,0.020833,0.020833,0.020833,0.020833,0,0,0,0.041667,0,0.0625
0,0,0,0,0,0,0,0,0,0,0,0,0,0,0,0,0,0,0,0,0,0,0,0.071429,0,0.071429,0.071429,0.14286,0,0.071429,0,0.14286,0,0,0,0,0,0,0,0.071429,0,0.071429,0,0,0,0,0.071429,0,0,0,0,0,0,0.071429,0,0,0,0,0,0,0,0.071429,0,0.071429
0.11111,0.018519,0.055556,0,0.037037,0,0.037037,0,0.055556,0.018519,0,0,0,0.018519,0,0.037037,0.018519,0.037037,0,0.018519,0.018519,0,0.018519,0,0,0.018519,0.018519,0,0.037037,0,0.018519,0.037037,0,0.018519,0,0,0,0,0.037037,0,0,0,0,0,0.018519,0,0.055556,0.037037,0,0,0.037037,0,0.037037,0,0,0,0,0.037037,0,0.055556,0,0.018519,0.018519,0
0.13333,0,0.066667,0,0,0,0,0,0,0.066667,0,0,0.066667,0.066667,0,0,0,0,0,0,0,0,0,0,0,0,0,0,0,0,0,0,0,0,0,0,0,0,0,0,0,0,0,0,0,0,0,0,0.2,0,0,0.13333,0,0,0,0,0,0,0,0.066667,0.066667,0,0.066667,0.066667
0,0.052632,0.026316,0,0,0.026316,0.026316,0.026316,0,0,0,0,0,0,0,0.026316,0,0.026316,0,0.026316,0,0,0,0,0,0,0,0.026316,0,0.026316,0,0.026316,0,0,0,0,0.052632,0,0.026316,0.026316,0,0,0,0,0.052632,0,0,0.078947,0,0.026316,0,0.052632,0,0,0.026316,0.052632,0,0.078947,0,0.026316,0.026316,0.052632,0,0.10526
0,0.047619,0,0,0,0,0,0.047619,0,0,0,0,0,0,0,0,0.19048,0.095238,0.047619,0,0,0,0,0,0,0.095238,0,0,0.047619,0,0,0,0,0,0,0,0,0,0,0,0,0.047619,0,0,0,0,0,0.047619,0,0,0,0.047619,0.047619,0,0,0,0.095238,0.095238,0,0,0.047619,0,0,0
0,0.23077,0.076923,0,0,0,0,0,0,0.076923,0,0.076923,0,0,0,0.076923,0,0,0,0,0,0,0,0,0,0.076923,0,0,0,0,0,0,0,0,0,0,0,0,0,0,0,0.076923,0,0,0,0,0,0,0,0.076923,0,0,0,0,0,0,0,0.076923,0,0,0,0,0.076923,0.076923
0.058824,0,0.029412,0,0.029412,0,0,0,0.029412,0.029412,0,0,0.029412,0,0.029412,0,0.029412,0,0,0,0.029412,0,0,0,0,0.029412,0.029412,0,0,0.029412,0.029412,0,0,0,0.029412,0,0.029412,0.029412,0.029412,0.029412,0.029412,0,0,0.029412,0.029412,0.058824,0.029412,0,0.029412,0,0,0.029412,0,0,0.029412,0.029412,0.029412,0.058824,0.029412,0,0,0.029412,0,0
0.066667,0,0,0,0,0,0.066667,0,0,0,0,0,0,0.066667,0,0,0.066667,0,0,0,0.066667,0,0,0,0,0,0,0,0,0,0,0,0,0,0,0,0,0,0.066667,0,0,0,0,0,0.066667,0,0,0,0.066667,0,0,0.066667,0,0,0,0,0.066667,0,0,0.066667,0.13333,0,0.13333,0
0.02439,0,0,0.02439,0,0,0,0,0,0.04878,0,0.02439,0.04878,0,0,0.04878,0.04878,0,0,0.04878,0,0.02439,0,0.073171,0.02439,0,0.02439,0,0,0,0,0.02439,0,0,0.02439,0.02439,0.02439,0,0,0.02439,0.02439,0.02439,0,0,0,0.02439,0,0.02439,0,0.02439,0,0.04878,0,0.02439,0,0.02439,0,0.04878,0.02439,0,0.04878,0.04878,0.02439,0
0.027027,0.10811,0.027027,0.054054,0.054054,0,0.054054,0,0,0.027027,0,0.054054,0,0,0,0,0.054054,0.027027,0,0.027027,0.081081,0,0,0,0.027027,0.027027,0.027027,0,0,0.027027,0,0,0,0,0,0,0,0,0.027027,0,0.027027,0,0,0,0,0,0.027027,0.027027,0.027027,0,0,0,0,0.027027,0.027027,0,0.054054,0.027027,0,0.027027,0,0,0,0
0,0,0,0,0.15556,0,0.044444,0,0.022222,0.044444,0.11111,0,0.088889,0,0.022222,0.022222,0,0,0,0,0.044444,0.044444,0.066667,0.022222,0,0,0,0,0,0,0,0,0.022222,0.044444,0,0,0,0.022222,0,0.022222,0,0,0,0,0.022222,0,0,0,0.022222,0,0,0.044444,0,0.022222,0.044444,0,0,0.022222,0,0,0.022222,0,0,0
0,0,0,0,0.076923,0,0,0,0.076923,0,0,0,0.076923,0,0,0.076923,0,0,0,0,0,0.076923,0.076923,0,0,0,0,0,0,0,0,0,0,0,0,0,0,0,0.076923,0,0,0,0,0,0,0,0,0.076923,0,0,0.076923,0.076923,0.076923,0,0,0,0,0,0,0,0.076923,0.076923,0,0
0.035088,0.017544,0.035088,0,0.017544,0.017544,0,0.017544,0,0,0.052632,0.017544,0.017544,0,0,0.035088,0.017544,0,0,0,0.017544,0.017544,0,0,0,0.017544,0,0,0,0.052632,0.14035,0,0.017544,0.017544,0,0.035088,0,0,0,0.035088,0,0.035088,0.017544,0.017544,0.017544,0,0.017544,0.017544,0.017544,0,0.017544,0,0.035088,0,0,0,0,0.070175,0.017544,0.035088,0.017544,0,0.017544,0.017544
0.052632,0,0,0,0.052632,0.052632,0.052632,0,0,0,0,0,0.052632,0,0.052632,0,0.10526,0,0,0,0.10526,0,0,0,0.052632,0.052632,0,0,0,0,0.052632,0,0,0,0,0,0,0,0,0,0,0,0,0,0.052632,0,0,0,0,0,0,0,0.052632,0,0,0,0.10526,0,0.052632,0,0,0,0.052632,0
0,0,0,0,0.03125,0,0.0625,0,0.03125,0,0,0.03125,0,0,0.15625,0,0,0,0,0,0,0.03125,0,0,0,0,0.0625,0.03125,0,0,0,0,0,0,0.03125,0,0.0625,0,0.0625,0,0.0625,0,0,0,0,0,0.0625,0.03125,0,0,0.03125,0,0,0,0,0,0.03125,0,0.09375,0,0,0.03125,0.03125,0.03125
0,0,0,0,0,0,0,0.18182,0,0,0,0,0,0,0,0,0,0,0,0,0,0,0,0,0,0,0,0,0,0,0,0,0,0,0,0,0.090909,0,0,0.090909,0,0.090909,0,0,0,0,0,0,0,0,0,0,0.090909,0,0,0,0.090909,0,0,0.090909,0,0,0.090909,0.18182
0,0,0,0.0625,0,0,0,0,0.0625,0,0,0.0625,0.0625,0,0,0.0625,0.0625,0,0,0,0,0,0,0,0,0,0,0.0625,0,0.0625,0,0,0,0,0,0,0,0,0,0,0,0,0.0625,0,0,0,0,0,0.125,0,0,0.0625,0.0625,0,0,0.0625,0,0,0,0,0,0.125,0,0
0,0,0,0,0,0,0,0,0,0,0.076923,0,0,0,0,0,0,0,0,0,0,0.076923,0,0,0,0.076923,0,0,0,0,0,0,0.15385,0,0,0.076923,0,0,0,0.076923,0,0,0,0,0,0,0.076923,0.076923,0,0.076923,0,0.076923,0,0.076923,0,0,0,0,0,0.076923,0,0,0,0
0,0,0.083333,0,0,0,0,0,0,0,0,0,0,0,0,0.083333,0,0,0.083333,0,0,0,0,0,0,0,0.083333,0,0,0,0,0,0.083333,0,0,0,0.083333,0,0.083333,0,0,0,0,0,0.083333,0.083333,0,0,0,0,0,0,0,0,0,0,0,0,0.16667,0,0,0.083333,0,0
0.015873,0.015873,0.031746,0,0,0.031746,0.015873,0,0.031746,0.015873,0.015873,0,0.031746,0,0.015873,0,0.015873,0.031746,0.015873,0.031746,0.031746,0,0.031746,0.063492,0,0,0,0,0,0,0.031746,0.063492,0.015873,0.015873,0.015873,0.015873,0.015873,0.015873,0,0.015873,0.015873,0,0,0,0,0,0,0.031746,0,0,0,0.031746,0.015873,0,0,0.031746,0.063492,0.015873,0.015873,0.015873,0.015873,0.031746,0.047619,0.015873
0.033333,0.033333,0,0,0,0,0,0.066667,0.033333,0,0,0,0,0.033333,0,0,0.033333,0.033333,0,0,0,0.033333,0.033333,0.033333,0,0,0.033333,0,0,0.033333,0.033333,0,0,0,0,0.033333,0.033333,0,0,0.066667,0,0,0.033333,0,0,0.033333,0.033333,0,0,0,0.033333,0,0,0.033333,0,0.066667,0.033333,0,0,0,0,0.033333,0.066667,0.033333
0,0.025,0.025,0,0.025,0.025,0.075,0.025,0.05,0.025,0.025,0,0.025,0,0.025,0.025,0.025,0.025,0.05,0,0.05,0,0,0.025,0,0,0,0,0.025,0,0,0.05,0.025,0.025,0.025,0,0,0,0,0,0,0,0,0.025,0,0,0,0,0,0,0,0.025,0,0.05,0,0,0.075,0,0.025,0,0,0.05,0.025,0.025
0.08,0,0,0,0,0.04,0,0,0.04,0,0,0.04,0,0,0.04,0,0.04,0.04,0,0,0,0.04,0.12,0,0,0,0.04,0,0,0.04,0,0,0.08,0,0.04,0,0,0,0.04,0,0,0,0.04,0,0,0,0,0,0,0,0.04,0,0.04,0,0.04,0,0,0,0.04,0.04,0,0.04,0,0
0,0,0,0.076923,0,0,0.076923,0,0,0.076923,0,0,0,0,0.076923,0,0,0,0,0,0,0,0,0,0.15385,0,0,0,0,0,0,0,0,0,0,0,0,0.076923,0,0,0,0.076923,0,0.076923,0,0.076923,0,0.076923,0,0,0,0,0,0.076923,0.076923,0,0,0,0,0,0,0,0,0
0,0,0,0,0,0,0,0,0,0,0,0,0,0.083333,0,0.083333,0,0.083333,0.083333,0,0,0,0,0,0,0,0,0,0.083333,0,0.16667,0,0,0,0,0,0,0,0,0,0,0,0,0,0,0,0,0,0.083333,0,0,0,0,0.083333,0,0,0,0,0,0,0,0,0.16667,0.083333
0,0,0.038462,0,0.15385,0,0.038462,0,0,0,0,0,0,0,0.038462,0.11538,0,0.038462,0,0,0,0,0,0,0,0,0,0.038462,0,0,0,0,0.038462,0,0,0,0.038462,0.038462,0,0,0,0,0.038462,0.076923,0,0,0.038462,0,0,0,0,0.038462,0,0,0.076923,0.038462,0.038462,0,0,0.038462,0,0,0,0.038462
0.085714,0.028571,0.057143,0.085714,0.028571,0,0.028571,0,0,0.028571,0,0.028571,0,0,0,0.085714,0,0.028571,0,0,0.028571,0,0,0,0,0,0.028571,0,0,0,0,0,0.085714,0,0,0,0,0,0,0,0,0.057143,0,0,0,0.028571,0,0,0.057143,0,0,0,0.028571,0,0,0.028571,0,0.028571,0,0.028571,0,0.028571,0.085714,0
0.066667,0,0,0.066667,0,0,0.066667,0,0,0.066667,0,0,0,0,0,0,0,0,0,0,0.066667,0,0,0,0,0,0,0,0,0,0,0,0,0,0,0,0.2,0,0.066667,0,0,0,0.066667,0.066667,0,0,0,0,0,0,0,0,0,0.13333,0,0,0.066667,0,0,0,0,0,0.066667,0
0.083333,0.083333,0.083333,0,0,0,0,0,0,0,0,0.083333,0.083333,0,0,0,0,0,0,0,0,0,0,0,0,0.083333,0,0,0,0,0,0,0.083333,0,0,0,0,0,0,0,0.083333,0.083333,0.083333,0,0,0,0,0,0,0,0,0,0,0,0,0,0.083333,0,0,0,0,0,0.083333,0
0,0,0,0,0.071429,0,0.071429,0,0.071429,0,0,0,0,0,0,0,0,0,0.071429,0,0,0,0,0,0,0,0,0,0,0,0.071429,0.071429,0,0.071429,0,0.071429,0.071429,0,0,0.071429,0,0,0,0.071429,0,0,0,0.071429,0,0,0,0,0,0,0,0,0,0,0,0,0,0.14286,0,0
0.022222,0.044444,0.022222,0.022222,0.022222,0.022222,0,0.088889,0,0,0,0.022222,0,0,0.022222,0.088889,0,0.022222,0,0,0,0,0,0,0,0.044444,0,0,0,0,0,0,0.044444,0,0,0.022222,0.022222,0,0,0.022222,0.022222,0.022222,0.022222,0.044444,0,0.022222,0,0,0.022222,0,0,0,0.044444,0,0.044444,0.044444,0.044444,0,0.044444,0,0,0.022222,0.044444,0
0.14286,0,0,0,0,0,0.071429,0.071429,0,0,0,0,0,0,0.071429,0,0.071429,0,0.071429,0,0,0,0,0,0,0,0,0.071429,0,0,0,0,0,0,0,0,0.071429,0,0,0,0,0,0,0,0,0,0.071429,0,0,0,0,0,0,0,0,0,0.071429,0,0,0,0.14286,0,0,0.071429
0,0,0,0,0,0,0,0.038462,0.038462,0.038462,0,0,0,0,0,0,0.076923,0,0,0.038462,0,0.038462,0,0.038462,0,0.038462,0,0,0.038462,0,0.038462,0.11538,0,0,0,0,0.038462,0,0,0,0,0,0.038462,0,0,0,0.038462,0.038462,0,0,0,0,0,0,0.038462,0,0.076923,0,0,0,0.038462,0.076923,0.038462,0.038462
0,0,0,0,0,0,0,0,0,0,0,0,0.071429,0.071429,0,0,0,0,0,0.071429,0.14286,0,0,0,0,0,0,0,0.14286,0,0,0,0.071429,0,0,0,0.071429,0,0,0,0,0,0.071429,0,0,0,0,0,0,0,0.14286,0,0,0,0,0,0,0.071429,0,0,0,0,0,0.071429
0.12,0,0,0.04,0,0,0,0,0.04,0.04,0,0,0,0,0,0.04,0.08,0,0,0.04,0,0.04,0.04,0,0,0,0,0,0,0,0.04,0,0.04,0,0,0.04,0.04,0,0.04,0,0.04,0.04,0,0,0,0,0,0.04,0,0.04,0.04,0,0,0,0.04,0,0.04,0,0,0,0,0.04,0,0
0.027778,0,0.027778,0.013889,0.041667,0.013889,0,0.013889,0,0.027778,0.013889,0.013889,0,0.027778,0,0,0.055556,0.041667,0,0.013889,0.013889,0.041667,0,0,0,0.027778,0.013889,0,0,0,0.013889,0.013889,0.013889,0,0,0.013889,0.027778,0.027778,0.013889,0,0.041667,0.013889,0,0,0,0.013889,0.013889,0,0,0.027778,0,0,0,0.083333,0.013889,0,0.013889,0.083333,0.083333,0,0.041667,0,0.013889,0
0,0,0,0,0,0.045455,0,0,0.045455,0.045455,0.045455,0,0,0.090909,0,0,0,0,0,0,0,0,0.045455,0,0.090909,0,0,0,0,0.090909,0.045455,0,0,0,0.090909,0.045455,0,0,0,0.045455,0,0,0.045455,0,0,0.045455,0.045455,0,0,0.045455,0,0,0,0.045455,0,0.045455,0,0,0,0,0,0,0,0
0,0,0.074074,0,0.037037,0.037037,0.037037,0,0,0.037037,0,0,0,0,0.037037,0.037037,0,0,0.037037,0,0.037037,0,0,0,0,0,0,0,0,0,0.037037,0,0.037037,0,0,0.037037,0,0,0,0,0,0.037037,0,0,0.037037,0.037037,0.037037,0.074074,0,0,0,0,0.037037,0,0,0,0.037037,0,0,0.11111,0,0,0.037037,0.074074
0.071429,0.02381,0,0,0.047619,0,0,0,0,0,0.02381,0,0,0.02381,0,0.02381,0.047619,0,0.047619,0,0,0,0,0,0,0,0.02381,0.047619,0.047619,0,0,0,0.02381,0,0,0,0.02381,0.02381,0,0,0,0,0,0,0.02381,0.02381,0.02381,0.047619,0,0.047619,0,0,0,0.071429,0.02381,0,0.02381,0.02381,0,0.02381,0.02381,0.047619,0.047619,0.047619
0.023256,0,0,0,0,0.023256,0.093023,0,0.046512,0.023256,0.023256,0,0.023256,0.023256,0.093023,0.023256,0,0,0,0.023256,0.023256,0.023256,0.023256,0,0.023256,0.023256,0,0,0.069767,0,0,0,0,0,0.023256,0,0,0,0.023256,0,0,0,0.023256,0,0,0,0.046512,0.023256,0.023256,0.023256,0,0,0.023256,0.023256,0,0,0.023256,0.023256,0.069767,0,0,0,0.023256,0.023256
0,0,0,0,0.083333,0,0,0,0,0,0,0,0,0,0,0,0,0,0.083333,0.041667,0,0,0,0.041667,0,0.041667,0,0,0.041667,0.041667,0.041667,0,0,0,0.083333,0,0.083333,0,0,0.041667,0,0.083333,0,0.041667,0,0,0,0,0.125,0,0,0,0,0,0,0.041667,0,0,0,0,0,0.041667,0.041667,0
0,0,0,0,0.16667,0,0,0,0,0,0,0,0.055556,0,0,0.055556,0,0,0,0,0,0,0,0,0,0,0,0,0,0,0.055556,0,0,0,0,0,0,0.055556,0,0.055556,0,0,0,0.055556,0,0,0,0,0.055556,0,0,0,0,0,0.055556,0,0,0.11111,0,0.11111,0.055556,0,0,0.11111
0,0.045455,0.045455,0,0.045455,0,0,0,0,0.045455,0,0.045455,0,0,0,0,0.045455,0,0,0,0,0,0.045455,0,0,0,0,0.045455,0,0,0,0,0.090909,0,0.045455,0,0,0.045455,0.045455,0,0,0.045455,0,0,0,0.045455,0,0.045455,0,0,0,0,0,0,0.090909,0,0,0.090909,0.045455,0,0,0,0,0.045455
0.071429,0,0,0,0,0,0.071429,0.071429,0,0,0,0,0,0,0,0.14286,0.14286,0,0.071429,0,0,0,0.071429,0,0,0,0,0,0,0,0,0,0,0,0,0,0.071429,0,0,0,0,0,0,0,0,0.071429,0.071429,0,0,0,0.071429,0,0,0,0.071429,0,0,0,0,0,0,0,0,0
0.12821,0.012821,0.025641,0.025641,0.051282,0.038462,0.025641,0,0.025641,0,0.025641,0,0,0,0.012821,0,0.038462,0.038462,0.012821,0.025641,0.012821,0.025641,0,0.012821,0.012821,0.025641,0,0,0,0.012821,0.025641,0.025641,0.025641,0.025641,0,0,0.012821,0.012821,0.012821,0,0.012821,0.012821,0,0.012821,0,0.012821,0,0,0.051282,0.025641,0,0,0.025641,0,0.012821,0,0,0.025641,0.012821,0,0.012821,0,0,0.051282
0,0,0,0.1,0,0,0,0,0,0,0,0,0,0,0,0,0,0,0,0,0,0.1,0,0,0.1,0,0,0,0,0,0.1,0,0,0,0,0,0,0,0,0,0,0,0,0,0.1,0,0,0.1,0,0,0.1,0,0,0,0,0,0.2,0,0,0.1,0,0,0,0
0.045455,0.022727,0.022727,0.022727,0.022727,0.045455,0,0,0,0.045455,0,0.022727,0.045455,0,0,0.022727,0.045455,0,0,0,0.045455,0,0,0.022727,0,0,0,0,0,0.022727,0.022727,0,0.022727,0,0,0.022727,0.045455,0.022727,0,0.022727,0,0.068182,0,0,0,0,0,0,0.068182,0,0.045455,0.022727,0,0.022727,0.022727,0.022727,0,0.022727,0,0,0.022727,0,0.045455,0.022727
0.076923,0.076923,0,0,0.076923,0,0,0,0,0.076923,0,0,0,0,0.076923,0,0.15385,0,0,0,0,0,0,0,0,0,0,0,0,0,0,0,0.15385,0.076923,0,0,0,0,0,0,0,0,0,0,0,0,0,0,0,0,0.076923,0.076923,0,0,0,0,0,0,0.076923,0,0,0,0,0
0,0,0.04,0.08,0.04,0,0,0,0,0.04,0,0.08,0,0,0,0,0,0,0,0.04,0.08,0,0,0,0,0,0,0.04,0,0,0,0.04,0,0,0,0,0.04,0,0,0,0,0.04,0.12,0,0,0,0.08,0.04,0.04,0,0.04,0,0,0,0,0,0,0,0.04,0,0,0.08,0,0
0,0,0,0,0,0.029412,0,0.029412,0,0,0,0,0,0,0.058824,0.029412,0,0.029412,0.029412,0,0.029412,0,0,0,0,0,0,0.058824,0,0,0,0.029412,0,0,0,0,0.029412,0.029412,0.058824,0,0,0,0,0,0,0,0.20588,0,0,0,0,0,0.029412,0,0,0.029412,0.029412,0.029412,0.029412,0.11765,0.029412,0,0,0.058824
0,0.04,0.08,0,0.04,0.04,0,0.04,0,0.04,0.04,0,0,0,0,0.08,0.12,0,0,0,0.08,0,0,0,0,0,0.08,0,0.04,0,0,0,0,0,0,0,0,0.04,0.04,0.04,0,0,0,0,0,0,0,0.04,0,0,0,0.04,0,0,0,0,0,0,0,0,0.08,0,0,0
0.10345,0.034483,0,0,0,0,0,0,0.068966,0,0.034483,0,0.10345,0.034483,0,0.10345,0,0,0.068966,0,0.034483,0.034483,0,0,0,0,0.034483,0,0,0,0.034483,0.034483,0,0,0,0.034483,0,0,0,0.034483,0,0,0,0,0,0.034483,0,0,0.068966,0,0,0.034483,0.034483,0,0,0,0,0,0,0,0.034483,0,0,0
0.066667,0,0,0.066667,0.13333,0,0,0,0,0.066667,0,0,0,0,0.066667,0.066667,0,0,0,0,0,0,0.13333,0,0.066667,0,0,0,0,0.13333,0,0,0,0,0,0,0,0,0,0,0,0,0.066667,0,0,0,0.066667,0,0,0.066667,0,0,0,0,0,0,0,0,0,0,0,0,0,0
0,0,0,0,0,0,0,0.028571,0.028571,0,0,0,0.028571,0.057143,0,0,0,0.057143,0,0,0,0,0,0.028571,0.028571,0,0,0,0,0.028571,0.028571,0.028571,0,0,0,0.028571,0.028571,0.057143,0,0.028571,0.028571,0.028571,0,0,0.028571,0.028571,0,0.028571,0,0,0,0,0,0.028571,0.085714,0.028571,0,0.085714,0.028571,0.028571,0,0.057143,0,0.028571
0.035714,0.071429,0.035714,0,0,0.035714,0.035714,0,0,0.071429,0,0.035714,0.035714,0.035714,0,0,0.035714,0,0.035714,0,0,0.035714,0,0,0.071429,0,0,0,0,0,0,0,0.071429,0.071429,0,0,0.035714,0.035714,0,0,0,0,0,0,0.035714,0,0.035714,0,0,0,0,0,0,0.071429,0,0,0,0.035714,0,0,0.035714,0,0,0
0,0,0.1,0,0,0,0,0,0.1,0.1,0,0,0,0,0,0,0,0.1,0,0.1,0,0.1,0,0,0,0,0,0,0,0,0,0,0,0,0,0,0,0,0,0,0,0,0,0,0,0,0,0,0.1,0,0.1,0,0.1,0,0.1,0,0,0,0,0,0,0,0,0
0.034483,0.068966,0,0,0.034483,0,0,0,0,0.034483,0,0.034483,0.10345,0,0,0,0,0.034483,0.034483,0,0.034483,0,0,0.034483,0,0.034483,0,0.068966,0,0.034483,0,0,0,0,0,0,0.068966,0,0,0,0.034483,0,0,0,0,0.068966,0,0,0,0,0,0,0,0,0,0,0,0,0,0.034483,0.034483,0.034483,0.068966,0.068966
0.15789,0,0,0.052632,0,0.052632,0,0,0.052632,0,0,0.052632,0.052632,0.052632,0,0,0,0,0,0,0.052632,0,0,0,0,0,0.052632,0,0,0,0.052632,0,0,0,0,0,0,0.10526,0,0.052632,0,0,0,0,0.052632,0.052632,0,0,0,0,0,0,0,0,0,0,0.052632,0,0,0,0,0.052632,0,0
0,0,0,0.08,0.08,0,0.04,0.04,0.04,0,0.08,0,0.04,0,0.08,0,0,0,0,0,0,0,0,0,0,0,0,0,0.08,0,0,0,0,0,0,0,0.08,0,0,0,0,0,0,0,0,0,0,0,0.04,0,0.04,0.04,0.08,0,0,0,0,0,0,0.04,0,0.04,0.04,0.04
0,0,0,0,0,0,0,0,0,0,0,0,0.2,0,0.1,0,0,0,0,0,0,0,0,0,0,0,0,0,0,0,0,0,0,0,0.1,0,0,0.1,0,0,0,0.1,0,0,0,0,0.1,0.1,0,0,0,0.2,0,0,0,0,0,0,0,0,0,0,0,0
0,0.1,0,0,0,0,0,0,0.1,0,0,0,0,0.1,0,0,0,0,0,0,0,0,0.1,0,0,0,0,0,0,0,0,0,0,0,0,0.1,0,0,0,0,0.1,0,0,0,0,0,0.1,0,0.1,0,0,0,0,0.1,0,0,0,0.1,0,0,0,0,0,0
0,0,0,0.047619,0,0,0,0.02381,0,0,0.02381,0.02381,0.02381,0.02381,0.02381,0.02381,0.071429,0.02381,0,0,0.02381,0,0.02381,0,0.047619,0,0,0,0.02381,0,0,0,0.047619,0,0.02381,0.02381,0,0,0.16667,0,0,0.047619,0,0,0,0.02381,0.047619,0,0,0,0,0.02381,0,0,0.047619,0,0.02381,0.047619,0.02381,0,0,0.02381,0,0
0.125,0.125,0,0,0.0625,0,0.0625,0,0,0,0,0,0,0,0,0,0,0,0,0,0,0,0,0,0,0.0625,0,0,0,0.0625,0,0,0.0625,0.0625,0,0,0,0,0,0,0,0,0,0,0,0,0.125,0,0.125,0,0,0,0,0,0,0,0.0625,0.0625,0,0,0,0,0,0
0.083333,0,0,0,0.083333,0,0,0,0,0.083333,0,0,0,0,0,0,0.083333,0,0.083333,0,0.083333,0,0,0,0,0.16667,0.083333,0,0,0,0,0,0,0,0.083333,0,0,0,0.083333,0,0,0,0,0,0,0,0,0,0,0,0,0,0,0,0,0,0,0,0,0,0.083333,0,0,0
0.066667,0,0,0.066667,0,0,0.066667,0.066667,0,0,0,0,0,0,0,0,0,0.066667,0,0,0,0,0,0,0,0,0,0,0,0,0,0,0,0,0,0,0.26667,0.066667,0,0,0,0.066667,0,0,0,0,0,0.066667,0,0,0,0,0,0,0,0,0.066667,0,0,0.066667,0,0,0.066667,0
0,0.030303,0,0,0,0.030303,0,0,0,0.030303,0,0,0.030303,0.030303,0,0.030303,0,0.060606,0,0.030303,0.030303,0.030303,0,0,0.060606,0.030303,0.060606,0.060606,0,0.060606,0,0,0,0,0,0,0.030303,0,0,0,0,0.030303,0,0,0,0,0.030303,0.030303,0,0.060606,0.030303,0,0,0.060606,0,0,0.030303,0.030303,0.030303,0,0,0,0.030303,0
0.1,0.05,0.05,0,0,0,0.05,0,0,0,0,0,0.025,0.075,0.025,0,0,0.025,0,0,0.025,0,0,0,0.025,0.025,0.025,0.025,0,0.025,0.025,0.025,0,0,0,0,0,0,0.025,0,0.025,0.025,0,0,0,0.1,0,0.025,0.05,0,0,0.025,0,0,0,0,0,0.025,0,0.025,0.025,0.025,0,0.025
0.019231,0.038462,0.019231,0,0,0,0,0.019231,0.038462,0,0.019231,0.019231,0,0,0.038462,0,0.057692,0.019231,0,0.019231,0.076923,0.019231,0,0.057692,0.076923,0.038462,0,0.019231,0,0,0.019231,0,0,0,0,0,0.057692,0.038462,0.038462,0,0.038462,0,0,0,0,0.019231,0,0,0.019231,0,0.038462,0,0.038462,0.019231,0.019231,0.019231,0,0,0,0,0.019231,0,0.019231,0
0,0,0,0.03125,0.03125,0,0.03125,0,0,0.0625,0,0,0,0.0625,0.03125,0,0,0,0,0,0.03125,0,0,0,0.03125,0,0.03125,0.0625,0,0,0,0,0.0625,0,0.09375,0.03125,0.03125,0.03125,0.03125,0.03125,0,0,0,0,0.03125,0.03125,0.03125,0,0.03125,0,0,0.03125,0.03125,0,0.03125,0,0.03125,0,0,0,0,0.03125,0,0
0.10811,0.054054,0.081081,0.027027,0,0,0,0,0.027027,0,0,0,0.027027,0,0,0.027027,0.081081,0,0.027027,0.027027,0.027027,0,0,0,0,0,0.027027,0,0,0.027027,0,0,0,0,0,0,0.027027,0.027027,0,0,0.027027,0,0,0,0,0,0.027027,0,0.054054,0,0.054054,0.054054,0.027027,0.027027,0,0,0,0,0,0,0.054054,0,0.027027,0.027027
0,0,0,0,0,0,0,0,0,0,0,0,0,0.2,0,0,0,0,0.2,0,0.1,0,0,0,0,0,0,0,0.1,0,0,0,0.1,0,0,0,0,0,0,0,0,0,0.1,0,0,0,0,0.1,0,0,0,0,0,0,0,0,0,0,0.1,0,0,0,0,0
0,0,0,0.052632,0,0,0,0,0,0,0,0,0,0,0,0.052632,0,0,0,0,0,0,0.15789,0,0.052632,0,0,0.052632,0,0,0,0,0,0,0,0.052632,0,0.052632,0.052632,0.10526,0,0,0,0,0,0,0.052632,0,0,0,0,0,0.052632,0,0,0,0,0.15789,0,0.052632,0.052632,0,0,0
0.23529,0,0.058824,0.058824,0.058824,0,0,0,0.058824,0,0,0,0,0,0,0,0.058824,0,0,0,0.11765,0.058824,0,0,0,0,0,0,0,0.058824,0,0,0,0,0,0,0,0,0,0.058824,0,0,0,0,0,0,0,0.058824,0,0,0,0,0,0,0,0,0,0,0,0,0.058824,0,0,0.058824
0.18182,0.090909,0,0,0,0,0,0,0,0,0,0,0,0,0,0.090909,0,0,0,0,0,0,0,0,0.18182,0,0,0,0,0,0.090909,0,0.090909,0,0,0,0.090909,0,0,0,0,0,0,0,0,0,0,0.090909,0,0,0,0,0,0,0,0,0,0.090909,0,0,0,0,0,0
0,0,0,0,0,0,0,0.066667,0,0,0,0,0.066667,0,0,0.066667,0,0,0,0,0,0,0,0.066667,0,0,0,0,0,0.066667,0,0,0,0.066667,0,0,0,0,0,0.066667,0,0,0,0,0,0,0,0,0.066667,0,0,0.066667,0,0,0,0,0.13333,0,0,0,0.066667,0,0.13333,0.066667
0.0625,0,0,0,0,0,0,0,0,0,0,0,0.0625,0,0.0625,0.0625,0,0,0,0.125,0,0,0,0,0,0,0,0,0,0,0,0,0,0,0,0,0,0.0625,0,0,0,0,0,0,0,0,0,0.0625,0,0,0,0,0,0,0.0625,0.0625,0.0625,0,0,0,0,0.0625,0.1875,0.0625
0,0.022222,0.066667,0,0.044444,0.022222,0.022222,0,0,0,0,0,0.022222,0.022222,0.044444,0,0.022222,0.044444,0.022222,0,0.022222,0.022222,0,0.044444,0,0,0,0.022222,0,0,0,0.022222,0.022222,0.022222,0,0,0,0.044444,0,0,0.022222,0,0.022222,0,0.022222,0,0.022222,0.044444,0.022222,0,0,0,0.088889,0.022222,0,0.022222,0,0.022222,0,0.022222,0.022222,0.022222,0.022222,0.022222
0.095238,0,0,0,0.047619,0.047619,0,0,0,0,0,0,0.047619,0.047619,0,0,0.047619,0.047619,0,0.047619,0,0,0,0,0,0,0,0,0.047619,0,0,0,0,0,0,0.047619,0,0,0,0.047619,0,0.095238,0,0,0,0,0,0.047619,0.047619,0,0,0,0.047619,0,0.14286,0,0,0,0,0,0,0,0,0.047619
0.23077,0.076923,0.076923,0,0,0,0,0,0,0,0,0.076923,0,0,0,0,0,0,0,0,0.076923,0,0,0,0,0,0,0,0.076923,0,0,0,0.076923,0,0,0,0.076923,0,0,0,0,0,0,0,0,0,0.076923,0.076923,0,0,0,0,0,0,0,0,0,0,0,0,0,0.076923,0,0
0.033333,0.033333,0.016667,0.016667,0.05,0.033333,0,0.033333,0,0.016667,0.033333,0,0.016667,0,0,0,0.05,0.066667,0.05,0,0.016667,0,0,0,0.05,0.066667,0,0.016667,0,0.016667,0.016667,0.033333,0,0,0,0.016667,0.033333,0,0.05,0,0,0.016667,0,0,0,0,0.016667,0.033333,0,0,0,0.016667,0,0.016667,0.016667,0,0.016667,0.033333,0.016667,0,0,0.033333,0,0.016667
0,0,0.076923,0,0,0,0.076923,0,0,0,0,0,0,0,0,0.076923,0,0,0,0.076923,0.15385,0,0,0,0,0,0.076923,0,0,0,0,0,0.076923,0,0,0,0.15385,0,0.076923,0,0,0,0,0,0,0.076923,0,0,0,0,0,0,0,0,0,0,0,0,0.076923,0,0,0,0,0
0.11111,0,0,0.11111,0,0,0,0,0,0,0,0,0,0,0,0.11111,0,0,0.11111,0,0,0,0,0,0,0,0,0,0.11111,0,0,0,0,0,0,0,0,0,0,0,0,0,0,0,0,0,0.11111,0,0,0,0,0,0,0,0,0,0.11111,0,0,0,0,0.11111,0.11111,0
0.039216,0.039216,0.019608,0,0.019608,0.019608,0.019608,0,0.039216,0,0,0.019608,0,0.058824,0.019608,0,0,0,0,0.039216,0,0,0,0.019608,0.039216,0,0,0,0,0,0.039216,0,0.019608,0.019608,0.019608,0.039216,0,0.058824,0.019608,0,0.078431,0,0.019608,0,0.019608,0,0,0,0,0.019608,0.039216,0.078431,0.019608,0,0,0,0,0,0.078431,0,0,0.019608,0.019608,0
0,0,0,0,0,0.038462,0,0.11538,0.038462,0.038462,0.038462,0,0.038462,0.038462,0.038462,0.038462,0,0.076923,0,0,0,0,0.038462,0,0,0,0,0,0,0,0,0.038462,0,0,0,0,0,0.038462,0,0,0.076923,0.038462,0,0,0,0,0.038462,0,0,0,0,0,0,0.038462,0.038462,0,0.038462,0.038462,0,0,0,0.038462,0,0.038462
0,0.090909,0.045455,0,0.13636,0,0,0,0,0,0.045455,0,0,0,0,0.045455,0,0.090909,0.045455,0,0,0.045455,0,0,0,0,0,0.045455,0,0,0.045455,0,0.045455,0,0,0.045455,0,0,0,0,0,0,0.045455,0,0,0,0.045455,0,0,0,0,0,0,0,0,0,0,0,0.090909,0,0,0.045455,0,0.045455
0,0,0,0,0.025641,0.025641,0.025641,0.025641,0,0,0,0,0,0.025641,0,0.025641,0,0,0,0,0,0,0,0.051282,0.025641,0,0,0,0.025641,0,0,0,0,0,0,0.025641,0,0.025641,0,0.051282,0,0,0,0,0,0,0,0,0.051282,0.025641,0.025641,0.076923,0,0,0.051282,0.051282,0.051282,0,0.025641,0.051282,0.025641,0.051282,0.051282,0.10256
0,0.04,0,0,0.04,0,0.04,0,0,0.12,0,0.04,0.04,0,0,0.04,0,0,0,0,0,0,0.04,0,0,0.08,0,0.04,0,0,0,0.04,0,0,0,0.08,0,0,0,0,0,0,0,0,0,0,0,0,0.04,0,0,0,0,0,0,0.08,0,0.08,0.08,0.04,0,0.04,0,0
0.18182,0,0,0,0.090909,0,0,0,0.090909,0.090909,0,0,0,0,0,0,0.18182,0,0,0,0,0,0,0,0.090909,0,0,0,0,0,0,0,0,0,0,0,0.090909,0,0,0,0,0.090909,0,0,0,0,0,0,0,0,0,0,0,0,0.090909,0,0,0,0,0,0,0,0,0
0.022727,0,0,0,0,0,0,0.045455,0.022727,0,0,0,0,0.022727,0,0,0,0.022727,0,0.022727,0.022727,0,0.045455,0,0.022727,0.045455,0.045455,0.022727,0,0,0,0.022727,0,0.022727,0.022727,0,0.022727,0.045455,0.022727,0.022727,0,0.022727,0,0,0,0.022727,0,0.022727,0.068182,0,0,0,0,0,0.022727,0,0.022727,0.022727,0.022727,0.022727,0.022727,0.045455,0.045455,0.090909
0.1,0,0,0,0.1,0.1,0,0,0,0,0,0,0,0,0,0,0.1,0,0,0,0,0,0,0,0,0,0,0,0.1,0,0,0.1,0,0,0,0,0,0,0,0,0,0,0,0,0,0,0,0.1,0.1,0,0.1,0,0,0,0,0,0,0,0,0,0,0,0,0.1
0.086957,0,0.043478,0,0.043478,0,0.043478,0,0,0,0,0,0.086957,0,0,0,0,0,0.043478,0.043478,0.043478,0,0.086957,0,0,0,0,0.043478,0,0.043478,0.043478,0.043478,0.043478,0,0,0.043478,0,0,0,0,0,0.043478,0,0,0,0,0.043478,0,0,0,0,0,0,0,0.043478,0,0,0,0.086957,0,0,0,0,0
0.038462,0.11538,0.038462,0,0.038462,0,0,0,0,0,0,0.038462,0,0.038462,0.038462,0,0,0,0,0,0.038462,0,0,0,0.038462,0.076923,0,0.15385,0,0,0,0,0,0,0,0,0,0,0.076923,0.038462,0,0.038462,0,0,0,0,0.076923,0,0,0,0,0,0,0,0,0,0.038462,0,0,0,0,0,0.038462,0.038462
0,0,0,0,0,0,0,0.1,0.1,0.1,0,0,0,0,0,0.1,0,0,0,0.1,0,0,0.1,0,0.1,0,0,0,0,0.1,0,0,0,0,0,0,0,0,0,0,0,0.1,0,0,0,0,0,0,0,0,0,0,0.1,0,0,0,0,0,0,0,0,0,0,0
0.1,0.2,0,0,0,0.1,0,0,0,0,0,0,0,0,0.1,0,0.1,0,0,0,0,0,0,0,0,0,0,0,0.1,0,0,0,0.1,0,0,0,0,0,0,0,0.1,0,0,0,0,0,0,0,0,0,0,0.1,0,0,0,0,0,0,0,0,0,0,0,0
0.081081,0.027027,0.027027,0.027027,0.054054,0.054054,0.027027,0.054054,0,0.027027,0.027027,0,0,0,0,0,0.027027,0,0.027027,0.027027,0.054054,0,0.027027,0,0,0.027027,0.027027,0,0,0,0.027027,0,0.027027,0,0,0,0,0,0,0.027027,0.081081,0,0,0.027027,0,0,0.027027,0,0,0.027027,0.027027,0,0,0,0.027027,0,0,0,0,0,0.027027,0,0.027027,0.027027
0.096774,0.032258,0.032258,0,0.096774,0,0,0.032258,0.032258,0.032258,0,0,0.032258,0,0,0,0.032258,0.032258,0,0,0.096774,0,0.032258,0,0,0,0.064516,0,0,0.032258,0,0,0.032258,0,0.032258,0,0,0,0.064516,0,0,0.032258,0,0,0,0,0,0,0,0,0.032258,0.032258,0,0,0.032258,0,0.032258,0,0,0.032258,0,0,0,0
0,0,0.058824,0,0,0,0,0,0.058824,0,0.11765,0,0,0,0,0.058824,0.058824,0,0,0,0,0,0.058824,0,0.058824,0.11765,0,0,0,0,0.058824,0,0,0,0.058824,0.058824,0,0,0,0,0,0,0,0,0.11765,0,0,0,0,0,0,0,0,0,0,0,0,0,0,0,0,0,0.058824,0.058824
0.25,0.0625,0.125,0.0625,0,0.0625,0,0,0,0,0,0,0,0,0.0625,0,0.125,0,0,0,0,0,0,0,0,0,0,0,0,0.0625,0,0,0,0,0,0,0,0,0,0,0,0,0,0,0,0,0,0,0,0,0,0,0,0,0,0,0.0625,0,0,0,0.0625,0.0625,0,0
0.21053,0.10526,0,0.052632,0,0,0,0,0.10526,0,0,0,0.10526,0.052632,0,0.052632,0,0,0,0.052632,0,0,0,0,0,0,0,0,0,0,0,0,0,0,0,0,0,0,0,0,0,0,0,0,0,0,0,0,0.052632,0,0,0,0.052632,0,0,0.052632,0,0,0,0,0,0.052632,0,0.052632
0.03125,0,0,0,0,0,0.03125,0,0,0,0,0.03125,0,0.03125,0.0625,0,0.03125,0.03125,0,0,0.03125,0,0,0,0,0,0,0,0,0.0625,0,0,0.09375,0,0.03125,0,0.03125,0,0,0.03125,0,0,0,0,0.03125,0.03125,0.125,0,0,0,0,0.03125,0,0.03125,0,0.03125,0,0.03125,0,0.0625,0,0.03125,0,0.0625
0.022222,0,0.044444,0.044444,0,0,0,0.022222,0,0,0,0,0,0,0.066667,0.044444,0,0,0.022222,0,0.022222,0,0,0.022222,0,0,0,0,0.022222,0,0,0.044444,0.044444,0,0,0,0.022222,0,0,0.022222,0,0.022222,0.022222,0,0,0,0.088889,0.022222,0.022222,0,0,0.022222,0.044444,0.044444,0.022222,0,0.022222,0.022222,0,0.066667,0.044444,0.044444,0.022222,0
0.023256,0.011628,0.023256,0.034884,0.046512,0,0,0,0.023256,0.05814,0.034884,0.011628,0.081395,0.023256,0.011628,0.011628,0.046512,0.011628,0.046512,0.011628,0.034884,0.011628,0.011628,0,0.023256,0,0,0,0.011628,0.023256,0.011628,0,0.034884,0,0.011628,0,0.023256,0.023256,0,0.011628,0.023256,0,0.023256,0,0.023256,0.011628,0,0.011628,0.034884,0.011628,0.011628,0.011628,0,0.034884,0,0,0,0.023256,0,0,0,0.011628,0.011628,0.011628
0,0.052632,0,0,0.052632,0,0,0,0,0,0,0,0,0,0,0,0.052632,0,0,0,0,0,0.052632,0.052632,0,0,0.052632,0,0.052632,0,0,0,0,0.052632,0,0,0.10526,0.052632,0,0,0,0,0,0.052632,0,0.052632,0,0,0.052632,0.052632,0,0,0,0.052632,0,0.052632,0.052632,0,0,0,0,0,0,0.052632
0,0,0.071429,0,0,0,0.071429,0,0,0,0,0,0.071429,0,0,0,0,0,0.14286,0,0.071429,0,0,0,0,0,0,0,0,0,0.14286,0,0,0,0,0,0.071429,0,0,0,0,0,0,0,0.071429,0,0,0,0,0,0,0,0,0,0,0,0,0,0,0.071429,0,0.14286,0,0.071429
0,0,0,0,0,0,0,0,0,0,0,0,0,0,0.083333,0,0,0,0,0,0,0,0,0,0,0,0,0,0,0,0,0.083333,0,0,0,0.083333,0,0,0,0,0,0,0,0,0,0,0,0,0,0.16667,0,0,0,0.083333,0,0,0.083333,0.16667,0,0,0,0.083333,0,0.16667
0.066667,0,0,0,0.066667,0,0,0,0,0,0,0.066667,0.066667,0,0,0,0,0,0,0,0,0,0,0,0,0.066667,0,0,0.066667,0,0.066667,0,0,0,0,0,0,0,0,0,0,0.066667,0,0,0.066667,0,0.066667,0,0,0,0.066667,0,0,0,0,0.066667,0,0,0.13333,0,0,0.066667,0,0
0,0,0,0.04,0,0,0.04,0.04,0,0,0.04,0,0.04,0,0,0,0,0,0,0,0,0,0,0,0.08,0,0.08,0,0,0,0.04,0,0,0,0,0,0,0,0.04,0,0,0,0,0.04,0.04,0,0.04,0.08,0,0,0,0,0,0.04,0,0.04,0,0.04,0.04,0.12,0,0.04,0.04,0
0,0.1,0,0.1,0,0,0,0.1,0,0,0,0,0,0,0,0,0,0,0,0,0,0.1,0,0,0,0,0,0,0,0,0,0.1,0,0,0,0,0,0,0,0.1,0,0,0.1,0,0.1,0,0,0,0,0,0,0,0,0,0,0,0,0.1,0,0.1,0,0,0,0
0,0,0,0,0,0,0,0,0.16667,0,0,0,0.083333,0,0.083333,0,0,0,0,0,0,0,0,0,0,0,0,0,0,0,0,0,0,0,0,0.083333,0,0,0,0,0.083333,0,0,0,0.16667,0,0.16667,0,0,0,0,0,0,0,0,0,0,0,0,0,0,0.16667,0,0
0,0.032258,0,0,0,0,0.032258,0,0,0.032258,0,0,0,0,0.096774,0.032258,0,0,0,0,0,0,0,0.064516,0.064516,0,0,0.032258,0,0,0.032258,0,0.032258,0,0,0.032258,0,0.032258,0,0,0,0,0,0,0.032258,0,0.096774,0,0.032258,0,0.032258,0,0.032258,0,0.032258,0,0,0,0.032258,0.096774,0.032258,0,0.032258,0.032258
0.020408,0,0,0,0,0,0,0,0,0,0,0.020408,0,0,0.020408,0.020408,0,0,0.020408,0,0.020408,0,0,0.020408,0,0,0.020408,0.020408,0.040816,0,0,0.020408,0.020408,0.020408,0,0,0.020408,0,0,0,0,0.020408,0,0,0,0.020408,0.10204,0.020408,0.040816,0,0.020408,0,0,0,0,0.020408,0,0.061224,0,0.12245,0.061224,0.040816,0.081633,0.081633
0,0.090909,0,0,0,0,0,0,0.090909,0,0,0,0,0,0,0,0,0,0,0,0,0,0,0,0.090909,0,0,0,0,0,0.090909,0.090909,0.090909,0,0,0,0.090909,0,0,0,0.090909,0,0,0,0,0,0,0,0.18182,0,0,0.090909,0,0,0,0,0,0,0,0,0,0,0,0
0.05,0,0,0,0.1,0,0,0,0,0,0,0,0,0,0,0.05,0,0.05,0,0.05,0,0,0,0,0,0,0.05,0.05,0,0,0,0,0.05,0.05,0,0,0,0.05,0,0,0.05,0,0,0,0,0,0,0,0,0,0,0,0.05,0.1,0,0,0,0,0,0,0.1,0.1,0,0.05
0.050847,0,0.016949,0.033898,0,0,0.016949,0.016949,0,0,0,0,0.033898,0,0,0.033898,0.016949,0,0.016949,0.016949,0.016949,0,0.033898,0,0.067797,0.016949,0,0.016949,0,0.016949,0.016949,0,0,0,0,0.016949,0.050847,0,0.016949,0,0.016949,0.033898,0,0,0.016949,0,0.033898,0,0,0,0,0.033898,0.016949,0.033898,0.033898,0.016949,0,0,0.033898,0.050847,0.033898,0.016949,0.016949,0.084746
0.045455,0.045455,0,0,0.045455,0,0,0,0.045455,0,0,0,0.090909,0,0.045455,0,0.090909,0.045455,0,0,0,0,0,0,0.045455,0,0,0,0.045455,0,0.045455,0,0.090909,0,0,0,0,0,0,0,0.045455,0,0,0,0,0,0,0,0.045455,0.045455,0,0.045455,0,0.045455,0,0,0,0.045455,0,0,0,0,0.045455,0
0,0,0.083333,0.083333,0,0,0,0,0,0,0,0,0,0,0,0,0,0,0,0,0,0,0,0,0,0,0,0,0.16667,0,0,0,0.083333,0,0,0,0.083333,0,0,0,0,0,0,0,0,0,0,0,0.083333,0.083333,0.083333,0.083333,0,0,0,0,0,0.083333,0,0,0.083333,0,0,0
0,0,0,0,0,0,0,0,0,0,0,0,0.10526,0.10526,0,0,0,0.052632,0.052632,0.10526,0.15789,0,0,0,0,0.052632,0,0,0,0.052632,0,0.052632,0,0,0,0,0,0.052632,0,0,0,0,0,0,0,0.052632,0,0,0,0,0.052632,0.052632,0,0.052632,0,0,0,0,0,0,0,0,0,0
0.03125,0.03125,0,0.03125,0,0.03125,0.03125,0.03125,0,0,0,0,0,0,0.0625,0,0.0625,0,0,0,0,0.03125,0,0,0,0,0,0,0,0,0,0,0.03125,0,0,0,0.09375,0.03125,0,0.03125,0,0,0,0,0.09375,0,0,0.03125,0,0,0,0.03125,0,0.03125,0.0625,0.03125,0.03125,0.03125,0,0.0625,0,0.0625,0,0
0,0,0,0,0.033333,0.033333,0,0,0,0.033333,0,0,0,0.033333,0,0,0.033333,0.033333,0.066667,0,0,0,0,0,0.033333,0.033333,0,0,0.13333,0.033333,0.033333,0.033333,0,0.066667,0,0,0.033333,0.066667,0,0,0,0.033333,0,0,0,0,0,0,0,0,0.033333,0.066667,0,0,0,0,0.033333,0.066667,0,0,0,0.033333,0,0
0,0,0.05,0,0.1,0,0,0,0,0,0,0.05,0,0,0.05,0.05,0,0,0,0,0,0,0,0.05,0,0,0,0,0,0.05,0,0,0,0,0,0,0.1,0,0.05,0,0.05,0,0,0,0,0,0,0.05,0,0,0,0,0.05,0,0.1,0,0,0,0,0.05,0,0,0,0.15
0,0.034483,0.034483,0.034483,0,0,0,0,0.034483,0,0,0,0,0,0,0,0,0,0,0,0,0,0.068966,0,0,0,0.034483,0.034483,0.034483,0.034483,0.068966,0,0,0,0.034483,0,0,0.034483,0,0,0,0,0,0,0.034483,0,0.068966,0.13793,0,0,0,0,0.034483,0,0,0.034483,0.034483,0,0.034483,0.034483,0,0.034483,0,0.068966
0,0,0,0.058824,0,0,0,0,0,0,0,0,0,0,0,0.058824,0,0,0,0,0,0,0.11765,0,0.058824,0.11765,0,0,0,0,0,0,0,0,0,0,0,0,0,0,0,0,0,0,0,0,0,0.058824,0.058824,0,0,0,0.11765,0,0.058824,0,0,0.058824,0,0,0.058824,0,0.11765,0.058824
0.15385,0,0,0.076923,0,0,0,0,0,0,0,0,0.15385,0,0.076923,0,0,0,0.076923,0,0,0,0,0,0,0,0,0,0,0,0,0,0,0,0,0,0,0,0,0,0,0,0,0,0,0,0,0,0.15385,0,0,0,0,0,0,0,0,0.076923,0.076923,0,0,0,0.076923,0.076923
0.071429,0,0,0,0.071429,0,0.071429,0,0.071429,0,0,0,0.071429,0,0,0.071429,0,0.071429,0,0.071429,0,0,0,0.071429,0,0.071429,0,0,0,0,0,0,0,0,0,0,0.071429,0,0,0,0,0,0,0,0,0,0,0,0.071429,0,0,0,0.071429,0,0,0,0,0.071429,0,0,0,0,0,0
0,0,0.2,0.12,0,0,0,0,0.04,0,0,0,0.04,0,0,0,0,0.04,0.04,0,0,0,0,0,0.04,0,0,0,0,0,0.04,0,0,0.08,0,0,0.08,0,0,0,0,0,0,0,0,0,0,0,0,0,0,0.04,0,0,0,0,0,0,0,0.04,0.08,0.04,0.08,0
0,0.055556,0.055556,0,0,0,0.055556,0,0.055556,0,0.055556,0,0,0,0,0.055556,0,0,0,0,0,0,0,0,0,0,0.11111,0.055556,0,0,0,0,0,0,0,0,0.11111,0.055556,0,0,0,0,0,0,0.11111,0.055556,0,0,0,0,0,0,0.055556,0,0.055556,0,0,0.055556,0,0,0,0,0,0
0.038462,0,0.038462,0.076923,0.076923,0,0,0,0.038462,0,0.038462,0.038462,0.038462,0,0,0,0.038462,0,0,0,0,0,0,0,0,0,0,0,0.038462,0.038462,0,0,0,0.038462,0,0.038462,0,0.038462,0,0.038462,0,0,0,0,0,0,0,0,0.076923,0,0,0,0.11538,0.038462,0,0,0,0.076923,0,0.038462,0,0,0,0
0,0.071429,0,0,0,0,0,0,0,0.071429,0,0,0,0,0,0,0.071429,0,0.071429,0,0,0,0,0,0,0.071429,0,0,0,0,0,0,0.071429,0,0,0,0,0,0,0,0,0,0.071429,0,0.071429,0,0,0,0.14286,0,0.071429,0,0.071429,0,0,0,0.071429,0,0,0.071429,0,0,0,0
0.090909,0,0,0.090909,0,0,0,0,0,0,0,0.090909,0,0,0,0,0,0,0,0,0.18182,0,0.090909,0,0,0,0,0,0,0,0,0,0,0,0,0,0,0,0,0,0,0,0.090909,0,0,0.090909,0,0,0,0,0,0,0,0,0.090909,0,0,0,0.090909,0,0.090909,0,0,0
0,0,0,0,0,0.029412,0.029412,0.029412,0.029412,0,0,0.029412,0,0.058824,0.058824,0,0.029412,0,0.029412,0.029412,0,0,0.058824,0.029412,0,0.029412,0,0,0,0.029412,0,0,0,0.029412,0,0,0,0,0,0,0,0.029412,0,0,0,0,0.029412,0,0.029412,0,0,0,0.029412,0.029412,0.029412,0,0.058824,0.058824,0.088235,0.058824,0.029412,0,0,0
0.16,0,0.12,0,0,0,0,0,0.12,0.04,0.04,0.08,0,0,0,0,0,0,0,0,0,0,0,0,0.04,0.04,0,0,0,0,0,0,0,0,0.04,0,0,0.04,0.12,0,0,0,0,0,0,0,0,0,0.04,0,0,0,0,0,0,0,0.04,0.08,0,0,0,0,0,0
0,0,0,0,0,0,0,0.076923,0,0,0,0,0,0,0,0,0,0.076923,0.15385,0.076923,0.15385,0,0,0,0,0,0,0,0,0.076923,0,0,0,0,0,0.076923,0,0.076923,0,0,0,0.076923,0,0,0,0,0,0,0,0,0,0,0.076923,0,0,0,0,0,0,0,0,0,0,0.076923
0.044776,0,0.014925,0.074627,0.074627,0.014925,0.014925,0.014925,0.014925,0.014925,0.014925,0,0,0.014925,0.059701,0,0.029851,0.044776,0.014925,0.029851,0.014925,0,0.014925,0,0,0,0,0,0.029851,0,0.014925,0.014925,0.044776,0,0,0.014925,0,0.014925,0,0,0,0,0,0,0.029851,0,0.014925,0,0,0.029851,0.029851,0.014925,0.029851,0,0.014925,0,0.029851,0.029851,0.014925,0.014925,0.014925,0.014925,0.029851,0.029851
0.020408,0.020408,0.020408,0.020408,0,0,0,0.020408,0.020408,0.040816,0,0,0.020408,0,0,0.020408,0,0,0,0,0.020408,0,0.020408,0.020408,0.020408,0,0,0,0,0,0.081633,0.020408,0,0,0.020408,0,0.020408,0,0.020408,0.020408,0.020408,0.020408,0.040816,0.020408,0,0,0.040816,0.061224,0,0,0.020408,0,0,0,0.020408,0,0.081633,0.020408,0.020408,0.061224,0.020408,0,0.020408,0.061224
0.034483,0,0,0.068966,0,0,0,0.034483,0.034483,0,0,0,0,0.068966,0.034483,0,0,0,0.034483,0,0,0,0,0,0,0,0,0,0,0.034483,0,0,0,0,0,0,0,0.068966,0,0,0.034483,0,0,0,0,0.034483,0,0,0,0,0.068966,0,0,0,0.068966,0.10345,0,0,0.034483,0,0,0.13793,0.034483,0.068966
0,0,0,0,0,0,0,0,0,0,0,0.05,0,0,0,0.05,0,0,0,0,0,0,0,0,0.05,0.05,0.1,0,0,0,0,0.05,0,0,0,0.05,0,0,0.05,0,0,0,0.05,0,0,0,0,0.05,0.05,0,0,0,0.1,0,0,0,0,0.05,0,0.15,0,0,0,0.1
0,0,0.1,0,0,0,0,0,0,0.1,0,0,0,0.1,0.1,0,0,0,0,0,0,0,0,0,0,0,0.1,0,0,0,0,0,0,0,0,0,0.1,0,0.1,0,0,0.1,0.1,0,0,0,0.1,0,0,0,0,0,0,0,0,0,0,0,0,0,0,0,0,0
0.055556,0,0,0,0.055556,0.055556,0,0,0,0.055556,0,0,0,0,0,0,0.055556,0,0,0,0,0,0.055556,0,0,0,0,0.055556,0,0,0,0,0.055556,0.055556,0,0,0.055556,0,0.055556,0,0,0,0,0,0,0,0.055556,0.055556,0,0,0,0.055556,0,0,0,0,0.11111,0.055556,0,0,0.055556,0,0,0
0.11111,0.055556,0,0,0,0,0,0,0.055556,0,0,0.055556,0,0,0.11111,0,0,0.055556,0,0,0,0,0,0,0,0,0.055556,0,0,0,0,0,0.055556,0,0,0,0,0.055556,0.055556,0,0,0,0,0,0,0,0.055556,0,0,0,0,0,0,0,0,0,0.11111,0.055556,0.11111,0,0,0,0,0
0.1,0.1,0,0.1,0,0.1,0,0,0,0,0,0,0,0,0,0,0,0.1,0.1,0,0,0,0,0,0,0,0,0,0,0.1,0,0,0,0,0,0,0,0,0,0,0,0,0.1,0,0,0,0,0,0,0,0.1,0,0,0,0,0,0,0,0.1,0,0,0,0,0
0.125,0,0,0,0,0,0,0,0,0.125,0,0,0.0625,0.125,0,0,0,0,0,0,0.0625,0,0,0,0,0,0,0.0625,0,0,0,0,0,0.0625,0,0,0.0625,0.0625,0,0,0,0,0,0,0,0,0.0625,0,0,0,0,0.0625,0.0625,0,0,0,0,0,0,0,0,0,0.0625,0
0.090909,0,0.090909,0.090909,0.090909,0,0,0,0,0,0,0,0,0,0,0,0,0,0,0,0,0,0,0,0,0,0,0,0,0,0,0,0,0,0,0,0,0,0,0.090909,0,0,0,0,0,0,0.090909,0,0.18182,0,0,0.090909,0.090909,0,0,0,0,0,0,0,0.090909,0,0,0
0.015625,0.03125,0,0.03125,0,0.015625,0,0,0.015625,0.046875,0.03125,0.078125,0,0.015625,0,0.015625,0.015625,0.015625,0.03125,0,0.03125,0.046875,0.03125,0.015625,0.03125,0.0625,0.078125,0,0,0,0,0.015625,0,0,0,0.015625,0.015625,0.046875,0.015625,0.046875,0,0.015625,0,0.015625,0,0,0.015625,0,0,0,0,0,0.015625,0.046875,0.015625,0,0,0.015625,0.015625,0.015625,0,0,0.015625,0
0.066667,0,0,0,0.066667,0,0,0,0,0,0,0.066667,0,0,0,0.066667,0.13333,0,0,0,0,0,0,0,0,0.13333,0,0,0,0,0,0,0.13333,0,0,0,0,0.066667,0,0,0,0,0,0,0,0,0,0,0,0.13333,0,0,0,0,0,0,0,0.066667,0,0,0,0,0.066667,0
0.066667,0.46667,0.066667,0,0,0.066667,0,0,0,0.13333,0,0,0,0.066667,0,0,0,0,0,0,0,0,0,0,0,0,0,0,0,0,0,0,0,0.13333,0,0,0,0,0,0,0,0,0,0,0,0,0,0,0,0,0,0,0,0,0,0,0,0,0,0,0,0,0,0
0.14286,0,0,0,0,0,0,0,0.071429,0,0.071429,0,0,0,0.071429,0,0,0,0,0,0,0,0,0.071429,0.071429,0,0,0,0,0.071429,0,0,0,0,0,0,0,0,0,0,0,0,0,0,0.071429,0,0.071429,0.071429,0,0,0.071429,0.071429,0,0,0,0,0,0,0,0.071429,0,0,0,0
0.044776,0.014925,0.014925,0.059701,0.029851,0.014925,0.014925,0.014925,0.014925,0.014925,0,0,0,0,0,0.059701,0.029851,0,0.014925,0,0.014925,0.044776,0,0,0.014925,0.044776,0.014925,0,0,0,0.014925,0,0.044776,0.014925,0.014925,0,0.014925,0.029851,0.014925,0,0,0.014925,0.014925,0,0,0,0.074627,0.029851,0.029851,0,0,0.029851,0.014925,0,0,0.014925,0.014925,0.044776,0.029851,0,0,0.044776,0.014925,0
0,0.047619,0.095238,0.2381,0,0,0.047619,0,0.047619,0,0,0,0,0,0,0,0,0,0,0,0.047619,0,0,0,0.047619,0,0,0,0.047619,0,0,0,0,0.047619,0,0,0,0.047619,0.095238,0,0,0,0,0,0,0.047619,0,0,0,0,0,0,0,0.047619,0,0,0,0,0.047619,0,0,0.047619,0,0
0,0.058824,0,0.058824,0,0,0,0,0,0,0,0,0,0,0,0,0.058824,0,0,0,0,0,0,0,0.11765,0.058824,0,0,0.058824,0,0,0,0,0,0.058824,0,0.058824,0,0.058824,0,0,0,0,0,0,0,0.058824,0,0.058824,0,0,0,0,0,0.058824,0,0.058824,0,0,0,0.058824,0.058824,0.058824,0
0.26667,0.066667,0,0,0.13333,0,0,0,0,0,0,0,0.066667,0,0,0,0.066667,0,0,0,0,0,0,0,0,0,0,0,0,0,0,0,0,0.066667,0,0,0,0,0,0,0,0,0,0,0.066667,0,0,0,0.066667,0,0,0,0.066667,0,0,0,0,0,0,0,0,0,0.066667,0.066667
0.095238,0,0,0.047619,0,0,0.095238,0,0.047619,0,0,0,0.047619,0,0,0.095238,0,0,0,0,0,0,0,0,0,0,0,0,0,0,0.047619,0,0.047619,0,0,0,0.047619,0,0,0,0,0,0,0,0.047619,0,0,0.047619,0.095238,0.047619,0,0.047619,0,0,0,0,0.047619,0,0,0,0.095238,0,0,0
0,0.090909,0.090909,0,0.090909,0,0,0,0.090909,0,0,0,0,0,0,0,0,0.18182,0.090909,0,0,0,0.090909,0,0,0,0.090909,0,0,0,0,0,0,0,0,0,0,0,0,0,0,0,0,0,0,0,0,0,0,0,0,0,0,0,0,0,0.090909,0,0,0,0.090909,0,0,0
0,0,0.076923,0,0.076923,0,0,0,0.076923,0.076923,0,0,0,0,0,0,0,0,0,0,0,0,0,0,0,0,0,0,0,0,0,0,0,0,0,0,0,0,0,0,0,0,0,0,0.076923,0,0.076923,0,0.076923,0,0.15385,0,0,0,0,0,0,0,0.076923,0,0.23077,0,0,0
0.1087,0.043478,0,0.065217,0.043478,0,0.021739,0,0,0,0,0,0.021739,0.043478,0.021739,0.043478,0.065217,0,0,0.043478,0,0,0.021739,0,0,0,0,0.021739,0,0,0.043478,0,0,0,0,0.021739,0,0,0,0,0,0.021739,0.021739,0,0.086957,0,0.021739,0,0.021739,0,0.043478,0.021739,0,0,0,0,0,0,0,0,0.043478,0.021739,0,0.065217
0,0,0,0,0,0.045455,0.045455,0.045455,0,0,0,0,0.045455,0,0.045455,0.045455,0,0,0,0,0.045455,0,0,0.045455,0,0.045455,0.045455,0,0,0,0,0,0,0.045455,0,0,0,0.045455,0,0,0,0,0,0,0.045455,0,0,0.045455,0.13636,0,0,0.045455,0,0,0,0,0,0,0,0.045455,0.090909,0.045455,0,0
0.33333,0,0.083333,0.083333,0,0,0,0,0,0,0,0,0,0,0,0,0.083333,0,0,0.083333,0,0,0,0,0,0,0,0,0.083333,0,0,0,0.083333,0,0,0,0,0,0,0,0,0,0,0,0,0,0,0,0,0,0,0,0.083333,0,0,0,0,0,0.083333,0,0,0,0,0
0,0,0,0.045455,0,0.022727,0,0.022727,0,0.022727,0,0,0.022727,0.022727,0,0,0.022727,0,0,0,0.022727,0,0.022727,0.045455,0.045455,0.045455,0.022727,0.045455,0,0,0,0.045455,0.022727,0,0,0.022727,0,0,0,0,0.022727,0.022727,0,0.022727,0,0.022727,0.045455,0,0,0,0.068182,0.022727,0,0,0.022727,0.068182,0.045455,0,0,0,0,0.022727,0.068182,0.022727
0,0,0,0,0,0,0,0,0,0.1,0,0,0,0,0,0,0,0,0,0,0,0,0,0,0,0,0,0,0,0.1,0.1,0,0,0,0,0,0,0.2,0,0,0,0,0,0,0,0.2,0,0,0,0,0,0,0,0,0,0,0,0.1,0,0,0,0,0.1,0.1
0.02381,0,0.047619,0.02381,0.02381,0.02381,0.02381,0.02381,0.02381,0.02381,0.02381,0.047619,0,0,0,0.02381,0.02381,0,0.071429,0,0.047619,0.047619,0.02381,0.02381,0,0.047619,0.02381,0,0,0.02381,0.02381,0,0,0,0.071429,0,0,0.02381,0,0.02381,0,0,0,0,0,0,0.02381,0,0,0,0,0,0.047619,0,0,0,0.02381,0,0,0,0.02381,0,0.047619,0.02381
0.071429,0,0,0,0,0,0,0,0,0,0,0,0,0,0.071429,0.14286,0.035714,0,0,0,0,0,0.035714,0,0,0.035714,0,0,0,0,0.035714,0,0,0,0,0.035714,0.071429,0,0,0.035714,0,0,0,0,0,0,0.071429,0,0.035714,0,0,0,0,0.035714,0.035714,0,0.035714,0.035714,0.035714,0,0.071429,0,0.035714,0.035714
0.066667,0,0,0,0,0.022222,0.066667,0,0,0,0,0.022222,0.022222,0.022222,0,0,0,0.022222,0.022222,0.022222,0,0,0,0,0,0,0.022222,0.022222,0.022222,0,0,0,0.022222,0.022222,0.022222,0,0,0,0.088889,0,0,0.022222,0.088889,0,0.022222,0.022222,0.066667,0.022222,0.022222,0,0,0,0,0,0.022222,0.022222,0.022222,0.044444,0,0.066667,0.022222,0,0,0.022222
0,0,0,0,0,0,0,0,0,0,0,0,0.083333,0.083333,0.083333,0,0,0,0,0,0,0.083333,0,0,0,0,0,0,0,0,0,0.083333,0,0,0,0,0.16667,0,0,0,0.083333,0.083333,0,0,0,0,0,0,0,0,0,0.16667,0,0,0.083333,0,0,0,0,0,0,0,0,0
0.055556,0,0,0,0,0,0,0,0,0.055556,0,0.055556,0,0,0.055556,0,0,0.11111,0.055556,0,0,0.055556,0.055556,0,0.055556,0,0,0,0,0,0,0,0,0,0.055556,0,0,0.055556,0,0,0.055556,0,0.055556,0,0,0,0,0,0,0,0,0,0.055556,0,0.055556,0,0,0,0,0.055556,0,0,0,0.055556
0,0,0.10714,0.035714,0.035714,0,0,0,0,0,0,0.035714,0,0,0.035714,0,0.035714,0,0,0,0,0,0,0,0,0,0,0,0,0,0.071429,0.035714,0.071429,0,0,0,0.035714,0,0.035714,0,0.035714,0.071429,0.071429,0,0,0.035714,0.035714,0.071429,0,0,0,0,0,0,0,0,0.071429,0,0.035714,0,0,0,0,0.035714
0,0,0,0,0,0,0,0,0,0,0,0,0,0.066667,0,0.066667,0.13333,0,0,0,0.066667,0,0,0,0,0,0.066667,0.066667,0,0,0.066667,0.066667,0.066667,0,0,0,0,0,0,0.066667,0,0,0,0,0,0,0,0.066667,0.066667,0,0,0,0,0,0,0,0,0,0,0,0.066667,0.066667,0,0
0,0,0,0,0,0.043478,0,0,0,0,0,0,0,0,0.13043,0.043478,0,0,0.043478,0,0,0,0.043478,0,0,0.086957,0,0,0,0,0,0,0,0.043478,0,0.043478,0,0,0.086957,0.043478,0,0,0,0.043478,0,0,0.086957,0.043478,0,0,0,0,0.043478,0,0,0,0,0.13043,0,0,0,0.043478,0,0
0,0,0.034483,0,0,0,0.034483,0,0.034483,0.034483,0,0.034483,0,0.034483,0,0.034483,0,0.034483,0.034483,0,0.034483,0.034483,0,0.068966,0,0,0,0,0,0,0,0,0,0,0,0,0.10345,0.034483,0.034483,0,0.034483,0,0,0,0.034483,0,0.034483,0,0,0,0,0,0,0.068966,0,0,0.034483,0,0,0.068966,0.068966,0.034483,0,0
0.33333,0,0,0,0.083333,0,0,0,0,0,0,0,0,0,0,0,0,0,0,0,0,0,0,0,0,0,0,0,0,0,0.16667,0,0,0,0,0,0,0,0.16667,0,0,0,0,0,0.083333,0.083333,0,0,0.083333,0,0,0,0,0,0,0,0,0,0,0,0,0,0,0
0.058824,0,0.11765,0,0,0,0,0,0.058824,0,0,0,0,0,0,0,0,0,0,0,0.058824,0,0,0,0.058824,0,0,0,0,0,0,0,0.058824,0.058824,0,0.058824,0,0,0.17647,0.058824,0,0,0,0,0,0,0,0,0,0,0.058824,0,0,0,0,0,0.058824,0.11765,0,0,0,0,0,0
0,0,0,0,0,0.045455,0,0,0,0,0,0,0,0.045455,0.090909,0,0,0,0,0,0.045455,0,0,0,0,0,0.045455,0,0,0,0.045455,0,0,0,0,0,0.045455,0,0.045455,0,0,0.045455,0,0.045455,0,0.045455,0.090909,0,0,0,0,0.045455,0,0,0,0,0.090909,0.090909,0,0.13636,0,0,0,0
0.058824,0,0.058824,0,0,0.058824,0,0,0,0,0,0,0.058824,0,0,0,0.17647,0,0,0.058824,0,0,0,0,0,0,0,0.058824,0,0,0.058824,0,0,0,0,0,0,0,0,0,0,0.058824,0,0,0,0,0,0,0,0,0,0,0.058824,0,0,0,0.11765,0.058824,0.058824,0,0.058824,0,0,0
0,0,0,0,0,0,0,0,0,0,0,0,0.071429,0,0,0,0,0,0.071429,0,0,0,0.14286,0,0,0,0,0,0.071429,0,0,0,0,0,0,0,0,0,0,0,0,0,0,0,0.071429,0,0,0,0,0,0,0,0.071429,0.071429,0.071429,0,0.21429,0,0,0,0,0,0,0.14286
0,0,0,0,0.034483,0,0,0,0,0,0,0,0,0.068966,0,0,0,0,0,0.034483,0.034483,0,0,0.034483,0,0,0,0,0.034483,0.034483,0,0.068966,0,0,0,0,0,0.034483,0.068966,0.034483,0,0,0,0,0,0.068966,0.10345,0.034483,0,0,0,0,0,0.034483,0.034483,0,0.068966,0.034483,0.034483,0.068966,0,0.034483,0,0
0.021277,0.021277,0.06383,0,0.06383,0,0,0,0,0.021277,0,0,0.042553,0.021277,0,0.06383,0.06383,0,0.021277,0,0.042553,0,0,0.021277,0,0,0,0,0,0,0,0,0,0,0,0,0.021277,0,0,0.042553,0.042553,0.042553,0,0,0,0,0.021277,0.042553,0.021277,0,0,0.042553,0.042553,0.06383,0.021277,0.021277,0,0,0,0,0,0.021277,0.06383,0.021277
0,0,0,0.090909,0,0.18182,0,0.090909,0,0,0,0,0,0.090909,0,0,0,0,0.18182,0,0,0,0,0,0,0,0,0,0,0,0,0,0.090909,0,0,0,0.090909,0,0,0,0,0,0,0,0,0,0,0,0,0,0,0,0,0,0,0,0.090909,0,0.090909,0,0,0,0,0
0.045455,0,0,0.090909,0,0,0,0,0,0.045455,0,0.045455,0,0.13636,0.045455,0,0,0,0,0,0,0,0,0,0,0,0,0,0.090909,0,0.045455,0,0,0,0,0,0,0,0,0,0,0,0.045455,0,0,0,0,0,0,0.045455,0.045455,0,0.045455,0,0,0,0,0,0.090909,0,0.045455,0.045455,0.045455,0.045455
0.064516,0.032258,0.032258,0,0,0,0.064516,0.032258,0,0,0.032258,0.032258,0,0.032258,0,0.032258,0.096774,0,0.032258,0,0,0,0,0,0,0,0,0.032258,0.096774,0.032258,0.032258,0,0,0,0.032258,0,0.064516,0,0,0,0.032258,0,0,0,0,0,0,0.032258,0.032258,0,0.032258,0,0,0,0,0,0,0.032258,0,0,0,0.032258,0,0.032258
0.03125,0,0.03125,0,0.03125,0.03125,0,0.125,0,0.03125,0,0,0,0,0.0625,0,0.0625,0,0,0,0.03125,0,0,0,0,0,0.03125,0.03125,0.03125,0,0.03125,0,0,0,0,0.03125,0,0.03125,0,0,0.15625,0.03125,0,0,0.03125,0.03125,0.03125,0,0,0,0,0,0,0,0,0,0,0,0.03125,0.03125,0,0.03125,0,0
0.071429,0,0.071429,0,0,0,0,0,0,0,0,0.071429,0,0,0.071429,0,0,0,0.071429,0,0,0,0,0.21429,0,0,0,0,0,0,0,0.071429,0,0,0,0,0,0,0.071429,0,0,0,0.071429,0.071429,0,0,0,0.071429,0,0,0,0,0,0,0,0,0,0,0,0,0,0,0,0.071429
0,0.045455,0,0,0,0.045455,0.045455,0,0,0.090909,0.090909,0,0,0.045455,0,0,0.090909,0,0,0,0,0.045455,0,0,0,0.045455,0,0.045455,0,0,0,0.045455,0,0.045455,0,0,0,0.045455,0,0,0,0,0,0,0,0,0,0.045455,0.045455,0.045455,0,0,0.090909,0,0,0,0,0,0,0,0,0.045455,0,0
0,0.083333,0,0.083333,0,0,0,0,0,0,0,0.083333,0,0,0,0,0,0.083333,0,0.083333,0.083333,0,0,0,0,0,0,0,0.083333,0,0,0,0,0,0,0.083333,0,0.083333,0,0,0,0,0,0,0,0,0,0,0,0,0,0.083333,0,0,0,0,0,0,0,0,0.083333,0,0.083333,0
0.083333,0.033333,0.033333,0,0.05,0,0,0.016667,0.016667,0.033333,0,0,0.016667,0.033333,0,0,0.016667,0,0.016667,0.016667,0.016667,0,0,0,0.016667,0.016667,0.033333,0,0,0,0,0.016667,0,0.016667,0,0,0.1,0.05,0.066667,0,0.016667,0.05,0,0,0,0.033333,0.05,0.016667,0,0,0,0.016667,0,0,0,0.016667,0.016667,0,0.016667,0.033333,0,0.016667,0.016667,0
0,0.030303,0.015152,0,0.030303,0,0.045455,0.015152,0,0.045455,0,0.015152,0.015152,0,0.015152,0.030303,0.015152,0.030303,0.015152,0,0,0,0,0,0.075758,0.015152,0.075758,0,0,0.015152,0,0.030303,0.015152,0.015152,0.030303,0,0.075758,0.015152,0.060606,0,0,0.030303,0.015152,0,0,0.060606,0.030303,0,0.015152,0,0,0.015152,0,0,0,0,0.015152,0,0.015152,0,0,0.030303,0.030303,0
0.063492,0.015873,0.031746,0.015873,0.047619,0,0,0.031746,0.031746,0,0,0.015873,0.015873,0,0.015873,0.015873,0.015873,0,0.031746,0,0,0.015873,0,0,0.015873,0.015873,0,0,0,0.015873,0.015873,0.031746,0.047619,0,0.015873,0.031746,0.047619,0.031746,0.031746,0.015873,0.015873,0.015873,0.015873,0.015873,0.015873,0,0.015873,0,0.031746,0.015873,0,0,0,0.047619,0,0,0,0,0.031746,0.031746,0.015873,0.015873,0,0.031746
0.02,0,0.02,0.02,0.04,0,0.02,0,0.02,0,0,0,0.02,0,0.02,0,0.04,0.02,0,0,0.02,0,0,0,0.02,0,0,0,0.06,0,0,0.02,0.02,0.02,0.12,0.04,0.02,0,0.02,0.02,0.02,0,0,0.02,0,0,0.02,0.02,0.02,0.06,0.04,0,0,0,0.02,0,0,0.02,0,0.02,0.04,0,0.02,0.06
0,0,0,0,0.047619,0,0,0,0,0,0,0,0,0,0,0.047619,0,0.047619,0,0,0,0,0.047619,0,0.047619,0,0,0,0,0.047619,0,0,0,0,0,0,0.047619,0,0.047619,0,0,0,0.047619,0.047619,0.047619,0,0.095238,0.047619,0.047619,0,0,0,0.047619,0.047619,0,0,0,0,0.047619,0.047619,0,0,0.047619,0.047619
0,0,0,0.0625,0,0,0,0,0,0,0,0,0.03125,0.0625,0,0,0.03125,0.03125,0,0,0.0625,0,0,0,0.03125,0,0,0,0,0,0,0.03125,0.03125,0,0,0,0.03125,0.03125,0,0.0625,0.03125,0,0,0,0.03125,0.03125,0.03125,0.03125,0,0,0,0.03125,0.03125,0,0,0.03125,0.03125,0.03125,0,0.03125,0.0625,0.03125,0,0.0625
0.043478,0,0,0,0,0.043478,0,0.043478,0,0,0,0,0,0.043478,0,0,0,0,0,0,0.086957,0.043478,0,0,0,0,0.043478,0.043478,0,0,0,0,0,0.043478,0,0,0,0.043478,0,0.043478,0.043478,0,0,0,0.043478,0.043478,0,0.086957,0,0.043478,0,0,0,0,0,0,0,0.043478,0.043478,0,0,0,0.13043,0
0,0,0,0,0.083333,0,0,0.083333,0,0,0,0,0.083333,0,0.083333,0,0.083333,0,0,0,0,0,0,0,0,0,0.083333,0,0,0,0,0,0,0,0,0,0,0,0,0.083333,0,0,0,0,0,0,0,0.083333,0.083333,0,0.083333,0,0.083333,0,0,0,0,0,0,0,0,0.083333,0,0
0.076923,0,0,0.076923,0,0,0,0,0,0,0,0,0,0,0,0,0.15385,0,0,0,0,0,0,0,0.15385,0,0.076923,0,0,0,0,0,0,0,0,0,0,0.076923,0,0,0,0,0,0,0.076923,0,0.076923,0,0.076923,0.076923,0,0,0,0,0,0,0,0,0,0,0,0,0.076923,0
0,0,0,0,0,0.090909,0,0,0,0,0,0,0,0,0,0,0,0,0,0,0.090909,0,0,0,0,0.090909,0,0,0,0,0,0,0,0.090909,0,0,0.18182,0,0,0,0,0,0,0,0,0,0,0.090909,0,0,0,0,0,0,0,0,0,0,0.090909,0,0.18182,0,0,0.090909
0,0.052632,0,0,0,0,0,0,0,0,0,0,0,0.052632,0,0,0.052632,0,0,0,0,0.10526,0.052632,0,0.10526,0,0,0,0,0,0.052632,0,0,0.052632,0,0,0,0,0,0,0,0,0.052632,0.052632,0,0,0,0,0,0,0,0,0,0.052632,0,0.15789,0,0.052632,0.052632,0,0,0.052632,0,0
0,0,0.1,0.1,0,0,0,0,0,0,0,0,0.1,0,0.1,0,0,0,0.1,0,0.1,0,0,0.1,0,0,0,0,0,0.1,0,0,0,0,0,0,0,0.1,0,0.1,0,0,0,0,0,0,0,0,0,0,0,0,0,0,0,0,0,0,0,0,0,0,0,0
0,0,0,0.020408,0.020408,0,0.020408,0.020408,0.040816,0.040816,0.020408,0.040816,0.020408,0,0,0.020408,0,0.020408,0.020408,0,0,0,0,0,0.040816,0,0.020408,0.040816,0,0,0,0.040816,0,0.020408,0,0.061224,0.020408,0.020408,0.040816,0,0,0.040816,0.020408,0,0,0,0,0.020408,0.020408,0,0,0,0,0,0,0.020408,0,0.061224,0.020408,0.020408,0.061224,0.061224,0.020408,0.020408
0.11538,0,0.019231,0,0.019231,0.019231,0.057692,0,0.019231,0,0,0.038462,0.057692,0,0,0,0,0.019231,0,0,0.038462,0,0,0,0.019231,0,0.019231,0.019231,0,0.019231,0.019231,0,0.019231,0,0.019231,0,0,0.019231,0,0,0.019231,0,0.019231,0,0,0.019231,0,0,0.019231,0.019231,0.038462,0,0,0.019231,0.057692,0,0.019231,0,0,0,0.076923,0.057692,0,0.076923
0,0,0,0,0.058824,0,0,0,0.058824,0,0,0,0,0.058824,0,0.058824,0.058824,0,0,0.058824,0.058824,0,0,0,0,0.058824,0,0,0,0.058824,0,0,0,0,0,0.058824,0,0,0,0,0,0,0,0,0,0,0,0,0.058824,0.058824,0,0,0,0,0,0.058824,0.17647,0,0,0,0,0.058824,0,0
0,0.1,0,0,0,0.1,0,0,0,0,0,0,0,0,0,0,0,0,0,0,0.1,0,0,0,0,0,0.1,0,0,0.1,0,0,0,0,0,0,0,0,0.1,0,0.1,0,0,0,0,0,0,0,0,0,0,0,0,0,0,0,0,0,0,0.1,0,0,0.1,0.1
0,0,0,0.090909,0,0,0,0,0,0,0,0,0,0,0,0,0,0,0,0,0,0,0,0,0,0,0.090909,0,0,0,0,0.090909,0,0,0,0,0,0.090909,0.090909,0,0,0,0.090909,0.090909,0,0,0,0.090909,0.090909,0,0,0,0,0,0,0,0.18182,0,0,0,0,0,0,0
0,0,0,0,0,0,0,0.076923,0,0,0,0,0,0,0,0,0,0,0,0.076923,0.076923,0,0,0,0,0,0,0.076923,0,0,0.076923,0,0,0,0,0.076923,0,0,0,0,0,0,0,0,0,0,0,0,0,0,0,0,0,0,0.076923,0,0,0,0.076923,0,0,0.076923,0.30769,0
0,0.071429,0,0.071429,0,0,0,0,0,0,0.071429,0,0,0,0.071429,0,0,0,0,0,0,0,0,0,0,0,0,0,0,0,0,0.071429,0.071429,0,0,0,0,0.071429,0.071429,0,0,0,0,0,0,0,0,0,0,0,0.071429,0,0,0,0,0,0,0.071429,0,0.14286,0,0.071429,0,0.071429
0,0,0,0.076923,0,0,0.076923,0,0,0,0,0,0,0.076923,0,0,0,0,0,0,0,0,0.076923,0,0,0,0,0,0,0.076923,0,0.076923,0,0,0.15385,0,0,0,0,0,0,0,0,0,0,0,0,0.076923,0,0,0,0,0,0,0.15385,0,0,0,0,0.076923,0,0,0,0.076923
0.055556,0.055556,0.11111,0,0.055556,0,0,0,0.055556,0.055556,0,0,0,0,0,0,0.16667,0,0.11111,0,0.055556,0,0,0,0,0,0,0,0,0,0.055556,0.055556,0,0,0,0,0,0.055556,0,0,0,0,0,0,0,0,0.055556,0.055556,0,0,0,0,0,0,0,0,0,0,0,0,0,0,0,0
0,0,0,0,0,0,0.066667,0,0,0,0,0,0.066667,0,0.066667,0,0,0,0,0,0,0,0,0,0,0,0,0.066667,0,0,0.066667,0,0.066667,0,0.066667,0,0,0,0,0,0.066667,0,0,0,0,0,0.066667,0.066667,0,0,0,0,0,0.066667,0,0,0,0,0.13333,0.066667,0,0,0,0.066667
0,0.038462,0,0,0,0,0,0,0.076923,0,0,0.038462,0.038462,0,0,0,0,0.038462,0.038462,0,0.038462,0,0.038462,0,0.038462,0.076923,0,0,0,0,0,0,0,0,0.038462,0,0,0.038462,0,0,0.038462,0,0.076923,0,0,0,0,0.076923,0.038462,0,0,0,0,0,0,0,0,0,0.038462,0.038462,0,0.076923,0.038462,0.038462
0,0.041667,0,0.041667,0.083333,0,0,0,0,0.083333,0.041667,0,0,0,0,0,0.041667,0.041667,0,0,0.041667,0.125,0,0,0.041667,0,0.083333,0,0,0,0.041667,0,0,0,0,0,0.041667,0,0.041667,0,0,0,0.041667,0,0,0,0,0,0.041667,0,0,0.041667,0,0,0,0,0,0,0,0,0.041667,0,0.041667,0
0.21739,0.086957,0.043478,0,0,0,0,0,0,0,0.043478,0,0.13043,0,0.043478,0,0,0,0,0,0,0,0.043478,0,0,0,0,0,0,0,0,0,0.086957,0,0,0,0.043478,0,0,0,0,0,0.043478,0,0.043478,0,0,0,0,0,0,0.086957,0,0,0,0,0,0,0.086957,0,0,0,0,0
0.055556,0,0,0.11111,0,0.055556,0.055556,0.11111,0,0,0,0,0.055556,0,0.055556,0,0.22222,0,0.055556,0,0,0,0,0,0.055556,0,0,0,0,0,0,0,0,0,0,0,0,0,0,0,0,0,0.055556,0.055556,0,0,0.055556,0,0,0,0,0,0,0,0,0,0,0,0,0,0,0,0,0
0,0,0,0,0.083333,0,0,0,0,0,0,0,0,0,0.16667,0,0,0,0,0,0,0,0,0,0,0,0,0.083333,0.083333,0,0,0,0,0,0,0,0,0,0,0,0,0,0,0,0.16667,0,0,0,0,0,0,0.33333,0,0,0,0,0,0.083333,0,0,0,0,0,0
0.058824,0,0,0,0,0,0,0,0,0,0,0,0.058824,0,0.17647,0,0,0,0,0.058824,0,0,0,0,0,0,0,0,0,0,0.058824,0,0,0,0,0.058824,0.058824,0,0.058824,0,0.058824,0,0,0,0,0,0.058824,0,0.058824,0,0,0.11765,0,0,0,0,0.058824,0.058824,0,0,0,0,0,0
0.051282,0.051282,0.025641,0,0.051282,0,0.025641,0.051282,0,0.025641,0,0.025641,0.051282,0,0.025641,0.025641,0.076923,0,0,0,0,0,0,0,0,0,0,0,0,0,0,0,0,0,0,0,0.025641,0.025641,0,0,0.025641,0,0,0,0,0,0.025641,0,0.12821,0.025641,0,0.025641,0.025641,0,0,0,0.025641,0,0,0.051282,0,0,0.025641,0.10256
0.057143,0,0,0.028571,0,0,0,0,0.028571,0.028571,0,0,0.028571,0.057143,0.057143,0,0.028571,0,0,0.057143,0.028571,0.028571,0,0,0,0,0,0.057143,0,0.028571,0,0.028571,0,0,0,0.028571,0,0.028571,0,0,0,0,0,0,0,0.028571,0.057143,0,0.028571,0,0,0.085714,0,0.028571,0.028571,0,0.028571,0.057143,0,0,0,0,0,0.057143
0.076923,0,0,0.076923,0.076923,0,0,0,0,0,0,0,0,0,0,0,0.076923,0,0,0,0,0,0.076923,0,0,0,0,0,0,0,0,0.076923,0,0.076923,0,0,0,0,0,0,0,0,0.076923,0,0,0,0.15385,0,0,0,0,0,0.076923,0,0,0,0,0.076923,0,0,0,0,0,0.076923
0,0,0,0,0,0,0,0.071429,0.071429,0,0,0,0,0,0,0.14286,0.071429,0,0,0,0,0,0,0,0,0.071429,0.071429,0,0,0,0,0.071429,0,0,0,0,0.071429,0,0,0,0,0,0,0,0,0,0.071429,0.071429,0,0,0,0.071429,0,0,0,0,0,0,0.071429,0,0.071429,0,0,0
0.032258,0,0,0,0,0,0,0,0.064516,0.032258,0.032258,0.032258,0,0.064516,0,0,0,0,0,0.032258,0.096774,0,0.064516,0.032258,0.032258,0,0,0.064516,0,0.032258,0,0,0,0,0.032258,0,0.096774,0.032258,0.032258,0.032258,0,0,0.032258,0,0,0.064516,0,0,0,0,0,0,0,0,0,0,0,0,0,0,0,0.032258,0,0.032258
0,0.12121,0,0.060606,0,0,0.030303,0,0,0.090909,0.030303,0,0,0.030303,0,0,0.030303,0.060606,0.090909,0,0,0.030303,0.030303,0,0,0.030303,0.030303,0,0,0,0,0,0,0,0.030303,0,0,0.030303,0,0.030303,0.060606,0,0.030303,0,0,0,0,0,0,0.030303,0.030303,0,0.030303,0,0,0,0,0,0.030303,0,0,0.030303,0,0
0.083333,0.083333,0,0,0,0,0,0,0,0.083333,0,0,0,0,0,0,0,0,0.083333,0,0,0,0,0,0,0.16667,0,0,0,0,0,0,0,0,0,0,0,0,0,0,0,0,0,0,0,0,0.083333,0,0,0,0.083333,0,0,0,0,0,0,0.25,0,0,0.083333,0,0,0
0,0,0.071429,0,0.14286,0,0,0,0,0,0,0,0,0,0,0,0,0.14286,0,0,0,0,0.071429,0,0,0,0,0,0.071429,0,0,0.071429,0,0.071429,0,0,0,0,0,0,0,0,0,0,0,0,0,0,0.071429,0,0,0,0.14286,0,0,0.14286,0,0,0,0,0,0,0,0
0.19444,0.027778,0.055556,0.027778,0,0.055556,0,0.055556,0,0,0,0,0.11111,0.027778,0.055556,0,0.027778,0,0,0,0,0,0,0,0.027778,0,0,0,0,0,0,0,0,0,0,0,0,0,0,0,0,0,0,0,0.055556,0,0,0,0.083333,0.027778,0.027778,0,0.027778,0,0,0,0,0,0,0,0.027778,0.055556,0,0.027778
0.051282,0,0,0.051282,0.025641,0.025641,0,0.025641,0,0,0,0,0.025641,0,0,0,0,0.051282,0.025641,0.025641,0,0,0.025641,0,0.051282,0.025641,0,0.025641,0,0.025641,0,0.025641,0.025641,0,0,0,0.051282,0.025641,0.025641,0.025641,0,0,0.025641,0.025641,0,0.025641,0,0,0.025641,0,0,0,0,0.076923,0,0.025641,0.025641,0.025641,0.025641,0.025641,0.025641,0,0.025641,0
0,0,0,0,0,0,0,0,0,0,0,0,0,0,0,0,0.02439,0.02439,0.02439,0,0,0,0,0.02439,0,0.02439,0,0,0,0,0,0.02439,0,0,0,0,0.04878,0.04878,0,0.02439,0,0.04878,0,0.02439,0,0,0.04878,0.04878,0.02439,0,0.02439,0,0.04878,0,0.04878,0.02439,0,0.02439,0.097561,0.097561,0.073171,0,0.04878,0.04878
0,0,0.1,0.05,0.05,0,0,0,0,0,0,0,0.05,0,0,0,0,0,0,0,0.05,0,0,0.05,0,0,0,0,0,0,0.05,0,0.05,0,0.1,0,0,0,0,0,0,0,0,0,0,0,0,0,0.05,0,0.05,0.05,0.05,0.05,0,0,0,0,0,0,0,0.05,0.1,0.05
0,0.05,0.1,0.1,0.05,0.05,0,0,0,0,0,0,0.05,0,0.05,0,0.05,0,0,0,0,0,0,0,0,0,0.05,0,0,0,0,0,0,0,0,0,0,0,0,0,0,0,0,0,0,0,0,0,0.05,0,0,0,0,0,0.05,0,0,0.05,0,0.1,0,0,0.05,0.15
0.04878,0.02439,0,0,0,0,0,0.02439,0,0.02439,0.04878,0,0.04878,0,0.02439,0.02439,0,0,0,0,0.073171,0,0.04878,0.02439,0,0,0,0,0,0.02439,0.04878,0.097561,0,0,0,0.02439,0.02439,0.02439,0.04878,0,0,0,0,0,0,0.02439,0.02439,0,0,0,0,0.02439,0,0,0,0,0,0.02439,0,0.02439,0.04878,0.04878,0,0.073171
0,0,0,0.071429,0,0.071429,0,0,0,0,0,0.071429,0,0,0.071429,0,0,0,0.071429,0,0,0,0,0,0,0.071429,0,0,0,0,0.071429,0,0,0,0,0,0,0,0,0,0,0,0,0,0,0,0.071429,0.14286,0,0,0.071429,0.071429,0,0,0,0,0,0,0,0,0.071429,0,0.071429,0
0.043478,0.043478,0,0.043478,0,0,0,0,0,0,0,0.043478,0,0.043478,0,0.043478,0,0,0,0,0.043478,0.043478,0,0,0.043478,0.043478,0,0,0.043478,0,0.043478,0,0,0,0,0,0,0,0.043478,0.043478,0.043478,0.086957,0,0,0.043478,0,0,0.043478,0.043478,0.043478,0,0.043478,0,0,0,0,0,0,0,0,0,0.043478,0,0
0,0,0.055556,0,0,0,0,0,0,0,0,0.055556,0,0,0,0,0,0,0,0.11111,0,0,0,0.055556,0,0.055556,0,0,0,0,0.11111,0,0,0,0,0,0,0,0,0,0,0.055556,0,0,0,0,0.055556,0.055556,0,0,0,0,0,0,0.055556,0.055556,0,0,0.055556,0,0.055556,0.055556,0.055556,0.055556
0.058824,0,0.058824,0.058824,0,0,0,0,0,0.058824,0,0.058824,0,0,0,0,0.058824,0,0,0,0,0,0,0,0,0,0,0,0,0,0.17647,0,0,0,0,0,0,0,0,0,0.058824,0.058824,0,0,0,0.058824,0,0.058824,0,0,0,0.058824,0,0,0,0,0.058824,0,0,0,0,0,0.11765,0
0,0.027027,0.081081,0.027027,0.027027,0,0,0,0.027027,0.027027,0,0.027027,0,0.027027,0,0.054054,0,0,0,0.027027,0,0,0,0,0,0.027027,0.027027,0,0.027027,0,0,0,0,0,0.027027,0,0.054054,0,0.027027,0,0,0.027027,0,0.027027,0,0.054054,0,0.054054,0,0,0,0.027027,0.027027,0.027027,0.054054,0.027027,0,0.027027,0.027027,0,0,0.027027,0.027027,0.027027
0,0,0,0.071429,0.071429,0,0,0,0,0.071429,0,0,0,0,0,0,0,0.071429,0.071429,0,0,0,0.071429,0,0.071429,0,0,0,0,0,0.071429,0.071429,0,0,0,0,0,0,0,0.071429,0,0,0,0,0,0,0,0.071429,0,0,0,0,0,0,0,0,0.071429,0.071429,0,0,0,0.071429,0,0
0.071429,0,0,0,0,0,0,0,0,0,0,0,0,0,0,0,0,0,0,0.14286,0,0,0,0,0,0,0,0,0,0,0,0,0,0.071429,0,0,0,0.071429,0,0,0.071429,0,0,0,0,0.071429,0,0,0.071429,0,0,0,0.071429,0,0.14286,0,0,0.071429,0,0,0,0.071429,0.071429,0
0.033333,0.033333,0.13333,0,0,0,0,0,0.033333,0.033333,0,0.033333,0.033333,0.033333,0,0,0,0,0,0,0.066667,0.033333,0.066667,0,0,0.033333,0,0.033333,0,0,0,0,0,0,0,0,0.033333,0,0,0,0,0,0,0.033333,0.1,0,0.033333,0,0,0.066667,0,0,0,0,0,0.033333,0,0,0,0.033333,0,0.033333,0.033333,0
0.076923,0,0,0.076923,0,0,0.076923,0,0,0,0,0,0,0,0,0.076923,0,0,0,0,0,0,0,0,0,0,0.076923,0,0,0,0.076923,0,0.076923,0,0.076923,0,0,0.076923,0,0,0,0,0,0,0,0,0,0,0.076923,0,0,0,0,0,0.076923,0,0.076923,0,0,0.076923,0,0,0,0
0,0,0,0,0,0,0,0,0.043478,0,0,0.043478,0.043478,0,0.043478,0.043478,0,0,0,0,0.043478,0,0,0,0,0,0,0.043478,0,0,0,0,0,0,0,0,0,0,0.043478,0,0.086957,0,0,0,0,0,0.086957,0.086957,0.086957,0.043478,0.043478,0,0,0,0,0,0,0.086957,0.043478,0,0,0,0.086957,0
0,0,0.05,0.1,0,0,0,0,0,0,0,0.05,0,0,0,0,0.05,0,0.05,0,0,0,0.05,0,0,0,0,0,0,0,0.05,0.05,0.05,0,0.05,0,0,0,0.1,0.05,0,0,0,0,0,0,0,0,0,0.05,0,0,0,0,0,0,0.05,0,0,0,0.05,0,0.05,0.1
0,0,0,0.052632,0.052632,0,0,0.052632,0.10526,0,0,0,0,0,0.052632,0,0,0,0,0,0,0,0,0,0,0,0,0,0,0,0,0.052632,0.052632,0,0,0,0,0.052632,0,0.052632,0,0,0,0,0,0,0,0.052632,0,0,0,0,0.052632,0,0,0,0.10526,0.052632,0,0,0.052632,0,0,0.15789
0.055556,0.083333,0.083333,0,0,0.027778,0,0,0.11111,0.027778,0,0,0.027778,0,0,0.055556,0.027778,0,0,0,0,0,0.027778,0,0,0,0,0,0,0,0,0,0.027778,0,0,0.027778,0.027778,0,0,0,0,0,0,0,0,0.027778,0.027778,0,0.027778,0.027778,0,0.027778,0,0.083333,0,0,0.055556,0.027778,0,0,0.027778,0.027778,0,0.027778
0,0,0,0,0.10526,0,0.052632,0,0,0,0,0,0.052632,0,0,0,0,0.052632,0.052632,0.052632,0,0,0,0,0,0.052632,0,0.052632,0,0.052632,0.052632,0.052632,0.052632,0,0,0,0,0,0.052632,0,0,0.10526,0,0.052632,0,0,0,0,0,0.052632,0,0.052632,0,0,0,0,0,0,0,0,0,0,0,0
0.045455,0.090909,0.090909,0,0.045455,0.045455,0.045455,0,0.045455,0,0,0,0,0.045455,0,0,0.045455,0,0.045455,0,0.045455,0,0,0,0,0,0.045455,0,0,0,0,0,0.045455,0,0,0,0,0,0,0,0,0,0,0,0,0,0,0.045455,0.045455,0,0,0,0,0,0.090909,0,0.090909,0,0.045455,0,0,0,0,0
0,0,0,0.066667,0.066667,0,0.066667,0,0,0,0,0,0,0.066667,0,0.066667,0,0,0,0.066667,0,0,0,0.066667,0,0.066667,0,0,0.066667,0,0,0,0.066667,0,0,0,0,0,0,0,0,0,0,0,0,0,0.066667,0,0,0,0,0,0.066667,0.066667,0,0,0.066667,0,0,0.066667,0,0,0,0
0,0,0,0,0.047619,0,0,0,0,0,0,0.047619,0.047619,0,0,0.047619,0,0,0,0.047619,0,0,0,0,0.047619,0,0,0,0.047619,0,0,0,0,0,0,0,0,0,0,0.095238,0,0,0,0,0.047619,0,0.095238,0,0.095238,0,0,0.047619,0,0,0,0,0,0,0,0,0,0.047619,0.047619,0.19048
0.083333,0.083333,0,0,0,0,0,0,0,0,0,0,0,0.16667,0,0,0,0,0.083333,0,0,0.083333,0,0,0.083333,0,0,0,0,0,0,0,0,0.083333,0.083333,0,0,0.16667,0,0,0,0,0,0,0,0,0,0,0,0,0,0,0.083333,0,0,0,0,0,0,0,0,0,0,0
0.060606,0.030303,0,0.030303,0.030303,0.030303,0.030303,0,0.030303,0.15152,0.030303,0,0,0,0,0,0.030303,0,0,0,0,0,0,0,0.030303,0,0,0.030303,0,0,0,0,0,0.030303,0.030303,0,0.030303,0.060606,0,0.030303,0,0.030303,0,0,0,0,0,0,0,0.030303,0,0,0,0.030303,0.060606,0.030303,0.030303,0.030303,0,0.030303,0.030303,0,0,0
0,0,0,0.076923,0,0,0,0,0,0.076923,0.076923,0,0,0,0,0,0,0,0,0,0.076923,0.076923,0.076923,0,0,0,0.076923,0,0,0,0,0,0,0,0,0,0.15385,0,0,0.076923,0,0,0.076923,0,0,0,0,0,0.076923,0,0,0,0,0,0,0,0,0.076923,0,0,0,0,0,0
0.085106,0,0.021277,0.021277,0.06383,0,0,0,0.021277,0,0,0,0.021277,0.042553,0.06383,0.021277,0,0,0,0,0.06383,0,0.021277,0,0,0,0.042553,0,0.021277,0,0,0,0.021277,0,0,0.021277,0.021277,0.042553,0,0,0,0.021277,0,0,0,0,0.10638,0,0.042553,0.021277,0,0.021277,0.021277,0,0,0,0,0.021277,0,0.06383,0,0.021277,0.042553,0
0.098592,0.028169,0,0.028169,0.042254,0.014085,0,0,0.028169,0.014085,0,0.028169,0.014085,0.028169,0,0.014085,0.056338,0.042254,0,0.014085,0,0,0,0,0.014085,0.014085,0.014085,0.042254,0,0.028169,0,0,0.028169,0,0,0,0.056338,0,0.028169,0,0,0.014085,0,0,0.028169,0.014085,0.042254,0.014085,0.042254,0.014085,0,0.014085,0,0.028169,0.014085,0,0.014085,0.028169,0,0.028169,0,0.014085,0.014085,0
0.058824,0,0,0,0,0.058824,0,0,0,0.058824,0,0,0,0,0.058824,0.058824,0.058824,0,0,0.058824,0,0,0,0,0,0,0,0,0,0,0.058824,0,0.058824,0.058824,0,0.058824,0.058824,0,0,0,0.058824,0,0.058824,0.058824,0,0,0,0,0,0.058824,0,0,0,0,0,0,0,0,0,0,0,0,0,0.058824
0.030303,0.060606,0,0,0,0,0,0.030303,0,0,0.060606,0,0.030303,0,0.030303,0.060606,0,0,0,0.030303,0,0,0,0,0,0,0.030303,0,0,0,0,0.030303,0,0,0,0.030303,0.12121,0.030303,0,0,0.030303,0.030303,0.030303,0,0.030303,0.030303,0,0,0.030303,0,0,0,0.030303,0,0,0.030303,0.030303,0.030303,0,0,0,0.030303,0.030303,0.060606
0,0,0,0.11111,0,0,0,0,0,0,0,0,0.11111,0,0,0,0,0,0,0.11111,0,0.11111,0,0,0,0,0,0,0,0,0.11111,0,0,0,0,0,0,0.11111,0,0,0,0,0,0,0,0,0,0.11111,0,0.11111,0,0,0,0,0,0,0,0,0,0.11111,0,0,0,0
0.04,0,0.04,0,0,0,0,0,0,0.04,0,0,0.04,0.04,0,0.04,0.04,0.08,0,0.08,0,0,0,0,0,0,0,0.04,0,0,0.08,0.04,0,0,0,0,0,0,0,0.04,0,0,0,0,0.08,0,0,0,0,0,0.04,0.04,0,0,0,0,0.04,0.04,0.04,0,0,0,0.04,0.04
0.026316,0,0.052632,0,0.026316,0.026316,0,0.026316,0,0.026316,0.026316,0,0.026316,0,0.052632,0,0.13158,0.026316,0,0,0,0,0,0,0.026316,0,0,0,0.026316,0,0.026316,0,0.052632,0.026316,0,0,0,0.026316,0.026316,0.026316,0,0,0,0,0,0,0.026316,0.026316,0.026316,0,0,0,0.052632,0,0.026316,0.026316,0,0.026316,0,0.052632,0,0,0,0.052632
0,0.033333,0,0.033333,0,0,0.066667,0,0,0,0,0,0.033333,0.033333,0,0.066667,0.066667,0,0,0,0,0,0,0,0.033333,0.033333,0,0,0,0.033333,0,0,0.033333,0,0,0,0.033333,0.033333,0,0,0,0,0.033333,0.033333,0,0,0,0,0,0.033333,0.033333,0.033333,0,0,0,0,0,0,0,0.033333,0.1,0.033333,0.066667,0.066667
0.022727,0,0,0.022727,0.022727,0,0,0,0,0.022727,0,0,0.090909,0,0,0,0.090909,0.045455,0.022727,0.045455,0.022727,0.022727,0.022727,0,0,0.022727,0,0,0.022727,0,0,0,0.022727,0,0,0,0.022727,0,0,0,0,0.045455,0.045455,0.022727,0.022727,0.022727,0,0,0,0.022727,0,0.022727,0.022727,0,0,0.022727,0.022727,0,0.045455,0,0.045455,0.045455,0.022727,0.022727
0,0.076923,0,0,0.15385,0,0,0.15385,0,0,0,0.076923,0.076923,0,0,0.076923,0.076923,0,0,0,0,0,0,0.076923,0,0,0,0,0,0,0,0,0,0,0,0,0,0,0,0,0,0,0,0,0,0,0,0,0,0,0,0,0,0,0,0,0,0,0,0,0.076923,0,0.076923,0.076923
0,0,0.013889,0.027778,0.027778,0.013889,0,0.013889,0,0,0,0,0,0.027778,0.013889,0,0,0,0.013889,0.027778,0.013889,0.027778,0.013889,0,0,0,0,0.027778,0.055556,0.125,0.013889,0.027778,0,0.013889,0,0,0.013889,0.013889,0,0,0.013889,0,0,0.013889,0,0,0.069444,0,0.013889,0.013889,0,0.055556,0.013889,0.013889,0.027778,0.055556,0,0.027778,0,0.069444,0,0.027778,0.027778,0.027778
0.047619,0,0,0,0,0,0,0,0.047619,0,0,0,0.047619,0,0,0.047619,0.047619,0,0,0,0,0,0,0,0,0.047619,0.047619,0,0,0,0,0.047619,0,0,0.047619,0,0,0,0,0,0.047619,0,0,0,0,0,0.095238,0.047619,0.047619,0.047619,0,0,0,0,0,0,0,0,0,0,0.047619,0,0.095238,0.14286
0.015152,0.075758,0,0.045455,0,0.075758,0,0,0.030303,0.060606,0.015152,0.015152,0,0.030303,0,0,0.015152,0.030303,0,0,0.015152,0.015152,0.045455,0.030303,0,0.015152,0,0,0.015152,0.015152,0.015152,0,0.030303,0,0,0,0,0.045455,0,0.015152,0.030303,0.075758,0,0,0,0,0,0.015152,0,0,0,0.015152,0.015152,0.030303,0.030303,0.015152,0.015152,0,0.030303,0,0,0.015152,0.045455,0
0.11864,0,0.033898,0.016949,0.016949,0,0,0.016949,0,0.050847,0,0,0.016949,0.033898,0.016949,0.016949,0.050847,0,0,0,0.016949,0.016949,0,0,0.033898,0.016949,0,0.016949,0,0.016949,0,0.016949,0,0,0.016949,0.016949,0.033898,0.016949,0.033898,0.016949,0.016949,0,0.033898,0,0,0.016949,0.016949,0.033898,0,0,0,0,0.033898,0,0,0,0,0.033898,0.033898,0,0.050847,0,0.050847,0.016949
0,0,0.0625,0,0.0625,0,0,0.0625,0,0.0625,0.0625,0,0,0.0625,0,0,0,0.125,0.0625,0,0,0,0.0625,0,0,0.0625,0,0,0,0.0625,0,0,0,0,0,0,0.0625,0,0,0.0625,0,0,0,0,0,0,0,0,0,0,0.0625,0,0,0,0,0,0,0.0625,0,0,0,0,0,0
0.028571,0,0.028571,0,0.057143,0,0.028571,0,0,0,0.057143,0,0,0.028571,0,0,0.028571,0,0,0,0.028571,0,0.028571,0,0.057143,0,0,0,0.028571,0,0,0.057143,0,0.028571,0,0.028571,0.057143,0.028571,0.057143,0,0,0,0,0,0,0,0.057143,0,0,0.057143,0.028571,0.028571,0.028571,0,0.028571,0.028571,0,0.028571,0.028571,0,0,0.028571,0,0
0.011905,0.02381,0.071429,0.011905,0.035714,0.011905,0,0,0.011905,0.035714,0,0.011905,0,0.011905,0,0,0.035714,0.035714,0.02381,0.011905,0.011905,0,0.011905,0,0.011905,0.02381,0.011905,0,0,0.011905,0.011905,0.02381,0.02381,0.011905,0,0.02381,0.059524,0.02381,0.011905,0.035714,0,0.035714,0.02381,0,0.011905,0,0.02381,0,0,0,0.02381,0,0.011905,0.047619,0.059524,0,0.011905,0.02381,0,0.011905,0.011905,0,0.047619,0
0,0,0,0.125,0.0625,0,0,0.0625,0,0,0,0,0,0,0,0,0,0.0625,0,0,0,0,0,0,0,0,0,0,0,0,0,0,0,0,0.0625,0,0,0,0.0625,0,0.125,0,0,0,0,0,0.0625,0,0.0625,0,0,0,0.0625,0,0.0625,0,0,0,0.125,0.0625,0,0,0,0
0,0.058824,0,0,0.058824,0,0,0.058824,0,0.058824,0,0,0,0.058824,0,0,0,0,0.058824,0,0.058824,0.058824,0,0,0,0.058824,0,0,0.058824,0,0,0.058824,0,0,0,0,0.058824,0,0,0,0.058824,0,0,0,0,0,0,0.058824,0,0,0,0,0.058824,0,0,0,0,0,0,0.058824,0,0,0.058824,0
0.071429,0,0.071429,0,0.071429,0.071429,0,0,0,0,0,0,0,0,0,0,0,0.071429,0.071429,0.071429,0.071429,0.071429,0,0,0,0.071429,0.071429,0,0,0,0,0,0,0,0,0,0,0.071429,0,0,0,0,0,0,0,0,0.071429,0,0,0,0,0,0,0,0,0,0.071429,0,0,0,0,0,0,0
0,0,0,0,0,0,0,0.047619,0,0,0.047619,0,0,0,0.047619,0,0.047619,0,0.047619,0.047619,0,0.047619,0,0,0,0,0,0,0.047619,0,0,0.047619,0,0,0,0,0,0.047619,0.047619,0.095238,0,0,0,0,0,0,0,0.047619,0.047619,0,0.047619,0,0.047619,0,0.047619,0,0.047619,0,0.047619,0.047619,0,0,0,0
0.043478,0,0,0,0,0,0,0,0,0,0,0.043478,0,0,0,0.043478,0,0,0.043478,0.086957,0,0,0.043478,0,0,0,0,0.043478,0,0.043478,0,0,0,0,0,0,0.043478,0.043478,0.043478,0,0,0,0.043478,0.043478,0,0,0.043478,0.086957,0,0,0,0,0.043478,0,0,0.043478,0,0,0,0.043478,0.043478,0.086957,0,0
0,0.0625,0,0.0625,0,0,0,0,0,0,0,0,0,0,0,0,0.0625,0,0.0625,0,0,0.0625,0,0,0,0,0,0.0625,0,0,0,0.0625,0,0,0,0,0,0,0,0,0.0625,0,0,0,0,0,0,0,0,0,0,0,0,0,0,0,0,0.0625,0.0625,0.125,0,0,0.1875,0.0625
0.034483,0,0.068966,0.034483,0.034483,0,0.034483,0,0.034483,0,0,0,0.068966,0,0,0.034483,0.034483,0.034483,0,0,0.034483,0,0,0,0.034483,0,0,0,0,0,0,0,0.068966,0,0,0,0.034483,0.034483,0,0.034483,0.034483,0.034483,0,0,0,0,0.034483,0.034483,0.034483,0,0,0,0,0,0.034483,0,0,0,0,0.068966,0.034483,0,0.034483,0
0.15385,0,0.076923,0,0.076923,0,0,0,0,0.076923,0,0,0,0,0.076923,0,0,0,0,0.076923,0,0,0,0,0,0.076923,0,0,0,0,0,0,0,0,0,0,0.076923,0,0,0,0,0,0,0,0,0,0,0,0.076923,0.076923,0,0,0,0,0.076923,0,0,0,0,0,0.076923,0,0,0
0.090909,0,0,0,0,0,0,0,0,0,0,0,0,0,0,0,0,0,0,0.090909,0,0,0,0,0,0,0.090909,0,0,0,0,0,0,0,0,0.090909,0,0,0,0,0,0,0,0,0,0,0,0,0.090909,0,0.090909,0.090909,0.090909,0,0.090909,0,0,0,0.090909,0,0,0,0.090909,0
0,0.025641,0.051282,0,0.10256,0,0.025641,0,0,0,0,0,0.051282,0.025641,0,0,0.12821,0,0.051282,0,0,0.025641,0,0,0,0,0,0,0.025641,0,0,0,0,0.025641,0,0,0.025641,0,0.051282,0,0.025641,0.025641,0,0,0.025641,0,0.025641,0,0.051282,0,0.076923,0,0,0,0.051282,0,0.051282,0,0.025641,0,0.025641,0,0,0
0.047619,0,0.047619,0.047619,0,0.047619,0,0,0.047619,0.14286,0,0,0,0,0,0,0,0,0,0,0.047619,0,0,0,0.047619,0,0,0,0,0,0.047619,0,0.047619,0,0.047619,0,0.095238,0,0.047619,0,0,0,0,0,0,0,0.095238,0,0,0,0,0,0,0,0,0,0,0.095238,0,0,0,0.047619,0,0
0.095238,0,0.095238,0,0,0,0.047619,0,0,0,0,0.047619,0.047619,0,0,0,0,0,0.047619,0,0,0.095238,0,0,0,0.047619,0,0,0,0,0,0,0.047619,0,0,0,0,0,0,0,0,0,0,0,0.047619,0.047619,0.047619,0,0,0.047619,0.047619,0.047619,0,0.047619,0,0,0,0,0.047619,0,0.047619,0,0,0
0,0.0625,0,0.0625,0,0.125,0,0,0,0,0,0,0,0,0,0,0,0,0,0.0625,0.0625,0.0625,0,0,0,0,0,0,0,0,0,0,0,0,0.0625,0,0,0.0625,0,0,0,0,0,0,0,0,0,0,0,0.1875,0.0625,0,0,0,0,0,0,0,0,0,0.0625,0.0625,0.0625,0
0.012658,0,0,0.050633,0.025316,0,0,0.012658,0,0,0,0,0,0,0.025316,0.012658,0.050633,0.012658,0.012658,0.025316,0.012658,0,0,0.012658,0.025316,0.012658,0,0.025316,0,0,0.012658,0,0.037975,0,0.012658,0.012658,0.025316,0.025316,0.012658,0.012658,0,0.037975,0.025316,0.012658,0.012658,0.012658,0.050633,0,0.025316,0.012658,0,0.050633,0,0.012658,0.012658,0.012658,0.037975,0.063291,0,0.050633,0,0.025316,0.025316,0.037975
0,0,0,0,0,0,0,0.045455,0,0.045455,0,0,0.090909,0,0.13636,0,0,0,0,0.045455,0,0,0,0,0,0,0.045455,0.045455,0,0.045455,0,0,0,0,0,0,0.045455,0,0.045455,0,0,0.045455,0.045455,0,0,0,0.090909,0,0,0,0.045455,0,0,0,0.045455,0,0,0.090909,0,0,0,0,0,0.045455
0,0,0,0,0,0,0,0,0,0.071429,0,0,0.071429,0,0,0,0,0.071429,0,0,0,0,0,0,0,0,0.071429,0,0.071429,0,0,0,0,0,0,0,0.071429,0,0.071429,0,0.071429,0,0,0.071429,0.071429,0,0,0,0.071429,0,0,0,0,0.071429,0,0,0,0,0,0,0,0,0.071429,0.071429
0.058824,0.058824,0,0,0,0,0,0,0,0.058824,0,0,0.058824,0.11765,0,0,0,0,0,0,0,0,0,0,0,0,0,0,0,0,0,0.058824,0.058824,0,0,0,0,0,0,0,0,0,0,0,0,0,0,0.058824,0.11765,0,0,0.058824,0,0,0.058824,0,0.058824,0,0,0,0,0,0.058824,0.11765
0.020833,0,0.020833,0,0,0,0.041667,0.020833,0.020833,0,0,0,0.020833,0.020833,0.020833,0.020833,0.020833,0,0.020833,0.083333,0.041667,0,0,0,0,0,0.020833,0.020833,0.041667,0.041667,0,0,0,0,0,0,0.020833,0,0,0,0.041667,0.020833,0.020833,0.041667,0,0,0.083333,0,0.020833,0,0,0.020833,0,0,0,0,0.020833,0.041667,0.041667,0.041667,0,0.041667,0.020833,0.020833
0,0,0,0,0,0,0.05,0.05,0,0,0,0,0,0,0,0.05,0,0,0,0,0,0,0,0,0,0,0.05,0,0,0,0.05,0,0,0,0,0,0,0,0.05,0,0,0,0.05,0,0,0,0,0.1,0.05,0.05,0.05,0.05,0,0,0,0,0,0,0.15,0,0,0.1,0,0.1
0,0,0,0,0,0.090909,0,0,0,0,0,0,0.090909,0,0.090909,0,0,0,0,0,0,0,0,0,0.090909,0,0,0.090909,0,0,0,0,0,0,0,0,0,0,0,0,0,0,0,0,0,0,0,0,0,0,0,0.090909,0,0,0,0.090909,0.090909,0,0,0.27273,0,0,0,0
0,0,0,0,0.066667,0,0,0.066667,0,0,0,0,0,0.033333,0.033333,0,0,0.1,0,0.033333,0.066667,0.033333,0,0.033333,0,0,0,0,0.066667,0,0.066667,0,0,0,0,0,0.033333,0.033333,0.033333,0,0,0.033333,0,0,0.066667,0,0,0.033333,0.033333,0,0,0.033333,0,0,0,0,0,0,0,0,0,0,0.066667,0.033333
0.086957,0.043478,0.065217,0,0.043478,0.043478,0,0.043478,0.021739,0,0,0.021739,0.043478,0,0.065217,0.021739,0.021739,0.021739,0,0,0,0,0,0.021739,0,0,0,0.043478,0,0,0,0.021739,0.043478,0,0,0,0.021739,0.021739,0,0,0,0.021739,0,0,0.043478,0,0,0,0.021739,0,0,0,0,0.021739,0,0,0.021739,0.043478,0.021739,0.021739,0.043478,0,0,0.021739
0.026316,0,0,0,0.052632,0.026316,0.052632,0,0,0.026316,0,0,0,0.026316,0,0,0,0,0,0.026316,0.026316,0.052632,0.052632,0.052632,0,0.026316,0,0,0.052632,0,0,0.026316,0,0,0,0,0.026316,0,0,0,0,0.026316,0.026316,0,0,0,0.052632,0,0.078947,0,0,0.026316,0,0,0,0,0.026316,0,0,0.078947,0.026316,0.052632,0.026316,0.026316
0,0.020408,0,0.020408,0.061224,0.020408,0,0,0.020408,0,0,0.020408,0,0,0.020408,0.040816,0.020408,0.020408,0,0.020408,0.020408,0.020408,0,0,0.020408,0,0,0,0.020408,0,0.020408,0,0,0,0.020408,0,0.020408,0.020408,0.061224,0.020408,0.020408,0.020408,0.020408,0,0.020408,0.020408,0.040816,0,0,0.061224,0,0,0.020408,0.020408,0.020408,0,0,0,0.040816,0.040816,0.020408,0.040816,0,0.061224
0.066667,0,0,0,0,0.13333,0,0,0,0,0,0,0,0,0,0.066667,0.13333,0,0,0,0,0,0,0,0,0.066667,0.066667,0,0,0,0,0,0,0,0,0,0,0,0,0.066667,0,0,0,0,0,0,0,0,0,0,0,0,0,0,0.13333,0,0.066667,0,0,0,0,0.066667,0.066667,0.066667
0.083333,0,0,0,0,0,0,0,0.041667,0,0,0.041667,0.041667,0,0.041667,0,0,0,0,0,0,0,0,0,0.083333,0,0,0.125,0,0,0,0,0,0,0,0,0,0.041667,0.083333,0,0,0,0,0,0,0,0.20833,0,0.041667,0,0,0,0,0,0,0,0.041667,0.041667,0.041667,0.041667,0,0,0,0
0,0,0,0,0,0,0,0,0,0,0,0,0,0,0.071429,0,0,0,0,0,0,0,0,0,0,0,0,0,0,0,0,0,0,0,0,0,0.071429,0,0.071429,0.14286,0,0,0,0,0,0,0.14286,0,0,0,0,0,0,0.14286,0,0,0,0,0,0.21429,0,0.071429,0,0.071429
0,0,0,0.16667,0.055556,0,0,0,0,0,0,0.055556,0.055556,0,0.055556,0.055556,0,0,0,0,0,0,0,0,0,0.055556,0,0.055556,0.055556,0,0,0,0,0,0,0,0,0,0,0,0,0,0,0.055556,0,0,0.055556,0,0,0,0,0,0,0,0,0,0.11111,0,0,0,0.055556,0,0,0.11111
0,0,0,0,0.02439,0,0,0.02439,0,0,0,0.02439,0,0,0,0.04878,0,0,0,0.02439,0.073171,0.02439,0.073171,0.04878,0.02439,0.02439,0.02439,0.02439,0.02439,0.02439,0,0.02439,0.02439,0,0.04878,0,0,0,0.02439,0.02439,0,0,0,0.02439,0,0.02439,0.02439,0,0.02439,0,0,0,0,0.04878,0.04878,0.02439,0,0.02439,0.02439,0,0,0.02439,0.02439,0.02439
0.018182,0.036364,0.054545,0.072727,0.036364,0,0,0.018182,0.018182,0.018182,0,0.018182,0,0,0.036364,0.018182,0.018182,0,0.036364,0.018182,0.018182,0.018182,0.036364,0,0,0.036364,0.018182,0.018182,0,0,0,0,0,0,0.018182,0,0,0,0,0.036364,0.036364,0.072727,0,0.018182,0,0.018182,0,0,0.036364,0.018182,0,0,0.054545,0,0.018182,0,0.054545,0,0.018182,0,0.018182,0,0,0.018182
0,0,0,0,0,0,0.055556,0,0,0,0.11111,0,0,0,0,0,0.055556,0,0,0,0,0,0,0.055556,0.055556,0,0,0,0,0.055556,0,0,0,0,0.055556,0.055556,0,0,0,0.055556,0.055556,0,0.055556,0,0,0,0,0.11111,0,0,0,0.055556,0,0,0,0.055556,0.055556,0,0,0,0,0,0,0.055556
0,0,0,0.045455,0,0.045455,0,0,0.045455,0,0,0.045455,0,0.045455,0,0,0,0,0.045455,0,0.045455,0,0,0,0,0,0,0,0,0,0,0,0,0.045455,0,0,0,0,0.045455,0,0.045455,0.045455,0,0,0,0,0,0,0.090909,0.045455,0,0,0,0,0.045455,0,0.045455,0.045455,0.045455,0.045455,0,0,0.090909,0.045455
0.045455,0.045455,0,0.045455,0,0.045455,0,0,0,0.045455,0,0,0,0,0,0.045455,0.045455,0,0.090909,0,0,0,0,0,0.090909,0.045455,0,0,0,0,0,0,0,0,0,0,0,0,0,0,0,0,0,0,0.045455,0.045455,0,0,0.045455,0.045455,0,0,0,0,0,0.045455,0,0,0.045455,0,0.045455,0,0.090909,0.045455
0.030303,0,0,0,0,0,0,0.030303,0.030303,0.030303,0,0,0,0.030303,0,0,0,0.060606,0.090909,0,0.060606,0,0.030303,0,0.060606,0.030303,0,0,0,0,0,0.030303,0.090909,0,0.030303,0,0,0,0.060606,0,0,0,0,0.030303,0,0.060606,0.030303,0.030303,0.030303,0,0,0,0,0,0.030303,0.030303,0.030303,0,0.030303,0,0,0,0,0
0,0,0,0,0,0.052632,0,0,0,0,0,0,0.052632,0,0.052632,0,0,0,0,0,0,0,0,0,0,0,0,0,0,0,0,0,0,0,0,0,0,0,0,0.10526,0,0,0,0,0,0,0,0.052632,0,0.052632,0,0,0,0,0,0,0,0.10526,0.10526,0.31579,0,0.052632,0.052632,0
0,0,0,0.04,0.12,0,0,0.04,0,0,0,0.04,0.04,0,0,0.04,0,0,0,0,0.04,0,0.04,0,0,0,0,0,0,0,0,0,0.04,0,0,0,0.04,0,0,0,0,0,0,0.04,0.04,0.04,0,0.04,0,0.12,0,0.04,0,0,0.04,0.04,0,0.08,0,0,0,0,0,0.04
0.15789,0,0,0,0,0,0,0,0,0,0.052632,0.052632,0,0,0,0,0,0,0.10526,0.052632,0.052632,0,0,0,0,0,0,0,0,0,0,0,0,0,0,0,0.052632,0,0,0,0,0,0,0,0.052632,0,0.10526,0,0,0,0,0,0,0.052632,0,0,0,0.052632,0,0.10526,0,0,0.10526,0
0.027778,0.055556,0.027778,0.027778,0,0.027778,0,0,0.027778,0,0,0,0.055556,0.055556,0.027778,0.027778,0.055556,0,0.027778,0.027778,0.027778,0,0.027778,0,0,0.027778,0,0,0,0,0,0,0.027778,0,0,0.055556,0.027778,0.083333,0,0,0.027778,0.027778,0,0.027778,0,0,0,0.027778,0,0,0,0,0.027778,0.027778,0,0.027778,0,0,0.027778,0,0,0.027778,0,0
0,0,0.043478,0,0,0,0,0.043478,0,0,0,0,0,0,0.043478,0,0,0.043478,0,0,0,0,0.043478,0.086957,0.043478,0,0,0,0,0.086957,0.086957,0,0,0,0.043478,0,0.043478,0,0.043478,0,0,0,0,0,0,0,0,0,0.043478,0,0,0,0,0,0.043478,0,0.043478,0,0.086957,0,0.043478,0,0.043478,0.043478
0,0.045455,0,0.045455,0,0,0,0,0,0,0,0,0,0.045455,0,0,0,0,0,0,0,0.045455,0,0.090909,0,0.045455,0.090909,0,0.045455,0.045455,0,0,0,0,0,0,0.045455,0,0,0,0,0.13636,0,0,0,0,0,0,0,0,0,0,0,0.18182,0,0,0,0,0,0,0,0.045455,0,0.090909
0.041667,0,0,0.041667,0.041667,0,0,0,0,0,0,0,0,0,0,0.041667,0,0,0,0,0,0,0.041667,0.041667,0,0,0.041667,0,0.083333,0,0.041667,0,0,0,0,0,0.041667,0.041667,0,0,0,0,0,0,0.041667,0,0,0.041667,0.041667,0,0,0,0.041667,0.041667,0,0.041667,0,0,0.041667,0.041667,0,0.083333,0,0.083333
0.10345,0,0,0.034483,0.034483,0,0.034483,0,0,0,0,0,0.034483,0.034483,0.034483,0.034483,0,0,0,0,0,0,0,0,0,0,0,0,0,0,0,0.034483,0,0,0,0,0,0,0,0,0,0,0,0.034483,0.034483,0,0.034483,0.10345,0.034483,0.034483,0.068966,0.034483,0,0,0,0.034483,0,0,0,0.034483,0.034483,0.034483,0.034483,0.068966
0,0,0,0,0,0,0,0,0,0,0,0,0,0,0,0,0,0,0,0,0,0,0.076923,0.076923,0.076923,0.076923,0,0,0,0,0,0,0.15385,0,0,0,0,0,0,0,0.076923,0,0.076923,0.076923,0,0,0.076923,0,0.076923,0,0,0,0,0,0,0,0,0,0.15385,0,0,0,0,0
0.068966,0,0,0,0,0,0.034483,0.034483,0,0,0,0,0.034483,0.034483,0.068966,0,0.10345,0,0,0.034483,0,0,0,0,0,0,0,0.034483,0.034483,0,0,0.068966,0,0,0,0,0,0,0,0.034483,0,0,0,0,0.10345,0.034483,0,0,0,0.034483,0,0,0.034483,0,0,0,0,0.034483,0,0.034483,0.034483,0.068966,0,0.034483
0,0.04,0,0.013333,0.013333,0.026667,0.013333,0.013333,0.013333,0,0,0,0,0.013333,0.04,0.053333,0.013333,0.013333,0.013333,0.013333,0.013333,0.013333,0.013333,0,0.026667,0.013333,0,0.013333,0,0,0.026667,0.013333,0.026667,0.013333,0,0,0.04,0.013333,0.026667,0.013333,0,0,0.053333,0.013333,0.013333,0,0.013333,0.013333,0.013333,0,0.013333,0.053333,0.013333,0,0,0.013333,0,0.04,0.026667,0.026667,0.066667,0.04,0.026667,0
0,0,0,0.05,0,0,0,0,0.05,0,0,0,0,0,0,0,0,0,0,0,0,0,0,0,0,0,0.05,0,0,0,0,0,0,0.1,0.05,0,0,0,0,0,0.05,0,0.15,0.05,0.05,0.05,0.05,0.1,0,0,0.05,0,0,0,0,0,0,0.1,0.05,0,0,0,0,0
0,0,0,0,0,0,0,0.043478,0,0.043478,0,0,0.086957,0,0.086957,0.17391,0,0,0,0,0,0,0,0,0,0,0,0,0,0.043478,0.043478,0,0.043478,0,0,0,0.086957,0,0,0,0.043478,0,0,0,0,0,0,0.043478,0.13043,0,0,0.086957,0,0,0,0,0,0,0,0,0,0,0,0.043478
0.04,0,0,0,0,0,0,0,0,0.08,0.04,0,0.04,0,0.04,0.04,0.04,0,0,0,0.08,0,0,0,0,0,0,0,0,0,0,0,0.04,0,0,0,0.04,0,0.04,0,0,0.04,0,0,0.04,0,0.08,0,0.04,0,0,0.04,0,0,0,0.04,0.04,0,0,0.04,0,0.04,0,0.08
0.066667,0,0,0.066667,0,0,0,0,0,0,0,0,0,0,0.066667,0,0.066667,0,0,0,0.13333,0,0.066667,0,0.066667,0,0,0.066667,0.066667,0,0,0,0.13333,0,0,0,0,0,0,0,0,0,0,0,0,0,0.2,0,0,0,0,0,0,0,0,0,0,0,0,0,0,0,0,0
0.066667,0,0,0,0.2,0,0,0,0,0.066667,0,0,0,0,0,0,0,0,0,0,0,0.066667,0,0,0,0.066667,0,0,0,0,0,0,0,0,0,0.066667,0,0,0,0.066667,0,0,0,0,0,0,0,0,0,0,0,0,0.066667,0.066667,0,0,0,0.066667,0.066667,0,0.066667,0.066667,0,0
0.066667,0,0,0,0,0,0,0,0,0,0,0,0,0,0,0.13333,0,0,0,0.066667,0,0,0,0.066667,0,0,0,0,0,0,0,0,0,0,0,0,0,0.066667,0,0.066667,0,0.066667,0,0,0,0,0.066667,0.066667,0,0,0,0,0,0,0,0,0,0,0.066667,0.13333,0.13333,0,0,0
0,0.041667,0,0,0.041667,0,0,0,0,0,0,0,0,0,0,0.083333,0.083333,0,0,0,0.083333,0,0.041667,0,0,0.041667,0,0,0,0,0,0,0,0,0.041667,0,0,0.083333,0,0,0,0,0,0,0,0.041667,0,0.041667,0,0,0,0,0,0.083333,0.083333,0,0,0,0.041667,0,0.041667,0.041667,0.083333,0
0,0.016129,0.016129,0,0.016129,0.048387,0,0,0.016129,0.032258,0.016129,0,0,0.064516,0,0.016129,0.032258,0.016129,0.016129,0.032258,0,0.032258,0.032258,0,0.032258,0,0,0,0,0,0.016129,0.032258,0.016129,0,0.016129,0.016129,0.016129,0.016129,0.016129,0.016129,0,0.016129,0.016129,0.016129,0,0.016129,0.032258,0,0,0,0.016129,0.016129,0.032258,0,0.016129,0.016129,0.032258,0,0.016129,0.064516,0.016129,0.048387,0,0.032258
0,0.083333,0,0,0,0,0,0,0,0,0,0,0.083333,0,0,0,0,0,0,0,0.083333,0,0.083333,0.083333,0,0,0,0,0,0,0,0.083333,0,0,0,0,0,0,0,0,0,0,0,0,0,0.083333,0.083333,0,0,0,0.083333,0,0,0,0,0.083333,0,0,0,0.083333,0,0,0,0.083333
0,0,0.055556,0.055556,0.055556,0.055556,0,0,0,0,0,0,0,0.055556,0,0,0,0,0,0.055556,0,0.055556,0.055556,0,0,0.055556,0,0.055556,0,0,0,0,0,0,0,0.055556,0,0.055556,0,0,0,0,0.055556,0,0,0,0.055556,0,0,0,0,0,0,0,0.055556,0,0,0.055556,0.11111,0,0,0,0,0
0.075,0,0,0,0,0,0,0,0,0.05,0,0,0,0,0.025,0.025,0.125,0,0,0,0.025,0,0.025,0,0.025,0,0,0.025,0.025,0.025,0.025,0.025,0,0.025,0,0,0.025,0,0,0.05,0,0.025,0,0,0.025,0,0.1,0.025,0,0.025,0.05,0,0,0.025,0,0.025,0,0,0,0,0,0.025,0.025,0.05
0.032258,0.032258,0,0,0,0.032258,0,0,0,0,0,0,0.096774,0,0,0.096774,0.032258,0.032258,0.032258,0,0.064516,0,0,0,0.032258,0.032258,0.032258,0,0.032258,0,0,0,0,0,0,0,0,0,0.032258,0,0.032258,0.032258,0,0,0.032258,0.064516,0,0,0,0.032258,0,0.032258,0,0,0.032258,0.032258,0,0,0,0.032258,0.064516,0,0,0
0.033333,0,0,0,0.033333,0,0,0,0.1,0,0,0,0.033333,0,0.033333,0,0.066667,0,0,0.066667,0.033333,0,0,0,0,0,0,0,0,0,0.033333,0,0.066667,0.033333,0.033333,0.033333,0,0,0,0,0,0,0,0,0,0.033333,0,0.033333,0.033333,0.033333,0,0.033333,0.033333,0,0,0,0.033333,0,0.033333,0.033333,0,0.033333,0.033333,0.033333
0.04,0.08,0.04,0,0.04,0,0.04,0.04,0.04,0,0,0,0,0,0,0.08,0,0.04,0.04,0,0,0,0,0,0,0,0,0,0.04,0,0,0,0.04,0,0,0,0.08,0,0,0,0,0,0,0,0.04,0,0.04,0,0,0.04,0.08,0,0,0,0,0,0,0,0.04,0,0.08,0,0,0.04
0.023256,0,0,0,0,0,0.023256,0,0,0,0.023256,0,0,0.023256,0.046512,0,0,0.023256,0,0,0,0.023256,0,0,0,0.046512,0,0,0.023256,0,0.069767,0,0.023256,0,0.046512,0,0.023256,0.093023,0.023256,0,0.023256,0.069767,0,0,0,0.023256,0.046512,0,0,0,0.023256,0,0.023256,0.069767,0,0.023256,0,0,0,0.023256,0,0.046512,0.093023,0
0.05,0.05,0,0,0,0,0,0,0,0.05,0,0.05,0,0.05,0,0,0,0,0,0,0,0,0.05,0,0,0,0.05,0.05,0,0,0,0.05,0,0,0,0,0.05,0.05,0,0.05,0,0.05,0,0,0,0,0.05,0,0,0,0,0,0,0,0.05,0.05,0,0,0.05,0,0,0.1,0,0.05
0,0.045455,0,0,0.13636,0,0,0,0,0,0,0,0,0,0,0.045455,0.045455,0,0,0,0.045455,0,0.045455,0,0,0,0,0.045455,0,0,0,0,0,0,0,0,0,0.090909,0,0,0,0,0,0,0.090909,0,0.045455,0.045455,0.045455,0,0,0.045455,0.045455,0,0.045455,0.045455,0,0,0,0,0.045455,0,0,0.045455
0.08,0,0.04,0,0.08,0,0.04,0,0,0,0.04,0,0.08,0.08,0.04,0.04,0.04,0,0,0,0.04,0,0.04,0,0,0,0,0,0.04,0,0,0,0,0,0.04,0,0.08,0,0,0,0,0,0,0,0,0,0,0,0.08,0,0,0.04,0,0,0,0,0,0,0.04,0,0,0,0,0.04
0,0,0,0,0,0,0,0,0.076923,0,0,0,0.15385,0.076923,0,0,0,0,0,0,0,0,0,0,0,0,0,0,0,0,0.076923,0,0,0,0,0,0,0,0,0,0,0,0,0,0,0,0,0,0,0,0.076923,0,0,0,0,0.076923,0.076923,0.076923,0,0,0.15385,0.076923,0.076923,0
0,0,0,0.055556,0,0,0,0,0,0,0.055556,0,0.055556,0.16667,0,0.055556,0,0,0,0,0,0,0.055556,0,0.11111,0.055556,0.055556,0,0,0,0,0.055556,0.055556,0,0,0,0,0,0,0,0,0.055556,0,0,0,0,0,0,0,0,0,0.055556,0,0,0.055556,0,0,0,0,0.055556,0,0,0,0
0.064516,0,0,0.032258,0,0,0.064516,0.032258,0.032258,0.064516,0,0,0,0,0.064516,0.032258,0,0,0.032258,0.032258,0,0.064516,0,0,0.032258,0,0,0,0,0.032258,0,0,0,0,0,0,0,0.032258,0,0,0.064516,0,0,0,0.064516,0.032258,0.032258,0,0,0,0,0,0,0,0.032258,0.032258,0.032258,0.032258,0.032258,0,0,0,0.032258,0
0.088889,0.044444,0.022222,0.022222,0.044444,0,0,0,0.022222,0,0,0,0.044444,0.022222,0.11111,0,0.022222,0.022222,0,0.088889,0,0,0,0,0,0,0.022222,0.044444,0,0.044444,0.022222,0,0,0,0.022222,0,0,0.022222,0.022222,0,0,0,0,0,0,0,0.022222,0,0.022222,0.044444,0.022222,0.022222,0,0,0.022222,0,0,0.022222,0,0.022222,0,0,0.044444,0
0,0,0,0.018182,0,0.036364,0,0.036364,0.018182,0.10909,0,0,0.036364,0.018182,0,0.036364,0,0.018182,0,0,0.10909,0,0.16364,0,0,0.036364,0,0,0.018182,0,0,0.036364,0,0,0.018182,0,0.036364,0.018182,0.018182,0.036364,0,0.018182,0.018182,0,0,0.018182,0,0.018182,0.018182,0,0,0,0,0.018182,0.018182,0.018182,0,0,0,0,0,0.018182,0.018182,0
0.038462,0,0,0,0,0,0.038462,0,0,0,0,0.038462,0,0,0,0,0,0.038462,0,0,0.038462,0,0,0,0,0,0,0,0.038462,0,0.038462,0.038462,0,0,0,0,0.038462,0.11538,0,0,0,0,0,0,0,0,0,0.076923,0,0,0,0,0.038462,0,0,0,0.076923,0,0,0.038462,0,0,0.038462,0.26923
0.1,0.1,0,0,0,0,0,0,0,0,0,0,0.1,0,0,0.3,0,0,0,0,0,0,0,0,0,0,0,0,0,0,0.1,0,0,0,0,0,0,0,0,0,0,0,0,0,0.1,0,0,0,0,0,0,0,0.1,0,0,0,0,0,0,0.1,0,0,0,0
0.047619,0,0.095238,0.047619,0,0,0,0,0,0.047619,0,0,0,0,0.047619,0,0,0,0,0,0,0,0,0,0.095238,0,0,0,0,0,0,0,0.095238,0,0.047619,0,0.095238,0,0,0,0,0,0,0,0.047619,0,0,0,0.047619,0,0,0,0,0,0,0,0.047619,0,0.047619,0.047619,0.095238,0,0.047619,0
0,0.042553,0.06383,0.021277,0.021277,0,0,0.021277,0.06383,0.042553,0,0,0.021277,0.021277,0.06383,0.06383,0.042553,0.042553,0,0,0,0.021277,0,0,0,0,0,0,0,0,0,0,0.021277,0,0,0.042553,0.021277,0.021277,0,0,0,0,0,0,0,0,0,0,0.06383,0.021277,0.021277,0.021277,0.021277,0.042553,0.021277,0,0.042553,0.021277,0,0,0,0,0.021277,0.042553
0,0.125,0.0625,0,0.0625,0,0,0,0,0,0,0,0,0,0,0.0625,0,0.0625,0,0.0625,0,0,0,0,0,0,0.0625,0,0,0,0,0,0,0.0625,0,0,0,0.0625,0,0,0,0,0,0,0,0,0,0,0,0,0.0625,0,0,0,0,0,0,0,0.0625,0,0.125,0,0,0.125
0.035714,0,0,0,0.071429,0.071429,0,0,0,0.035714,0,0,0.035714,0.071429,0.035714,0,0.035714,0.035714,0.035714,0.035714,0.035714,0,0,0.035714,0,0,0,0,0,0,0,0.035714,0,0,0,0,0.10714,0,0,0,0,0,0,0,0,0,0.035714,0,0.035714,0,0,0.035714,0,0,0.035714,0,0.035714,0,0.035714,0,0,0,0,0.071429
0,0,0,0.05,0,0,0,0,0,0,0,0,0.05,0,0,0,0.05,0,0,0.05,0,0,0,0,0,0,0,0,0,0,0,0,0,0,0,0,0,0,0,0.1,0,0,0,0,0.2,0,0,0,0.05,0,0.05,0,0,0.05,0.05,0.15,0,0.05,0,0.05,0.05,0,0,0
0,0,0,0,0,0,0,0,0,0,0,0,0,0.2,0,0,0,0,0.1,0,0,0,0,0,0,0,0,0.1,0,0.1,0,0,0,0,0,0,0,0,0,0,0,0,0,0,0,0,0,0,0.1,0,0,0,0,0.1,0,0,0.2,0,0,0,0,0,0.1,0
0.11111,0.16667,0,0,0.055556,0,0,0,0,0,0,0,0,0,0,0,0.27778,0,0,0,0,0,0,0,0,0.055556,0,0.055556,0,0,0,0,0,0,0,0,0,0.055556,0,0,0,0,0,0,0,0,0.055556,0,0,0,0,0,0,0,0,0,0.055556,0.055556,0,0,0,0,0.055556,0
0.125,0,0.0625,0.125,0,0,0,0,0.0625,0,0,0,0,0,0,0,0.125,0,0,0,0.0625,0,0,0,0,0,0,0,0,0,0,0,0,0,0.0625,0,0,0,0,0,0,0,0,0,0,0,0,0,0.125,0.0625,0,0,0.0625,0,0,0.0625,0,0,0,0,0.0625,0,0,0
0.14286,0,0,0,0,0,0,0,0,0.21429,0,0,0,0,0,0,0,0,0.071429,0,0.071429,0.14286,0,0,0,0,0,0,0,0,0.071429,0,0.071429,0,0,0,0,0,0,0,0,0,0,0,0,0,0,0,0,0,0.071429,0,0,0,0,0,0.071429,0,0,0.071429,0,0,0,0
0.15385,0,0,0,0,0.076923,0,0,0,0,0,0,0,0,0,0.076923,0,0,0,0,0,0,0,0,0.076923,0,0,0,0,0,0,0,0,0,0,0,0,0,0,0,0,0,0,0.076923,0,0,0.076923,0,0.076923,0,0,0,0,0,0,0,0,0.076923,0,0,0,0,0.076923,0.23077
0,0,0,0,0,0,0,0.052632,0.052632,0.052632,0,0,0.052632,0,0,0,0,0.052632,0.052632,0,0,0,0.052632,0.052632,0,0,0,0,0,0.052632,0.052632,0,0.052632,0,0,0,0.052632,0,0,0.052632,0,0,0,0,0,0,0.052632,0,0,0,0.052632,0,0,0.052632,0,0.052632,0,0.052632,0,0,0.052632,0,0,0
0.065217,0,0,0.021739,0.021739,0,0.021739,0.043478,0.043478,0,0,0.021739,0.021739,0.021739,0,0.021739,0,0,0.043478,0.021739,0.021739,0.021739,0.021739,0,0.021739,0,0,0.021739,0.043478,0,0,0,0.021739,0,0,0.021739,0,0.043478,0,0.043478,0,0,0,0,0.021739,0,0,0,0.043478,0,0.021739,0,0.021739,0.043478,0,0,0.021739,0.021739,0.021739,0,0.021739,0.021739,0.021739,0.065217
0.090909,0,0,0,0,0.090909,0,0,0,0,0,0,0.090909,0,0.18182,0.090909,0,0,0,0.18182,0,0,0,0,0,0,0,0,0,0,0,0,0,0,0,0,0,0,0,0,0,0,0,0,0,0,0,0,0,0,0,0,0,0.090909,0,0,0,0,0,0,0.18182,0,0,0
0.15,0.1,0,0.05,0,0,0,0,0.05,0,0,0,0,0,0,0.05,0,0,0,0,0,0,0,0,0,0,0,0,0,0,0.05,0.05,0,0,0,0,0.05,0,0,0.05,0.05,0,0,0,0,0,0,0.05,0,0,0,0,0,0,0,0,0.05,0,0.05,0.1,0.05,0,0.05,0
0.013333,0.013333,0.013333,0,0.013333,0,0,0.013333,0.013333,0.04,0,0.013333,0.04,0.026667,0,0.026667,0.013333,0.026667,0,0.04,0.026667,0,0.026667,0,0,0.04,0,0.04,0.053333,0,0.013333,0.013333,0.013333,0,0,0,0,0.013333,0,0.026667,0.013333,0.013333,0.013333,0,0.013333,0.013333,0.026667,0.013333,0.013333,0.013333,0.013333,0.026667,0.04,0.053333,0.04,0.026667,0,0.013333,0.013333,0,0,0.013333,0.013333,0.04
0,0,0.13333,0,0,0,0,0.066667,0,0.13333,0,0,0,0,0,0,0,0,0,0,0,0,0,0,0,0.066667,0.066667,0,0,0,0,0,0,0,0,0,0,0,0,0,0,0,0,0,0,0,0,0,0,0,0,0,0.066667,0.2,0,0,0,0.066667,0,0,0,0.13333,0,0.066667
0.16667,0,0.11111,0,0.055556,0,0,0,0,0,0,0,0,0,0,0,0.055556,0,0.055556,0.16667,0,0,0,0,0.055556,0,0,0.055556,0,0,0,0,0,0,0,0,0,0,0.055556,0,0,0,0,0,0.055556,0,0,0,0.055556,0,0,0,0,0.055556,0,0,0,0.055556,0,0,0,0,0,0
0.030303,0,0.030303,0,0,0.030303,0,0,0,0,0,0.030303,0.030303,0,0.060606,0.030303,0.030303,0,0.030303,0,0,0.030303,0,0.060606,0.030303,0,0,0,0.060606,0,0.060606,0.090909,0,0,0,0,0,0,0,0,0,0.030303,0,0,0,0,0.030303,0,0.030303,0,0.030303,0,0,0,0,0,0.030303,0,0.030303,0,0.030303,0.090909,0,0.060606
0.11111,0,0.055556,0,0,0,0,0.055556,0,0,0.055556,0,0.055556,0,0,0,0,0.055556,0,0,0.055556,0,0.055556,0.055556,0,0,0.11111,0,0.055556,0.055556,0.11111,0,0.055556,0,0,0,0.055556,0,0,0,0,0,0,0,0,0,0,0,0,0,0,0,0,0,0,0,0,0,0,0,0,0,0,0
0.066667,0,0,0,0,0,0,0.066667,0,0.066667,0,0.13333,0,0,0,0.066667,0,0,0,0,0.066667,0,0,0,0,0,0,0,0,0.066667,0,0,0,0,0,0,0,0,0,0.13333,0,0,0,0,0,0,0,0,0,0,0,0,0.066667,0,0,0.066667,0.066667,0,0,0,0.066667,0,0.066667,0
0.066667,0.066667,0,0,0,0,0,0,0,0,0,0,0,0,0,0,0.066667,0.066667,0.13333,0,0,0,0,0,0,0,0.066667,0,0.066667,0,0,0,0.13333,0,0,0,0,0,0,0,0,0,0,0,0,0,0.066667,0,0.066667,0,0,0,0.066667,0,0,0.066667,0,0,0,0,0,0,0.066667,0
0.064516,0,0,0,0,0,0.032258,0,0.032258,0.064516,0.032258,0,0,0.032258,0,0.032258,0.064516,0,0.032258,0,0.064516,0,0,0,0.032258,0,0,0,0.064516,0.064516,0.064516,0,0,0,0.032258,0.064516,0.096774,0,0,0,0,0,0,0,0,0,0,0.032258,0.032258,0,0,0.032258,0.032258,0,0,0,0,0,0,0,0,0,0,0
0.066667,0,0,0.066667,0,0,0.066667,0.066667,0,0,0,0,0,0,0,0,0,0,0,0,0,0,0.066667,0.066667,0,0,0.066667,0,0,0,0,0,0,0,0,0,0.13333,0,0,0.13333,0,0,0,0,0,0,0,0,0,0,0,0,0.066667,0.066667,0,0,0,0,0,0,0,0,0,0.13333
0.076923,0,0,0,0,0,0,0,0,0,0.076923,0.076923,0,0,0,0,0,0,0,0,0,0,0,0,0,0,0.076923,0,0,0,0,0,0,0,0,0,0,0,0.076923,0,0,0.076923,0,0,0,0,0,0.15385,0,0,0,0,0.15385,0,0,0,0,0.15385,0.076923,0,0,0,0,0
0,0,0,0,0.055556,0.055556,0,0,0,0,0.055556,0.055556,0,0.055556,0,0,0.055556,0,0,0,0,0,0.055556,0.055556,0.055556,0,0,0,0,0.055556,0,0,0.055556,0,0,0,0,0.055556,0,0,0.055556,0,0,0,0,0,0,0,0,0,0,0,0,0.055556,0.055556,0.055556,0,0.055556,0,0.055556,0,0,0,0
0.041667,0,0,0,0,0,0.083333,0,0,0.041667,0.041667,0.041667,0.041667,0,0.041667,0,0,0,0,0,0,0,0.041667,0,0.041667,0,0,0,0,0,0,0,0.041667,0,0,0,0,0,0.083333,0.083333,0,0.041667,0,0,0,0.083333,0,0,0.083333,0,0.041667,0,0.041667,0,0,0,0,0,0.041667,0,0,0,0.041667,0
0,0,0,0,0.11538,0.038462,0,0.038462,0,0,0,0,0,0,0,0,0.038462,0,0,0,0,0.038462,0,0,0.11538,0,0,0.038462,0,0.076923,0.038462,0,0.038462,0,0,0,0,0.038462,0,0,0,0,0,0.038462,0,0,0,0,0,0,0,0,0,0.11538,0.11538,0,0,0,0,0.038462,0,0.038462,0,0.038462
0.028571,0,0.057143,0,0,0,0,0.028571,0,0.028571,0,0,0,0,0.057143,0,0,0,0.028571,0,0,0.057143,0,0.028571,0.057143,0,0.057143,0.028571,0,0.028571,0,0.028571,0.028571,0,0.028571,0.028571,0.057143,0,0.028571,0,0,0,0.028571,0.028571,0,0.057143,0,0,0,0,0.028571,0,0.057143,0.028571,0.028571,0.028571,0,0,0,0.028571,0,0,0,0
0,0.038462,0,0,0,0.038462,0,0,0,0,0,0.076923,0,0,0.038462,0,0,0,0,0,0.038462,0.038462,0.11538,0,0,0,0,0.038462,0,0.038462,0,0,0,0,0.038462,0.076923,0,0,0.038462,0.076923,0,0,0,0,0,0,0.038462,0,0,0.038462,0,0,0.038462,0.15385,0,0,0,0,0,0,0,0,0.038462,0
0.066667,0,0,0,0,0,0,0,0,0,0,0,0,0,0,0.066667,0,0,0,0.066667,0,0.066667,0,0,0,0,0,0,0,0,0.066667,0,0,0,0,0,0,0.13333,0,0.066667,0.066667,0,0,0,0,0,0.066667,0,0,0,0,0,0,0,0,0,0.2,0,0.066667,0.066667,0,0,0,0
0,0,0.058824,0,0,0,0,0,0,0.029412,0,0.029412,0,0,0.058824,0,0.029412,0.058824,0,0.058824,0,0.058824,0,0,0.029412,0.029412,0,0,0,0,0,0,0,0,0,0,0.029412,0,0,0.029412,0,0.088235,0.029412,0,0,0.029412,0,0,0,0,0,0.029412,0.058824,0.029412,0,0,0.058824,0.058824,0,0.088235,0,0,0,0.029412
0.046512,0.023256,0.023256,0,0,0,0.046512,0,0.023256,0.069767,0.023256,0,0,0,0,0,0,0.023256,0.046512,0,0,0.046512,0,0,0,0.023256,0,0,0,0,0.023256,0,0,0.046512,0.046512,0,0.023256,0.023256,0,0,0.023256,0.093023,0.023256,0,0.023256,0,0,0,0,0.023256,0,0,0,0.023256,0,0.023256,0.046512,0.023256,0.023256,0.023256,0,0,0,0.093023
0.054054,0,0.027027,0,0.027027,0.054054,0.027027,0,0.027027,0,0.027027,0.027027,0,0.027027,0,0.054054,0,0,0,0,0.054054,0.054054,0,0,0,0,0,0,0,0,0.081081,0,0,0.027027,0.054054,0.027027,0.054054,0,0.027027,0,0.027027,0.054054,0,0.081081,0,0,0,0,0,0,0,0,0.027027,0,0,0,0,0.027027,0.054054,0,0,0,0,0
0.037037,0.037037,0,0,0.037037,0,0,0,0,0.037037,0.037037,0.037037,0.037037,0.037037,0,0,0.037037,0.037037,0.037037,0,0.037037,0,0,0,0,0,0,0,0,0,0,0,0,0,0,0,0.037037,0.037037,0.037037,0,0.037037,0.037037,0,0,0.037037,0,0.037037,0,0,0.037037,0.037037,0.037037,0,0.037037,0,0,0,0.037037,0,0.037037,0,0,0.037037,0.037037
0.055556,0.055556,0,0,0,0,0,0,0.055556,0,0,0,0.055556,0,0.055556,0,0,0,0.055556,0,0,0,0,0,0.055556,0,0,0,0,0,0,0.055556,0,0,0,0,0,0,0,0,0,0.11111,0,0,0.055556,0,0.055556,0.055556,0,0,0,0,0.055556,0,0,0,0.055556,0,0,0.055556,0,0,0.055556,0.055556
0,0,0,0,0,0,0,0.083333,0,0,0,0.083333,0,0,0,0,0.083333,0,0,0,0,0,0,0,0,0,0,0,0,0,0.083333,0,0,0,0,0,0,0.083333,0,0.083333,0,0,0,0,0,0,0.083333,0,0.16667,0,0.083333,0,0,0,0,0,0.083333,0,0,0,0,0,0,0.083333
0,0,0,0,0,0,0,0,0,0,0,0,0,0,0,0.066667,0,0,0,0,0,0,0,0,0,0.066667,0,0.066667,0,0,0,0,0.066667,0,0,0,0.13333,0,0.066667,0,0,0,0,0,0,0,0,0,0.066667,0,0,0,0,0.066667,0,0.066667,0.066667,0.066667,0,0,0,0,0.066667,0.13333
0.071429,0,0,0,0.21429,0,0,0,0,0,0,0,0,0,0,0,0,0,0,0,0,0.071429,0,0,0,0,0,0,0,0.071429,0,0,0.14286,0,0,0,0,0,0.071429,0,0,0,0,0,0.071429,0.071429,0,0,0,0,0,0,0,0.071429,0.14286,0,0,0,0,0,0,0,0,0
0.069767,0,0,0.046512,0.069767,0.023256,0,0,0,0,0,0.023256,0.069767,0,0,0.023256,0.023256,0,0.046512,0.023256,0.023256,0,0,0,0.023256,0,0,0,0,0,0.023256,0.023256,0,0,0,0,0,0,0,0,0.023256,0,0,0,0,0,0,0.069767,0.093023,0,0.023256,0.023256,0,0,0,0.023256,0,0,0.046512,0.023256,0.069767,0.023256,0,0.069767
0,0,0,0.10714,0.035714,0.035714,0,0.035714,0,0,0,0,0,0,0,0,0,0,0,0,0.071429,0,0.035714,0.035714,0.035714,0,0,0.035714,0.035714,0,0.071429,0,0.035714,0.035714,0.035714,0,0.035714,0.035714,0,0,0,0.035714,0,0.035714,0,0.035714,0,0,0,0,0,0.035714,0,0.035714,0,0.035714,0,0,0,0.035714,0.035714,0,0,0
0.058824,0.058824,0,0.058824,0,0.058824,0,0.058824,0,0,0,0,0,0.058824,0,0,0,0,0,0,0.058824,0,0,0,0,0.058824,0,0,0,0,0,0.058824,0,0,0,0,0,0,0,0,0,0,0,0,0.058824,0,0,0,0.058824,0.058824,0,0.058824,0,0,0,0,0,0,0,0,0.058824,0,0,0.17647
0.11429,0.028571,0,0,0.028571,0,0,0,0,0,0,0,0.057143,0.028571,0.028571,0.057143,0.057143,0,0,0,0,0,0,0,0.057143,0,0,0,0.057143,0,0.028571,0.028571,0.028571,0,0,0,0.028571,0,0,0,0,0,0,0,0.057143,0,0.028571,0,0.028571,0,0,0.057143,0,0,0,0,0.028571,0,0,0,0.085714,0.028571,0,0.057143
0.038462,0.019231,0,0.019231,0,0.038462,0,0.019231,0.019231,0,0,0.019231,0.019231,0.038462,0.038462,0.019231,0.038462,0.019231,0.019231,0.057692,0.019231,0,0,0.019231,0,0,0,0.019231,0.019231,0,0,0,0,0.019231,0.038462,0.019231,0,0.038462,0.038462,0,0.019231,0,0,0,0.038462,0,0.019231,0,0,0.057692,0.019231,0,0,0,0,0,0,0,0.019231,0,0.038462,0.019231,0.057692,0.057692
0.027778,0,0.027778,0.027778,0,0,0,0,0,0,0,0,0,0,0.027778,0,0,0,0,0.055556,0.027778,0,0.19444,0,0,0.055556,0,0.027778,0,0,0.055556,0,0,0,0,0,0.027778,0,0,0.027778,0,0,0,0,0,0.027778,0,0,0,0,0,0,0,0,0.16667,0,0,0,0.027778,0,0.083333,0,0.055556,0.055556
0.041667,0.041667,0,0.125,0,0,0,0,0,0,0,0.041667,0.125,0,0,0,0.041667,0,0,0,0,0,0,0,0.041667,0.083333,0,0.083333,0,0,0,0,0.083333,0,0,0,0.041667,0.041667,0,0,0,0.041667,0,0,0,0,0,0.041667,0,0,0,0,0.083333,0,0.041667,0,0,0,0,0,0,0,0,0
0.045455,0,0.030303,0.030303,0.030303,0,0.015152,0,0,0.015152,0,0,0,0.015152,0.015152,0.045455,0,0.030303,0.015152,0.030303,0.015152,0,0.015152,0.030303,0,0.015152,0,0,0,0,0.015152,0,0,0.030303,0.015152,0,0.030303,0.045455,0,0.030303,0.015152,0.045455,0,0,0,0.045455,0,0.030303,0,0.015152,0,0.015152,0.015152,0.015152,0.045455,0.015152,0,0.015152,0.045455,0.060606,0.015152,0,0.015152,0.030303
0.041667,0,0.041667,0.041667,0,0,0,0,0,0,0,0.083333,0.125,0,0,0,0.041667,0,0,0,0,0,0.041667,0,0,0.041667,0,0,0,0.041667,0,0,0.041667,0,0,0.041667,0,0,0,0,0,0,0,0.041667,0.041667,0,0,0,0,0,0,0,0,0.041667,0.041667,0.041667,0,0,0,0.041667,0,0.083333,0,0.083333
0,0,0,0.022222,0.022222,0,0.022222,0,0,0,0,0,0.11111,0,0.11111,0,0.022222,0.022222,0,0,0,0,0,0,0.022222,0,0,0.022222,0,0.022222,0,0,0.022222,0,0,0,0,0,0,0,0,0,0,0,0.066667,0,0.044444,0.022222,0.022222,0.044444,0,0.088889,0.044444,0,0,0.044444,0,0.022222,0,0.088889,0,0,0,0.088889
0.027778,0.027778,0.027778,0,0.027778,0,0,0,0,0.027778,0,0.027778,0.055556,0.027778,0.027778,0,0,0,0.055556,0,0,0,0,0,0.027778,0,0,0.027778,0,0.027778,0.027778,0,0,0,0,0,0,0,0.027778,0.083333,0,0.027778,0,0,0,0,0.027778,0.055556,0.083333,0,0,0,0.027778,0,0,0.027778,0.027778,0.055556,0,0.027778,0,0,0.083333,0
0.021277,0.042553,0,0.042553,0.021277,0,0,0.042553,0,0,0,0,0.10638,0.021277,0,0,0,0.021277,0,0,0.021277,0,0,0.021277,0.042553,0,0.021277,0,0,0.021277,0.021277,0.021277,0.021277,0,0,0.021277,0.021277,0,0.021277,0,0,0,0,0.021277,0.021277,0.042553,0,0,0.021277,0.021277,0.042553,0.021277,0.021277,0.021277,0,0.021277,0.021277,0.042553,0,0.042553,0,0.021277,0.021277,0.021277
0.026316,0.026316,0,0,0.026316,0,0,0,0.026316,0.052632,0,0,0.026316,0,0,0.026316,0.026316,0.052632,0,0,0.026316,0,0,0.026316,0,0.026316,0,0.026316,0,0.026316,0.026316,0,0.026316,0,0.052632,0.026316,0.026316,0,0,0.052632,0.026316,0,0,0,0.026316,0,0.026316,0.026316,0.052632,0.026316,0,0,0,0,0,0,0.026316,0,0,0,0.052632,0.052632,0.026316,0.026316
0,0,0,0,0,0,0,0,0,0,0,0,0.1,0,0,0,0,0,0,0.1,0,0,0,0,0.1,0,0,0,0,0,0,0,0.1,0,0,0,0,0,0,0,0,0,0,0,0,0.1,0.1,0.1,0,0,0,0,0.1,0,0,0,0,0,0,0,0,0.2,0,0
0.061538,0,0.046154,0,0.046154,0,0.015385,0.030769,0.046154,0.015385,0.015385,0,0,0.015385,0,0.015385,0,0.030769,0.015385,0,0.015385,0.015385,0,0.015385,0.061538,0,0.015385,0,0,0,0,0,0.030769,0.015385,0.092308,0,0.030769,0,0.030769,0.015385,0.015385,0.015385,0.015385,0,0.015385,0,0.015385,0.015385,0,0,0,0,0.015385,0.015385,0.015385,0,0.015385,0.030769,0,0,0,0.061538,0.015385,0.046154
0.052632,0,0,0.052632,0,0,0.052632,0,0,0,0,0,0,0.052632,0,0,0,0,0,0,0,0,0,0,0.15789,0,0.052632,0,0.10526,0,0,0,0,0,0.052632,0,0,0.10526,0,0,0,0,0.052632,0,0,0,0,0,0,0,0,0,0.052632,0,0,0,0,0,0.052632,0.10526,0,0,0.052632,0
0,0,0,0,0.083333,0,0,0,0.083333,0.083333,0,0,0,0.083333,0,0,0.083333,0.083333,0,0,0,0,0,0.083333,0,0.083333,0,0,0,0,0,0.083333,0,0,0,0,0,0,0,0,0,0,0,0,0,0,0,0,0,0,0,0,0,0,0,0,0,0,0.16667,0,0,0,0.083333,0
0.033333,0,0,0,0,0,0,0,0,0,0,0,0.033333,0.033333,0.066667,0.033333,0,0.033333,0.1,0,0,0,0.066667,0,0.13333,0,0,0,0,0,0,0,0.033333,0,0,0.066667,0.033333,0,0,0,0,0,0,0.033333,0.1,0,0,0.033333,0,0,0,0,0,0,0,0,0.033333,0,0,0.033333,0,0.033333,0,0.066667
0,0,0,0,0.076923,0,0,0,0,0,0,0.076923,0,0,0,0,0,0,0,0,0.076923,0,0,0,0,0,0.15385,0,0,0,0,0.076923,0,0,0,0.076923,0,0,0,0,0,0,0,0,0,0,0.076923,0,0,0.076923,0,0,0,0,0.076923,0,0,0,0,0,0.076923,0.076923,0.076923,0
0.02,0.04,0,0,0.04,0,0.02,0,0.02,0.02,0,0,0,0,0,0.1,0.02,0.04,0.02,0.02,0,0,0,0,0.08,0,0.02,0,0.02,0,0.02,0,0.06,0,0,0,0.02,0,0,0.04,0,0,0,0,0,0,0,0.02,0,0,0,0.02,0.02,0.06,0,0,0,0.04,0.04,0.02,0,0.06,0.08,0.02
0,0,0.064516,0.032258,0,0.032258,0,0.032258,0,0,0,0.032258,0.064516,0,0,0.032258,0,0,0,0,0.064516,0,0,0.032258,0.032258,0,0,0,0.032258,0,0.032258,0.064516,0,0,0.032258,0.032258,0,0.032258,0.032258,0,0,0.032258,0,0.032258,0,0,0.032258,0,0,0,0,0,0.032258,0.032258,0,0,0,0,0.064516,0,0,0.032258,0.032258,0.032258
0.09375,0.125,0.03125,0.03125,0.0625,0,0,0,0,0.0625,0.03125,0,0,0,0.03125,0,0.09375,0.0625,0.03125,0,0,0,0,0,0,0,0,0.03125,0,0,0,0,0.03125,0,0.03125,0,0.03125,0.0625,0,0,0.03125,0,0,0.0625,0,0,0,0,0.03125,0,0,0,0,0,0,0,0,0.03125,0,0,0,0,0,0
0.041667,0.041667,0.041667,0,0,0,0,0.041667,0,0,0.041667,0,0,0,0,0,0.125,0.041667,0,0,0,0.041667,0,0,0,0,0,0,0,0,0,0.041667,0,0,0.083333,0,0.041667,0.041667,0.041667,0,0,0,0,0,0.041667,0,0,0,0.041667,0.041667,0,0.083333,0,0,0,0,0,0,0,0,0,0.041667,0.083333,0
0.022222,0,0,0,0,0,0,0.022222,0.044444,0.022222,0.022222,0,0.022222,0.022222,0,0.044444,0.022222,0,0,0.022222,0,0.022222,0,0,0.022222,0.044444,0,0.022222,0,0,0.022222,0,0.044444,0.022222,0,0,0.022222,0.044444,0.022222,0.022222,0,0.022222,0,0,0,0,0,0,0.022222,0,0,0.022222,0,0.044444,0.15556,0,0,0,0,0,0.066667,0.044444,0.022222,0.022222
0.083333,0,0,0,0,0,0.083333,0,0.083333,0,0,0,0,0.16667,0,0,0,0,0,0,0,0,0.083333,0,0.16667,0.083333,0,0,0,0,0,0,0,0,0,0,0,0,0,0,0.083333,0,0,0,0,0,0,0,0,0,0,0,0,0,0,0,0,0,0.083333,0,0,0.083333,0,0
0,0.057143,0,0,0.057143,0,0.028571,0,0,0,0,0,0.057143,0,0.028571,0.028571,0.085714,0,0,0.057143,0.057143,0,0,0,0,0.028571,0,0,0.028571,0,0.028571,0,0,0,0,0.028571,0,0,0.028571,0,0,0,0,0,0,0,0,0,0.057143,0.057143,0.028571,0,0,0,0.028571,0.057143,0.057143,0,0.028571,0,0.057143,0,0.028571,0
0,0,0,0,0,0.0625,0.125,0.0625,0,0,0,0,0,0,0,0,0,0,0,0.0625,0,0.0625,0,0.0625,0,0,0,0,0,0,0.125,0,0,0,0,0,0.0625,0,0,0,0,0,0,0,0.0625,0,0,0,0.0625,0,0,0,0,0,0,0.0625,0.0625,0,0,0,0,0.0625,0.0625,0
0,0,0,0,0.0625,0,0.0625,0,0.0625,0.125,0,0,0,0,0.0625,0,0.0625,0.0625,0,0,0,0,0,0,0,0,0,0,0,0,0,0,0,0,0.0625,0,0.0625,0,0,0,0.0625,0,0,0,0,0,0.125,0,0,0.0625,0,0,0.0625,0,0,0,0.0625,0,0,0,0,0,0,0
0.071429,0,0,0,0.071429,0,0,0,0,0,0,0,0.14286,0,0,0,0.071429,0,0,0.14286,0,0,0,0,0,0,0,0,0.071429,0,0,0,0,0,0,0,0,0,0,0,0,0,0,0,0,0,0,0.14286,0,0,0.071429,0,0,0,0,0,0,0,0,0,0.071429,0.071429,0,0.071429
0.23077,0,0,0,0.038462,0,0.076923,0,0,0,0,0,0,0,0.038462,0,0.038462,0,0.038462,0,0,0,0.038462,0,0.076923,0,0,0,0,0,0,0,0.038462,0,0,0,0,0,0.038462,0,0,0,0.038462,0,0.038462,0,0.038462,0,0,0,0,0.076923,0,0,0.038462,0,0.076923,0.038462,0,0,0,0,0,0
0.04,0.08,0,0,0,0,0.04,0.04,0,0,0.04,0,0,0,0.04,0.04,0,0,0.04,0,0,0,0,0.04,0,0,0.04,0,0,0.04,0,0,0,0,0.04,0,0.04,0,0.04,0,0.04,0,0.04,0,0.04,0,0.04,0.04,0,0,0,0,0,0,0,0,0.04,0.08,0,0.04,0,0,0,0.04
0.064516,0.032258,0,0,0,0.032258,0.064516,0.032258,0,0.032258,0,0,0.064516,0,0,0.032258,0.032258,0,0.032258,0.032258,0,0,0,0,0.032258,0,0,0.032258,0,0,0.032258,0,0,0,0,0,0.032258,0,0,0,0.064516,0.032258,0,0,0,0,0,0,0,0,0,0.032258,0.064516,0,0.032258,0.032258,0,0.032258,0.032258,0.032258,0.032258,0,0,0.032258
0.066667,0.022222,0,0.022222,0.044444,0,0.022222,0,0,0,0,0,0.022222,0.022222,0.022222,0.088889,0,0,0.022222,0,0,0,0,0,0,0.022222,0.022222,0.22222,0,0,0,0,0,0,0,0.022222,0,0,0,0,0,0.022222,0,0,0,0,0.022222,0.022222,0.022222,0,0,0,0,0,0.022222,0,0,0.022222,0.022222,0.11111,0,0.022222,0.044444,0.022222
0,0,0,0.071429,0.071429,0,0,0,0,0,0,0,0.071429,0,0,0,0,0,0,0.071429,0.071429,0,0,0.071429,0.071429,0,0,0,0,0,0.28571,0,0,0,0,0,0.14286,0,0,0,0,0,0,0,0,0.071429,0,0,0,0,0,0,0,0,0,0,0,0,0,0,0,0,0,0
0,0,0,0,0.032258,0,0.032258,0,0,0,0.032258,0,0,0,0.032258,0,0.096774,0.064516,0.032258,0.032258,0.032258,0,0,0,0,0.096774,0,0,0,0,0,0,0,0.032258,0.064516,0,0.032258,0.032258,0,0,0,0.096774,0,0,0,0,0,0,0.064516,0,0,0.032258,0,0,0.032258,0,0.064516,0,0.064516,0,0,0,0,0
0.041667,0.041667,0,0.083333,0,0.041667,0.041667,0,0,0.041667,0,0,0,0,0,0,0.041667,0.041667,0,0,0,0,0.041667,0,0,0.125,0,0,0,0,0,0,0,0,0,0,0.041667,0,0,0,0,0,0,0,0,0,0,0.083333,0,0.041667,0,0,0,0.041667,0.041667,0,0,0,0.083333,0,0,0.083333,0,0.041667
0.034483,0.034483,0,0,0,0,0.068966,0.034483,0.034483,0,0,0,0,0,0,0,0,0.068966,0.034483,0,0,0.034483,0.10345,0.034483,0,0.034483,0,0,0,0,0.034483,0,0,0,0,0,0,0.068966,0,0,0,0.034483,0.034483,0,0,0.034483,0,0.034483,0,0,0,0,0,0,0,0,0,0,0,0.034483,0.034483,0.034483,0,0.13793
0,0,0,0,0,0,0,0.076923,0,0,0,0.076923,0,0,0.076923,0,0,0,0,0,0.076923,0.076923,0,0,0,0,0.076923,0.076923,0,0,0,0.076923,0,0,0,0,0,0,0,0,0,0,0.15385,0,0,0.076923,0,0,0,0,0,0,0,0.076923,0,0,0,0,0,0,0,0,0,0.076923
0.055556,0,0,0,0.055556,0,0,0.027778,0.055556,0.027778,0,0.027778,0.083333,0,0,0.027778,0.027778,0,0.027778,0,0,0,0,0,0.027778,0,0.027778,0.027778,0,0,0,0.027778,0.055556,0,0,0.027778,0.027778,0.055556,0.027778,0,0.055556,0,0.083333,0,0.027778,0,0.027778,0.027778,0,0,0,0,0,0,0,0,0,0,0,0,0,0.027778,0.027778,0
0.076923,0,0.038462,0.076923,0,0,0,0,0.038462,0,0,0,0.11538,0,0.038462,0,0.038462,0,0,0.038462,0,0,0,0,0.038462,0,0,0,0,0,0.076923,0,0,0,0.076923,0,0,0.038462,0,0,0,0,0,0,0,0,0,0,0.076923,0.038462,0.038462,0,0.038462,0,0.038462,0,0.038462,0,0,0,0.038462,0,0,0
0.0625,0.0625,0,0,0,0,0,0,0,0,0,0,0.125,0,0.0625,0.125,0,0,0,0,0,0,0,0,0,0.0625,0,0,0.0625,0,0.125,0,0.0625,0,0,0,0,0,0,0,0,0,0,0,0.0625,0,0,0,0.125,0.0625,0,0,0,0,0,0,0,0,0,0,0,0,0,0
0,0.058824,0.11765,0,0.058824,0,0,0,0,0,0,0,0,0,0,0,0.058824,0,0,0,0,0,0,0,0,0,0,0,0,0.058824,0,0,0,0,0,0.058824,0,0,0,0.058824,0,0.058824,0,0,0,0,0,0.058824,0.058824,0,0,0.058824,0.058824,0,0.058824,0,0,0,0,0.058824,0.058824,0,0,0.058824
0.067797,0.016949,0.016949,0.033898,0,0.016949,0,0,0,0.033898,0.016949,0,0,0.016949,0.050847,0,0.050847,0,0.016949,0.016949,0,0,0,0,0,0.033898,0.016949,0,0,0.016949,0.016949,0.016949,0.067797,0.016949,0.016949,0,0.016949,0,0.050847,0,0,0,0,0,0.016949,0.016949,0,0.016949,0,0,0,0.033898,0.016949,0,0,0,0.067797,0.033898,0.067797,0.016949,0.033898,0.033898,0.016949,0
0,0.042857,0.014286,0,0.014286,0.028571,0.014286,0.028571,0,0,0,0.014286,0.014286,0.071429,0.042857,0,0.014286,0.014286,0.028571,0.028571,0,0.014286,0.014286,0.028571,0.014286,0.042857,0,0.028571,0,0.014286,0.028571,0.014286,0.028571,0.014286,0.014286,0,0.028571,0,0.028571,0,0.057143,0.028571,0.028571,0,0,0.014286,0,0,0,0,0,0,0.014286,0.014286,0.042857,0.014286,0.028571,0.014286,0,0.014286,0,0,0.028571,0.014286
0.125,0,0.125,0,0,0,0,0.0625,0,0,0,0,0,0,0,0,0,0,0,0,0,0,0,0,0,0,0,0,0,0,0.0625,0,0.0625,0.0625,0.0625,0,0.125,0,0,0,0.0625,0,0.0625,0.0625,0,0,0,0,0,0,0,0,0,0.0625,0,0,0.0625,0,0,0,0,0,0,0
0.090909,0,0,0.030303,0.060606,0.060606,0.030303,0,0.060606,0.090909,0,0,0,0.060606,0.030303,0,0,0.030303,0,0,0.090909,0.030303,0.030303,0,0,0,0,0,0,0,0,0,0,0,0.030303,0,0.060606,0,0.030303,0,0,0,0.030303,0,0,0,0,0,0,0,0,0,0.090909,0,0,0,0,0,0.030303,0.030303,0,0,0,0
0,0,0,0.14286,0,0,0,0,0,0,0,0,0,0.071429,0,0.071429,0,0,0.071429,0,0,0,0.071429,0,0,0.071429,0,0,0,0,0,0,0,0,0,0.071429,0.071429,0,0,0,0.071429,0,0,0,0,0,0,0,0,0,0,0.071429,0,0,0.071429,0,0,0,0,0.071429,0,0.071429,0,0
0.125,0,0,0.0625,0,0,0,0,0,0,0,0,0,0,0,0,0.0625,0,0,0,0.0625,0,0,0,0,0,0.0625,0,0,0,0.0625,0.0625,0,0.125,0,0,0,0,0,0,0,0,0.0625,0,0,0,0,0,0.125,0,0,0,0,0.0625,0,0,0,0.0625,0,0,0,0,0.0625,0
0.11364,0.022727,0.022727,0.022727,0,0,0.022727,0,0,0.045455,0,0,0.022727,0,0.022727,0.022727,0.090909,0,0.022727,0,0,0,0,0.022727,0,0,0,0,0,0,0,0,0.022727,0,0,0,0,0.022727,0,0,0,0,0,0,0.022727,0,0.022727,0.022727,0.068182,0.022727,0.022727,0.068182,0.045455,0,0,0.022727,0.022727,0.022727,0,0.045455,0.068182,0,0.022727,0
0.05,0,0.05,0,0,0.05,0,0.05,0,0,0,0.05,0,0.05,0,0.05,0,0,0,0,0,0.05,0,0,0.05,0,0,0,0,0,0.05,0.05,0,0,0,0,0,0,0.05,0,0,0,0,0,0.05,0,0,0,0,0.05,0.05,0,0,0,0,0.05,0,0,0.05,0,0.05,0,0,0.1
0,0.052632,0,0,0.052632,0,0,0.10526,0.026316,0,0.026316,0.026316,0,0,0.026316,0.026316,0.026316,0,0.10526,0.026316,0,0,0.052632,0,0,0,0.026316,0,0,0.026316,0,0,0.026316,0.026316,0,0.026316,0.026316,0.026316,0.052632,0,0,0.052632,0.026316,0,0,0,0,0,0.026316,0,0,0,0.026316,0,0,0,0,0,0,0,0,0.026316,0.026316,0.026316
0.16667,0,0,0,0.083333,0.083333,0,0,0,0,0,0,0,0,0,0,0.083333,0,0,0,0,0,0,0,0.083333,0,0,0,0,0,0,0,0.083333,0,0,0,0,0,0,0,0,0.083333,0,0,0,0,0.083333,0,0,0,0,0,0,0,0,0,0,0.083333,0.16667,0,0,0,0,0
0.11364,0,0,0.045455,0.068182,0.022727,0,0,0.022727,0,0.045455,0,0.045455,0.022727,0.022727,0,0.022727,0,0.045455,0,0,0,0.022727,0,0,0.022727,0.022727,0,0.022727,0.022727,0,0,0.022727,0.022727,0,0.022727,0.022727,0,0,0,0,0,0,0,0,0,0,0,0.022727,0.022727,0.045455,0.022727,0,0.045455,0,0,0,0.022727,0.045455,0,0.022727,0.022727,0.022727,0.022727
0.022222,0,0,0,0.022222,0.022222,0,0.022222,0.022222,0.066667,0.022222,0.022222,0.022222,0,0,0,0.022222,0,0,0,0,0.022222,0,0,0.022222,0.022222,0,0.022222,0,0,0.022222,0,0,0,0.088889,0.022222,0.088889,0,0.11111,0,0,0,0,0,0,0,0.044444,0.022222,0,0,0.022222,0,0,0,0,0,0.022222,0.022222,0.022222,0.066667,0,0,0.088889,0
0,0,0.02381,0,0.047619,0,0.02381,0.02381,0.071429,0,0,0,0,0.02381,0.02381,0,0,0.071429,0,0.02381,0,0,0.02381,0,0.02381,0,0.02381,0,0,0.02381,0,0,0,0.02381,0,0,0.02381,0.02381,0.047619,0,0,0,0.047619,0,0,0,0,0,0,0,0.02381,0,0.02381,0.02381,0,0.047619,0.02381,0.02381,0.16667,0.02381,0,0.02381,0.02381,0
0,0,0,0,0,0,0,0,0.058824,0,0.11765,0.058824,0,0,0,0,0,0.058824,0,0,0.058824,0.058824,0.058824,0,0,0,0.11765,0,0,0.11765,0,0,0,0,0,0,0,0,0,0,0,0,0,0,0,0,0,0.058824,0,0,0,0,0.058824,0.058824,0,0,0,0,0,0,0,0,0,0.11765
0,0,0,0,0,0,0,0,0,0.083333,0,0,0,0,0.083333,0.083333,0.083333,0,0,0,0,0,0,0,0,0,0,0,0,0,0,0,0,0,0,0,0,0,0,0,0,0,0,0,0.083333,0,0,0,0.16667,0,0,0.16667,0,0,0,0,0,0,0,0.083333,0.083333,0.083333,0,0
0.057143,0,0,0,0.028571,0,0,0.028571,0,0,0,0.028571,0.057143,0.028571,0.028571,0.028571,0.085714,0.057143,0,0.028571,0.057143,0,0,0,0,0,0,0,0,0.028571,0,0.028571,0.028571,0,0.028571,0,0,0.028571,0,0.057143,0.028571,0.028571,0,0.028571,0,0,0,0.057143,0,0.028571,0,0,0,0,0,0,0.028571,0,0,0.028571,0.028571,0.028571,0,0
0.030303,0,0,0,0,0,0,0,0,0,0,0.060606,0,0.030303,0.060606,0.030303,0.030303,0,0.030303,0.030303,0,0,0,0,0.060606,0,0,0,0,0,0,0.030303,0.030303,0,0.030303,0,0,0.030303,0,0.030303,0.030303,0.030303,0,0,0.030303,0.030303,0,0,0.090909,0.030303,0,0.030303,0.030303,0,0.030303,0.030303,0.060606,0,0,0,0.030303,0,0.030303,0
0.17857,0,0.035714,0.035714,0,0,0.071429,0,0,0,0,0.035714,0,0,0,0,0,0.035714,0,0,0.035714,0,0.035714,0.035714,0,0,0,0,0,0,0.035714,0,0.035714,0,0.071429,0,0,0,0.035714,0,0,0,0,0,0,0.035714,0.071429,0,0,0,0,0.035714,0,0,0,0,0,0.035714,0,0.035714,0,0.035714,0,0.071429
0.033333,0,0,0,0,0,0,0.033333,0,0,0,0,0.066667,0,0,0.033333,0.033333,0.033333,0.033333,0,0.033333,0,0,0,0,0,0,0,0.066667,0,0,0,0.066667,0,0,0,0,0,0,0.066667,0.033333,0,0,0.033333,0,0.033333,0.033333,0.033333,0.066667,0,0,0,0.033333,0,0.033333,0,0,0,0,0.066667,0.066667,0,0.033333,0.033333
0,0,0,0,0,0.025,0.025,0.025,0.025,0,0,0.025,0.075,0,0.025,0,0,0,0,0.05,0.05,0,0.025,0,0.025,0,0.075,0.075,0.075,0,0,0,0,0,0,0,0,0.025,0.025,0.025,0.025,0,0,0.075,0,0,0.025,0,0,0.025,0.05,0,0,0.025,0,0,0,0,0,0,0,0.075,0.025,0
0,0,0,0,0.058824,0,0,0,0,0,0,0,0,0,0.11765,0.11765,0,0,0,0,0,0,0,0,0,0,0,0,0,0.058824,0,0.058824,0.058824,0,0,0.058824,0,0,0,0.058824,0.11765,0,0,0,0.058824,0,0,0,0,0,0,0.058824,0.058824,0,0,0,0,0,0,0,0,0.11765,0,0
0,0,0,0.02439,0,0.02439,0,0,0.02439,0,0.02439,0.02439,0,0,0.073171,0.073171,0.02439,0.02439,0,0,0.02439,0,0,0,0.02439,0,0,0,0.02439,0.02439,0,0.02439,0.073171,0,0,0.02439,0.02439,0.02439,0,0,0.02439,0,0.02439,0,0,0.02439,0.04878,0,0,0,0.02439,0,0,0,0.04878,0,0,0.04878,0,0.073171,0.04878,0,0.02439,0.02439
0,0,0,0.0625,0,0,0,0.0625,0,0.0625,0,0,0.125,0.0625,0.0625,0,0,0,0,0,0,0,0,0,0,0,0,0,0,0,0.0625,0,0.125,0,0,0,0,0,0,0,0,0,0,0,0,0,0,0,0.0625,0,0,0.125,0.125,0,0,0.0625,0,0,0,0,0,0,0,0
0.14286,0.047619,0.047619,0,0.047619,0,0,0,0,0,0,0,0,0,0,0,0,0,0.047619,0,0.047619,0,0,0,0.047619,0,0,0,0.047619,0,0,0,0,0,0,0,0,0.047619,0,0,0,0.095238,0,0.047619,0,0.047619,0,0.047619,0.047619,0,0,0,0,0,0,0,0,0.047619,0,0,0,0,0.047619,0.095238
0.088235,0.029412,0,0,0,0,0,0,0,0.029412,0,0,0.088235,0,0,0.058824,0.11765,0,0,0,0,0,0,0,0.029412,0.029412,0.029412,0,0,0,0.029412,0,0.029412,0.029412,0.058824,0,0.058824,0,0.029412,0.029412,0,0.029412,0,0,0,0,0,0,0,0.029412,0.029412,0.029412,0,0,0.029412,0,0,0,0,0.029412,0,0,0,0.058824
0,0,0,0,0,0,0,0,0,0,0,0.071429,0,0,0,0.071429,0,0,0,0,0,0.071429,0,0,0,0,0,0,0.071429,0,0.14286,0,0,0,0,0,0,0,0,0,0,0,0,0.071429,0,0,0,0,0,0,0,0.071429,0,0,0,0,0.071429,0.071429,0,0.071429,0,0,0.14286,0.071429
0.10526,0,0,0,0.052632,0,0,0,0,0,0.052632,0,0,0,0.052632,0,0.052632,0,0.10526,0,0.052632,0,0,0,0.052632,0.052632,0,0,0,0.052632,0,0,0,0,0,0,0.052632,0.052632,0.052632,0,0,0,0.052632,0,0,0,0,0,0,0,0.052632,0,0,0,0.052632,0,0,0,0,0,0,0,0,0.052632
0.090909,0.030303,0.030303,0,0.030303,0.030303,0,0,0,0,0.030303,0,0.030303,0.030303,0.030303,0,0.030303,0.030303,0.030303,0,0.030303,0,0,0,0,0,0.030303,0.090909,0,0,0,0.030303,0.030303,0.030303,0.030303,0,0.030303,0,0,0,0,0.030303,0,0,0,0,0,0,0.030303,0,0.030303,0,0,0,0,0,0,0.090909,0.030303,0,0,0,0.030303,0.030303
0.090909,0,0,0,0.090909,0,0,0,0,0,0,0,0,0,0,0,0.090909,0,0.090909,0,0,0,0,0,0,0,0,0,0,0.090909,0,0,0,0.090909,0.090909,0,0,0,0,0,0,0,0,0,0.090909,0,0,0,0,0,0.090909,0,0.090909,0,0,0,0.090909,0,0,0,0,0,0,0
0,0.011364,0.011364,0,0,0,0.022727,0,0,0,0.022727,0.011364,0,0,0.011364,0.011364,0.034091,0.022727,0.011364,0.011364,0.011364,0,0.011364,0.034091,0.022727,0,0,0.022727,0,0.011364,0.034091,0,0.011364,0,0.022727,0,0.022727,0.022727,0.034091,0.056818,0.056818,0.056818,0.011364,0,0.022727,0.011364,0.045455,0.056818,0.011364,0,0,0.034091,0.022727,0,0.011364,0.011364,0,0.022727,0.011364,0.011364,0,0.011364,0.068182,0.022727
0.021739,0.043478,0.021739,0.021739,0,0.021739,0,0,0.043478,0.043478,0.065217,0.021739,0,0,0,0,0,0,0.021739,0,0.021739,0.043478,0,0,0,0.065217,0.043478,0,0,0.021739,0,0.021739,0,0.021739,0,0.021739,0,0,0,0.021739,0,0.043478,0,0.043478,0,0,0,0,0.043478,0,0.086957,0.043478,0,0,0,0.021739,0,0,0,0.021739,0.043478,0,0.021739,0.021739
0,0,0,0,0,0,0.035714,0,0,0.071429,0,0.035714,0,0,0,0.071429,0,0,0,0,0.035714,0,0.035714,0.035714,0.035714,0.035714,0,0,0,0.035714,0,0.035714,0,0,0,0,0.035714,0.035714,0.071429,0,0,0,0,0,0.035714,0,0,0,0,0,0,0,0.035714,0,0.071429,0.035714,0.035714,0,0,0,0.035714,0.071429,0.035714,0.035714
0,0.090909,0,0.090909,0,0,0,0,0,0,0,0,0.090909,0,0,0,0.090909,0,0,0.090909,0.090909,0,0,0,0,0,0,0,0,0,0,0,0,0,0,0,0,0,0,0.090909,0,0.090909,0.090909,0,0,0,0,0,0,0,0,0,0,0.090909,0,0,0,0,0,0,0,0,0,0.090909
0.066667,0.033333,0.033333,0.1,0.066667,0.033333,0,0,0,0,0,0,0.033333,0,0,0,0.066667,0,0.033333,0,0,0.033333,0,0,0.033333,0,0,0,0,0,0.033333,0,0,0,0,0,0,0.033333,0,0,0,0.033333,0,0,0.033333,0,0,0,0.033333,0,0,0,0,0,0.033333,0,0.1,0.033333,0.066667,0,0,0,0.033333,0.033333
0.095238,0,0,0,0.02381,0.02381,0,0.02381,0.047619,0,0,0.02381,0,0.02381,0,0.02381,0,0,0.047619,0.047619,0.047619,0,0.02381,0,0,0,0,0.02381,0,0,0,0,0.047619,0.02381,0.02381,0,0,0.02381,0,0,0,0,0,0,0,0.02381,0,0.02381,0.071429,0.047619,0,0,0.02381,0,0,0,0,0.02381,0.047619,0,0,0.047619,0.047619,0.047619
0,0,0,0.055556,0,0,0,0.055556,0,0,0,0,0,0,0,0.055556,0,0,0,0.11111,0,0.11111,0,0,0,0,0,0,0,0,0,0.055556,0,0,0,0.055556,0,0,0,0,0,0.055556,0,0,0,0.055556,0,0,0.055556,0,0,0,0,0,0,0,0,0,0.055556,0,0.16667,0.055556,0.055556,0
0.043478,0,0,0,0,0,0,0.043478,0,0,0,0,0.043478,0,0.043478,0.086957,0.086957,0,0,0,0.043478,0,0,0,0.043478,0,0,0,0,0,0,0.043478,0,0,0,0,0,0.043478,0,0,0,0.043478,0,0,0,0,0.086957,0.086957,0,0,0.043478,0,0.043478,0.043478,0.043478,0,0,0,0,0,0,0,0,0.086957
0,0,0,0.076923,0,0,0,0,0,0,0,0,0,0,0,0,0,0,0,0,0,0,0,0,0,0,0,0,0,0.076923,0,0,0.076923,0,0,0,0.076923,0,0,0,0,0,0,0,0.076923,0,0.076923,0,0.076923,0,0,0,0,0,0,0.076923,0,0.076923,0,0.076923,0,0.23077,0,0
0.055556,0,0,0.055556,0,0,0,0,0,0,0,0.055556,0,0.055556,0,0,0.055556,0,0,0,0,0,0.055556,0,0,0.055556,0.055556,0.055556,0.055556,0,0,0,0,0,0,0,0,0.055556,0,0,0,0,0,0,0,0,0,0.11111,0,0,0,0,0.055556,0,0.055556,0,0,0,0,0.055556,0,0,0.11111,0
0.3,0.15,0,0,0.05,0.05,0,0,0,0.05,0,0,0.05,0,0,0,0,0,0,0,0,0,0,0,0,0.05,0.05,0,0,0,0,0,0.1,0,0,0.05,0.05,0,0,0,0,0,0,0,0,0,0,0,0.05,0,0,0,0,0,0,0,0,0,0,0,0,0,0,0
0.071429,0,0,0.071429,0.071429,0,0,0,0,0,0,0,0.071429,0,0.071429,0.071429,0.071429,0,0,0,0,0,0,0,0,0,0,0,0.071429,0.071429,0,0,0,0,0,0,0,0,0,0,0.071429,0,0,0,0.071429,0,0.071429,0,0.071429,0,0.071429,0,0,0,0,0,0,0,0,0,0,0,0,0
0.095238,0,0,0.047619,0.095238,0,0,0,0,0,0,0,0.047619,0,0,0.047619,0.14286,0.047619,0.047619,0.047619,0,0,0,0,0,0,0,0,0,0,0,0,0,0,0,0,0,0,0,0,0,0,0,0,0.047619,0,0,0.047619,0.047619,0.047619,0,0,0.047619,0,0,0.047619,0,0.047619,0,0,0,0.047619,0,0
0.052632,0,0.052632,0,0,0,0,0,0,0.052632,0,0,0,0,0,0.10526,0.15789,0,0,0,0,0,0,0,0,0,0,0.052632,0,0,0.052632,0,0,0,0,0,0,0,0,0,0,0.052632,0,0,0,0,0.052632,0,0.052632,0,0,0,0.10526,0,0,0,0,0,0,0.052632,0.052632,0.052632,0,0.052632
0.13636,0.045455,0.045455,0,0,0.045455,0,0,0.090909,0,0,0,0,0,0,0,0,0.045455,0.045455,0,0,0,0,0,0.090909,0,0,0,0,0,0,0,0.13636,0,0,0,0.045455,0,0,0,0,0,0,0,0,0,0,0,0.090909,0,0,0,0,0,0,0,0,0.045455,0.045455,0,0.045455,0.045455,0,0
0.066667,0,0,0.066667,0,0,0,0,0,0,0.066667,0,0,0,0,0,0.066667,0,0,0.066667,0,0,0,0,0.066667,0.066667,0,0,0,0,0,0,0,0,0,0,0,0,0.066667,0.066667,0,0,0,0,0,0,0,0,0.066667,0,0,0,0,0,0,0,0.066667,0.066667,0,0,0.066667,0,0.13333,0
0,0,0.052632,0,0.052632,0,0,0.052632,0.052632,0,0,0,0.052632,0.052632,0.052632,0.052632,0,0.052632,0,0,0.052632,0,0,0,0,0,0,0,0,0,0,0,0.052632,0,0,0,0,0,0.052632,0,0,0,0,0,0,0,0.052632,0,0.052632,0,0,0,0,0,0,0,0.052632,0.10526,0,0,0,0,0.052632,0.052632
0.12121,0.030303,0.030303,0.030303,0.090909,0,0,0.030303,0,0,0,0.030303,0.030303,0.030303,0,0,0.030303,0,0.060606,0,0,0,0,0,0.030303,0,0,0,0,0,0.030303,0,0.030303,0,0,0,0.060606,0.030303,0.060606,0,0,0,0,0,0,0.030303,0.030303,0.030303,0,0,0,0.030303,0.060606,0,0,0,0,0,0,0,0,0.030303,0,0.030303
0.029412,0,0,0.058824,0,0,0.029412,0.029412,0,0,0,0,0.029412,0,0.029412,0,0,0.029412,0,0,0.029412,0.029412,0,0,0.029412,0.029412,0.029412,0.029412,0,0,0.029412,0,0,0,0,0,0,0,0,0.029412,0,0,0,0,0,0.029412,0.029412,0,0.029412,0,0,0,0.029412,0,0.029412,0.029412,0,0.029412,0,0.058824,0,0,0.058824,0.20588
0,0,0,0,0,0,0,0,0,0,0,0,0,0,0,0,0,0,0,0,0,0,0,0,0,0,0.071429,0,0,0.071429,0,0,0,0.071429,0,0.071429,0,0.071429,0.071429,0,0,0,0,0,0,0,0,0,0,0,0,0,0,0,0,0.071429,0.071429,0,0,0.071429,0.21429,0,0.071429,0.071429
0,0,0,0,0,0.058824,0,0,0,0,0,0,0,0,0.058824,0,0,0,0,0.11765,0,0.11765,0.058824,0,0.058824,0,0,0,0.058824,0.058824,0.058824,0,0,0,0,0,0,0,0,0,0,0.058824,0,0,0.058824,0,0.058824,0.058824,0,0,0,0,0.058824,0,0,0,0,0,0,0,0,0,0,0.058824
0,0,0,0.055556,0,0.055556,0,0,0,0,0.055556,0,0,0.055556,0,0,0,0,0,0,0,0,0,0.055556,0,0,0,0,0.055556,0,0,0.055556,0,0,0.11111,0,0,0,0,0.055556,0.055556,0,0.055556,0,0,0,0.055556,0,0,0,0,0.055556,0.11111,0,0,0,0,0.055556,0,0,0,0,0,0.055556
0.045455,0,0,0,0.090909,0.045455,0.045455,0,0.045455,0.045455,0,0,0.045455,0.045455,0,0,0.045455,0,0,0,0,0,0.045455,0,0.045455,0.045455,0,0,0,0,0,0.045455,0.045455,0,0,0,0.045455,0.045455,0,0,0,0,0,0,0,0,0.045455,0,0,0,0,0,0,0,0,0,0,0,0.13636,0,0,0,0,0.045455
0.066667,0,0,0.044444,0.022222,0.022222,0,0,0,0.022222,0,0,0.044444,0.044444,0.022222,0.066667,0,0.044444,0.022222,0,0,0,0.044444,0,0,0.022222,0,0,0.044444,0.022222,0,0,0.044444,0.022222,0,0.022222,0.044444,0.022222,0,0,0,0.022222,0,0,0,0,0.022222,0,0.022222,0.022222,0.066667,0.022222,0.022222,0.022222,0.044444,0,0,0,0,0,0,0.022222,0,0
0.057143,0,0,0.057143,0.14286,0,0,0,0,0,0,0.028571,0.028571,0.028571,0,0,0.028571,0.057143,0.057143,0,0,0,0.028571,0,0.028571,0.057143,0,0,0,0.028571,0,0,0.028571,0,0.028571,0,0.057143,0,0,0,0.028571,0.028571,0,0,0,0,0,0,0,0.028571,0,0,0.028571,0,0,0,0,0,0.028571,0.085714,0,0.028571,0,0
0.045455,0,0.090909,0,0,0,0,0,0,0,0,0.045455,0.045455,0,0,0,0.045455,0,0,0,0.045455,0,0,0,0,0,0,0.045455,0,0,0.045455,0,0,0,0,0,0,0,0,0.045455,0,0,0,0,0,0,0.090909,0,0,0.045455,0,0,0,0,0.090909,0,0.045455,0.045455,0.045455,0.090909,0,0,0,0.090909
0.17857,0.071429,0,0,0.035714,0,0,0,0,0,0,0,0.035714,0,0,0,0.071429,0,0,0,0.035714,0,0,0.035714,0,0.035714,0,0.17857,0,0,0,0.035714,0.035714,0,0,0,0.035714,0,0,0.035714,0,0,0,0,0,0,0,0,0,0,0,0,0,0,0,0,0,0.10714,0,0.035714,0,0,0,0.035714
0.083333,0,0.041667,0.041667,0.041667,0.041667,0,0,0.041667,0,0.041667,0.083333,0,0,0.041667,0.041667,0.041667,0,0,0.041667,0.041667,0,0.041667,0,0,0,0,0,0,0,0,0,0,0.041667,0,0,0,0,0.041667,0,0,0,0,0,0.083333,0,0,0,0,0,0,0,0,0,0,0,0,0,0.041667,0,0.083333,0,0.041667,0
0.090909,0,0.090909,0,0,0.090909,0,0,0,0,0.090909,0,0,0,0,0,0.090909,0,0,0,0,0,0,0,0,0,0,0,0,0.090909,0,0,0,0,0,0,0,0,0,0,0.090909,0,0,0,0,0,0,0,0,0,0,0,0,0,0,0.090909,0.090909,0,0,0,0,0,0.090909,0.090909
0,0,0,0,0,0,0,0.076923,0,0,0,0,0,0.076923,0.076923,0.076923,0,0,0,0,0,0.076923,0,0,0,0,0.076923,0,0,0,0,0,0,0,0,0,0,0,0.076923,0,0.076923,0.076923,0,0,0.076923,0,0.076923,0,0,0,0,0,0,0,0,0,0,0,0,0,0.076923,0,0,0.076923
0,0,0.029412,0.058824,0,0.058824,0.029412,0,0,0,0,0,0.029412,0.029412,0,0,0,0,0,0.029412,0,0,0,0.029412,0.029412,0,0,0,0,0.029412,0,0.029412,0,0,0,0,0.029412,0,0,0.058824,0,0,0,0,0.029412,0.029412,0,0.058824,0.088235,0,0.029412,0.029412,0,0,0,0,0.058824,0,0.029412,0,0,0.029412,0.058824,0.088235
0.11111,0.083333,0.027778,0.055556,0.055556,0,0.055556,0,0.027778,0.027778,0,0.055556,0,0,0.027778,0,0,0.027778,0.027778,0,0,0,0,0,0,0,0,0,0.027778,0,0,0,0,0,0,0,0.083333,0.027778,0,0,0.027778,0.055556,0.055556,0,0,0,0,0,0,0.027778,0.027778,0,0,0,0.027778,0,0.027778,0.027778,0,0,0,0,0,0
0.032258,0.032258,0,0,0.064516,0,0,0,0.032258,0.032258,0,0,0,0.032258,0,0,0.064516,0,0,0.064516,0,0,0,0,0.032258,0,0.032258,0,0,0.064516,0,0,0,0.032258,0,0,0,0,0,0,0,0,0,0,0,0,0.032258,0,0.032258,0.032258,0.064516,0.032258,0.032258,0,0,0,0,0.032258,0.032258,0.032258,0,0.032258,0.064516,0.064516
0.048387,0.032258,0.016129,0.016129,0.016129,0,0.016129,0,0.032258,0.016129,0,0.080645,0.032258,0.016129,0.016129,0,0.032258,0.032258,0.016129,0.032258,0.032258,0.016129,0.016129,0,0,0,0.016129,0,0,0,0.016129,0.016129,0.016129,0.032258,0.032258,0,0.016129,0.016129,0,0.016129,0,0.032258,0.016129,0.016129,0,0,0.048387,0,0.016129,0.016129,0.016129,0.032258,0,0,0.032258,0,0.032258,0,0,0,0.032258,0.016129,0,0
0.023256,0.023256,0.023256,0.023256,0.11628,0.023256,0,0,0,0.046512,0,0,0.046512,0,0.023256,0,0,0.093023,0,0.046512,0,0,0,0,0.023256,0.046512,0,0,0,0,0,0.023256,0.023256,0.046512,0.023256,0,0,0.023256,0.023256,0,0.023256,0.093023,0,0,0.023256,0,0,0,0.046512,0,0,0,0.046512,0,0,0,0,0,0,0,0.023256,0,0,0.023256
0.11538,0,0,0.038462,0,0.038462,0,0.038462,0,0,0,0,0.076923,0.076923,0,0,0,0,0,0,0,0,0,0,0,0,0,0,0.038462,0,0.038462,0,0.076923,0,0,0,0,0,0,0,0,0,0,0,0.038462,0,0,0,0.076923,0.038462,0,0.076923,0,0,0,0,0,0.038462,0.038462,0,0.076923,0.038462,0,0.038462
0,0,0,0.066667,0,0.066667,0.066667,0,0,0,0,0,0,0,0.066667,0.066667,0.13333,0,0,0,0,0,0,0,0.066667,0,0,0,0,0,0,0,0.13333,0,0,0,0,0,0,0,0.066667,0,0,0,0,0.066667,0,0,0.066667,0,0,0,0,0,0,0,0,0.066667,0,0,0,0.066667,0,0
0,0,0,0.0625,0.0625,0,0,0,0,0,0.0625,0.0625,0,0,0,0,0.0625,0,0,0,0.0625,0,0,0.0625,0.0625,0,0,0,0,0,0,0,0.0625,0,0,0.0625,0,0,0,0,0,0,0.0625,0,0.0625,0,0.0625,0,0,0.0625,0,0,0.0625,0,0,0,0,0,0,0,0,0,0,0.0625
0,0,0,0.083333,0.083333,0,0,0,0,0,0.083333,0,0,0,0,0,0.083333,0.083333,0,0,0,0,0.083333,0,0,0,0,0,0,0,0,0,0,0,0,0.083333,0,0,0,0,0,0,0,0,0,0,0.083333,0,0.16667,0,0.083333,0,0.083333,0,0,0,0,0,0,0,0,0,0,0
0.054054,0.10811,0.054054,0,0,0.027027,0,0,0,0,0,0,0,0.027027,0.027027,0.054054,0.054054,0,0.027027,0,0,0,0,0,0.027027,0,0,0,0.027027,0,0.027027,0.027027,0.10811,0,0.027027,0,0,0,0,0,0,0.027027,0.081081,0,0,0.027027,0,0.027027,0,0,0.027027,0.027027,0,0,0,0.027027,0,0,0.027027,0,0.027027,0,0,0.027027
0.052632,0.052632,0,0.052632,0,0,0,0,0,0,0,0,0.052632,0.052632,0,0.15789,0,0,0,0,0,0,0,0,0,0,0.052632,0,0,0,0,0,0.052632,0,0,0,0.052632,0,0,0,0,0,0,0,0.10526,0,0,0,0.052632,0,0,0,0,0,0,0,0,0,0.052632,0,0.10526,0.052632,0,0.052632
0.16667,0,0,0,0,0,0.055556,0.055556,0.11111,0,0,0,0,0.055556,0,0.055556,0,0,0,0,0,0.055556,0,0,0.11111,0,0,0,0,0,0,0,0,0,0,0,0,0,0,0,0,0,0,0,0,0,0,0.055556,0.055556,0.055556,0,0,0.055556,0,0,0,0.055556,0.055556,0,0,0,0,0,0
0,0,0,0,0.058824,0,0,0,0.058824,0,0.058824,0,0.058824,0.058824,0.058824,0,0.058824,0,0,0.058824,0,0,0,0.058824,0.058824,0,0,0,0,0,0,0,0.058824,0,0,0,0.058824,0,0,0,0.058824,0,0,0,0,0,0,0,0,0.058824,0,0,0,0,0,0,0,0,0,0,0,0.058824,0,0.11765
0.030303,0,0,0.060606,0,0,0.030303,0,0.030303,0,0,0.030303,0.060606,0.030303,0,0,0.060606,0,0,0,0.030303,0,0,0,0.060606,0.030303,0,0,0,0.030303,0.030303,0.030303,0,0,0,0,0,0,0,0.030303,0,0.030303,0,0,0,0.030303,0,0,0.12121,0.060606,0,0,0.030303,0,0,0.060606,0,0,0,0,0,0.060606,0.030303,0
0.085106,0.085106,0.021277,0.021277,0,0,0,0.021277,0,0,0,0,0,0.042553,0.042553,0,0,0.021277,0.021277,0.021277,0.021277,0,0,0,0,0,0.021277,0.042553,0,0.021277,0,0.021277,0.042553,0,0,0.021277,0.021277,0,0,0.021277,0.021277,0,0,0,0,0,0,0,0.085106,0,0,0.042553,0.021277,0,0,0,0.10638,0,0.021277,0.042553,0.021277,0.021277,0,0
0.1,0.2,0,0,0,0,0,0,0,0,0,0.1,0,0,0,0,0,0,0,0,0,0,0,0,0,0,0,0,0,0,0,0,0,0.1,0,0,0,0,0,0,0.1,0,0,0,0,0,0.1,0,0,0,0,0,0,0,0.1,0,0,0,0,0,0.1,0,0.1,0
0,0,0,0.090909,0,0,0,0,0,0,0,0,0.090909,0,0.090909,0,0,0,0,0,0,0,0.090909,0,0,0,0,0,0,0,0,0,0,0.090909,0,0.090909,0,0,0,0,0,0,0,0,0,0.090909,0.090909,0,0.090909,0,0,0,0,0,0,0,0.090909,0,0,0,0,0.090909,0,0
0,0,0,0,0.083333,0,0,0,0.083333,0,0,0,0,0.083333,0.083333,0,0,0,0,0,0,0,0,0,0,0,0,0,0,0,0,0,0,0,0,0,0,0,0,0,0,0,0,0.083333,0,0,0.16667,0,0.083333,0,0,0,0.083333,0,0,0.083333,0,0.083333,0,0.083333,0,0,0,0
0.090909,0.090909,0,0,0,0,0,0,0,0,0,0,0.18182,0,0,0,0.090909,0,0,0,0,0.090909,0,0,0,0,0,0,0.090909,0,0,0,0.090909,0,0,0,0,0,0,0,0,0,0,0,0,0,0.090909,0,0,0,0.090909,0,0,0,0,0,0,0,0,0,0,0,0,0.090909
0,0.045455,0,0.090909,0,0,0,0,0,0.045455,0,0,0,0,0,0.045455,0.13636,0,0,0,0,0,0,0.045455,0,0.090909,0,0,0,0.090909,0,0,0,0,0.045455,0,0.045455,0,0,0,0,0,0.045455,0,0,0,0,0,0.045455,0,0,0.045455,0.045455,0,0.045455,0,0,0.045455,0,0,0.045455,0,0,0
0.045455,0,0,0,0,0.022727,0,0.068182,0,0,0.022727,0.045455,0,0.045455,0,0.022727,0,0,0,0,0,0.022727,0.022727,0.022727,0.045455,0.045455,0.022727,0,0.022727,0,0,0,0.045455,0.022727,0.022727,0.022727,0,0.022727,0,0,0.068182,0.045455,0,0,0.045455,0,0.022727,0.022727,0,0.022727,0,0.022727,0.022727,0,0,0,0.022727,0,0,0,0,0,0.045455,0.045455
0,0,0,0,0,0,0,0,0,0,0,0,0.13333,0.066667,0.066667,0,0,0,0,0.066667,0,0,0.066667,0,0,0,0,0,0,0,0,0,0.066667,0,0,0,0,0,0,0.066667,0,0,0,0,0,0,0.066667,0,0.13333,0,0,0,0.066667,0,0,0,0,0,0,0,0.066667,0,0.066667,0.066667
0.045455,0.045455,0,0,0,0,0.045455,0,0.045455,0,0,0.090909,0.045455,0,0,0,0,0,0,0.045455,0,0,0.045455,0,0.045455,0,0,0,0,0,0,0,0.090909,0,0,0,0,0.045455,0.045455,0,0.045455,0,0,0,0,0.045455,0,0.045455,0,0.045455,0,0,0,0,0,0,0.090909,0,0.045455,0,0.045455,0,0,0
0,0,0.058824,0,0.058824,0,0,0,0,0,0,0.058824,0.11765,0.058824,0,0.058824,0,0,0,0,0,0.058824,0,0,0,0,0,0,0,0,0,0,0,0,0,0,0,0,0,0,0,0,0,0,0,0,0,0,0,0.058824,0,0,0.11765,0,0,0,0,0.17647,0,0.058824,0.058824,0,0,0.058824
0.030303,0,0,0.060606,0.060606,0,0,0.030303,0.030303,0,0.030303,0,0.12121,0,0.060606,0,0,0.030303,0.030303,0,0,0,0,0,0,0,0.030303,0.030303,0.030303,0,0,0,0,0,0,0,0,0,0,0,0,0.030303,0.030303,0,0.060606,0,0,0.060606,0,0.030303,0,0.030303,0,0,0,0,0,0.030303,0,0.060606,0.060606,0,0,0.030303
0,0,0,0.045455,0,0,0,0,0.045455,0,0,0,0,0,0,0.045455,0.045455,0,0,0.045455,0,0,0,0,0,0,0.045455,0,0,0,0.045455,0.045455,0,0,0,0.045455,0,0.045455,0.045455,0,0,0,0.045455,0,0,0,0.045455,0.045455,0,0,0,0,0,0.090909,0.045455,0,0,0,0,0,0,0.045455,0.18182,0
0.071429,0,0,0,0.071429,0,0,0,0,0,0,0.071429,0,0,0,0,0,0,0,0,0,0,0,0,0,0,0.071429,0,0,0.071429,0.071429,0.071429,0,0.071429,0.071429,0,0,0,0,0,0.071429,0.071429,0,0,0,0,0,0.071429,0,0,0,0,0,0,0,0,0.071429,0,0,0,0,0,0.071429,0
0,0,0,0,0.074074,0,0,0,0,0,0.037037,0.11111,0,0.037037,0,0.074074,0,0.037037,0,0,0,0,0,0,0,0.037037,0,0,0,0,0.037037,0,0,0,0,0.037037,0,0.074074,0,0,0,0,0.037037,0,0,0,0,0,0.11111,0,0,0,0.11111,0.037037,0,0,0,0.037037,0,0,0.037037,0,0.037037,0.037037
0,0,0,0,0,0,0,0,0,0,0.041667,0,0,0,0,0,0,0.041667,0,0,0,0,0.083333,0,0,0,0,0.041667,0,0,0.041667,0,0,0,0.041667,0,0,0,0,0,0,0,0.083333,0,0,0.041667,0.20833,0.041667,0,0,0,0,0.041667,0,0.16667,0.041667,0,0,0.083333,0,0,0,0,0
0,0.05,0,0,0,0.066667,0,0,0.016667,0.016667,0,0.016667,0,0,0,0,0,0,0,0,0,0.016667,0,0,0.05,0,0,0,0,0,0.033333,0.033333,0,0,0.016667,0,0,0.05,0.033333,0.13333,0.11667,0.1,0,0.016667,0,0,0.016667,0.033333,0,0,0,0.016667,0,0.066667,0,0,0.066667,0.016667,0.016667,0,0,0,0,0
0.13333,0,0,0.066667,0.13333,0,0.066667,0,0,0,0,0,0,0,0,0,0.066667,0,0,0,0,0,0,0,0,0.066667,0,0,0,0.066667,0,0,0.066667,0,0,0,0,0,0,0,0,0,0,0,0,0,0,0,0,0,0,0.13333,0,0,0.066667,0,0,0,0,0.13333,0,0,0,0
0,0,0,0,0,0,0,0,0,0,0,0,0,0,0,0,0,0.2,0,0,0,0,0,0,0,0.1,0,0,0,0.1,0,0,0,0,0,0,0,0,0,0.1,0,0,0,0,0.1,0,0,0,0,0.1,0,0.2,0,0,0,0,0,0,0,0.1,0,0,0,0
0.090909,0,0,0,0,0,0.090909,0,0,0,0,0,0,0,0.090909,0,0,0,0,0,0,0.090909,0,0,0,0,0,0,0,0,0.090909,0,0,0,0.090909,0,0,0.090909,0.090909,0,0,0,0,0,0,0,0.090909,0,0,0,0,0,0.090909,0,0,0,0,0,0,0,0.090909,0,0,0
0,0,0.0625,0,0,0,0,0,0.125,0,0,0,0.0625,0,0,0,0,0,0.0625,0,0,0,0,0.0625,0,0.0625,0,0,0,0,0,0,0,0,0,0,0,0,0.125,0,0,0.0625,0,0,0,0,0.0625,0,0,0,0,0.0625,0,0,0,0.0625,0,0,0.125,0,0,0,0,0.0625
0,0,0,0,0.043478,0,0.043478,0,0.043478,0,0,0,0,0.043478,0,0,0,0,0.043478,0,0,0.043478,0,0,0,0,0,0,0,0,0,0,0,0,0,0,0,0,0,0,0,0,0,0,0,0,0.043478,0.043478,0.086957,0.043478,0.043478,0.043478,0,0.043478,0,0,0,0.043478,0.043478,0.043478,0.086957,0.043478,0.086957,0.043478
0.11429,0.028571,0.028571,0,0.11429,0.028571,0,0,0.028571,0.028571,0,0,0,0,0.057143,0.028571,0.057143,0.028571,0.057143,0.028571,0,0,0,0,0.028571,0,0,0,0,0.028571,0,0,0,0,0,0,0,0.028571,0,0,0,0,0,0,0.028571,0,0.028571,0,0.028571,0.028571,0.028571,0,0.028571,0,0.028571,0,0,0,0.028571,0.028571,0,0,0.028571,0
0,0.0625,0,0,0.0625,0,0,0,0,0,0,0,0,0,0,0,0,0.125,0,0,0,0,0,0.0625,0,0,0,0,0,0.125,0,0,0,0,0,0,0,0.0625,0,0.1875,0,0,0,0,0,0,0,0,0,0,0,0,0.0625,0,0,0.0625,0,0.0625,0,0,0.0625,0,0,0.0625
0.071429,0.035714,0.035714,0,0.035714,0,0.035714,0,0,0.035714,0,0,0.035714,0,0,0.071429,0.071429,0,0,0,0.035714,0,0,0,0.035714,0.071429,0,0,0,0,0.035714,0,0,0,0,0,0,0,0.035714,0.035714,0.035714,0,0,0,0.035714,0,0,0,0,0,0.035714,0.035714,0.035714,0,0,0,0,0,0,0.035714,0,0.071429,0,0.035714
0,0,0.090909,0,0.090909,0,0,0,0,0,0.18182,0,0,0,0,0,0.090909,0,0,0,0,0,0,0,0,0,0,0,0,0,0.090909,0,0,0,0,0,0,0,0.090909,0,0,0,0.090909,0,0,0,0,0,0,0,0,0,0,0,0,0,0.090909,0.090909,0,0,0,0,0.090909,0
0.25,0.083333,0,0,0,0,0,0,0.083333,0,0,0,0,0.083333,0,0,0,0,0,0,0,0,0,0,0,0,0,0,0,0,0.083333,0,0,0,0,0,0.083333,0.083333,0.083333,0,0,0,0,0,0,0,0,0,0,0,0,0,0.083333,0,0,0,0.083333,0,0,0,0,0,0,0
0.071429,0,0,0,0,0.14286,0,0.071429,0,0,0,0.071429,0,0,0,0,0,0,0,0,0.071429,0,0,0.071429,0.071429,0.071429,0,0,0,0,0,0,0,0,0,0,0,0,0,0,0,0,0,0,0,0,0,0,0.071429,0,0,0,0,0,0,0.14286,0,0,0,0,0,0,0.071429,0.071429
0.12,0.04,0,0,0,0.08,0,0,0,0,0,0,0.08,0,0,0,0,0,0,0,0,0,0,0.04,0,0,0,0.08,0,0.12,0,0.04,0,0.04,0,0,0,0,0,0,0,0,0,0,0.04,0,0,0,0,0,0,0.04,0.04,0.04,0,0.04,0,0,0,0.08,0,0,0,0.08
0.042553,0.042553,0.021277,0.021277,0.021277,0.085106,0.021277,0.021277,0,0.021277,0,0,0,0.042553,0,0,0.021277,0.021277,0,0,0.021277,0,0,0,0.021277,0.042553,0,0,0,0,0,0.021277,0.021277,0,0,0,0,0,0,0.042553,0.021277,0.021277,0,0,0.021277,0,0,0,0.021277,0.042553,0,0,0.042553,0.042553,0,0,0.021277,0,0,0.06383,0.06383,0,0.06383,0.021277
0,0,0,0,0.076923,0,0,0,0,0.15385,0,0.076923,0,0.076923,0,0,0.23077,0,0,0,0,0,0,0,0,0,0,0,0,0,0.076923,0,0,0,0,0,0,0.076923,0,0,0.076923,0,0,0,0,0,0,0,0.076923,0,0,0,0,0,0,0,0,0,0,0,0,0,0,0.076923
0.095238,0.047619,0.095238,0.047619,0,0.095238,0,0,0,0,0,0,0.095238,0,0.047619,0,0.14286,0,0.047619,0,0,0,0,0,0.047619,0,0,0,0,0,0,0,0,0,0,0.047619,0,0.047619,0,0,0,0.047619,0,0,0,0,0,0,0,0,0,0,0,0,0.047619,0,0,0,0.047619,0,0,0,0,0
0,0.039216,0,0,0,0,0,0.058824,0,0,0,0.019608,0.058824,0,0.019608,0.039216,0.019608,0.019608,0,0.019608,0.019608,0,0.019608,0,0,0.058824,0,0,0.019608,0.019608,0.039216,0,0,0,0,0.019608,0,0.019608,0,0.019608,0,0,0,0,0.019608,0,0,0.019608,0.019608,0,0.019608,0.098039,0.019608,0.019608,0.058824,0,0,0.019608,0,0.058824,0.039216,0.019608,0.058824,0
0.025,0.05,0.075,0,0.05,0,0,0,0,0,0.05,0,0.025,0.075,0.025,0.025,0.05,0.075,0.025,0.025,0,0.025,0,0,0.025,0,0.025,0.025,0,0,0,0,0,0,0.025,0.025,0,0,0,0,0,0,0.025,0,0,0,0.05,0,0,0,0.025,0,0,0,0,0,0.025,0.025,0,0.025,0.025,0.025,0.025,0.025
0.018519,0.18519,0,0,0,0.018519,0.037037,0.037037,0.018519,0.074074,0,0,0,0,0.018519,0,0.018519,0,0.037037,0.018519,0.037037,0.055556,0,0,0.018519,0.018519,0,0,0,0.055556,0,0.018519,0,0.055556,0,0,0.018519,0.018519,0.018519,0.018519,0,0.018519,0,0,0,0,0,0,0,0.018519,0,0,0,0.018519,0.018519,0.018519,0.018519,0,0,0,0,0.037037,0,0.037037
0.071429,0,0,0,0,0,0,0,0,0,0,0,0,0.071429,0,0,0,0,0,0.071429,0,0,0,0,0,0.14286,0,0,0,0,0,0,0.14286,0,0,0,0,0,0,0.071429,0,0,0,0.071429,0,0.071429,0,0.071429,0,0,0,0.071429,0,0,0,0,0.071429,0,0,0,0.071429,0,0,0
0,0,0,0,0,0,0,0,0.058824,0,0,0,0,0,0,0,0,0,0,0,0.058824,0,0,0.058824,0.058824,0.058824,0,0,0,0,0,0,0,0,0.058824,0,0.058824,0,0,0.11765,0.058824,0.058824,0.058824,0,0,0,0.058824,0,0,0,0,0.058824,0,0.058824,0,0,0,0.058824,0,0.058824,0,0,0,0
0,0,0,0,0,0,0.033333,0,0,0,0,0.033333,0,0,0,0,0,0,0,0,0.033333,0.3,0,0.033333,0,0.033333,0,0,0,0,0,0,0.033333,0,0.033333,0.13333,0,0.033333,0,0.033333,0,0,0,0,0,0.033333,0.033333,0.066667,0,0,0,0,0,0,0,0,0.1,0,0,0.033333,0,0,0,0
0,0,0,0,0.043478,0.043478,0,0,0,0,0,0,0,0,0,0,0,0,0,0,0.17391,0.043478,0.13043,0.043478,0,0,0,0,0,0,0.086957,0,0,0,0.043478,0,0,0.043478,0.13043,0.086957,0,0,0,0,0,0,0,0,0,0,0.043478,0,0,0.043478,0,0,0,0,0.043478,0,0,0,0,0
0.076923,0,0,0,0,0,0,0,0,0,0,0,0.076923,0,0,0,0.076923,0,0,0,0,0,0,0.076923,0,0,0,0,0,0,0,0,0.076923,0,0,0.076923,0,0.076923,0,0,0,0.076923,0,0,0,0.076923,0,0,0,0,0,0,0.076923,0.15385,0,0,0,0,0,0.076923,0,0,0,0
0.038462,0,0,0.038462,0,0,0,0,0,0,0,0,0,0,0,0,0,0,0,0.076923,0.076923,0,0,0,0.076923,0,0,0,0,0,0.038462,0,0,0,0,0,0.076923,0,0.038462,0,0.076923,0,0,0,0,0,0,0,0.038462,0,0,0.038462,0,0,0.038462,0.038462,0.076923,0,0,0.076923,0.11538,0,0,0.038462
0,0,0,0,0,0,0.045455,0.045455,0,0,0,0,0,0,0,0,0.045455,0,0,0,0.13636,0,0,0,0,0,0,0,0,0,0,0,0.045455,0,0,0.045455,0.045455,0,0.090909,0.045455,0,0,0,0,0,0,0.045455,0,0.090909,0,0,0,0.045455,0.045455,0.045455,0,0,0,0.045455,0.045455,0,0,0.045455,0.045455
0.021277,0.021277,0,0.021277,0,0.021277,0.021277,0,0,0,0,0,0,0,0,0.021277,0.021277,0,0,0.021277,0.042553,0,0.021277,0.021277,0.021277,0.042553,0,0,0,0.021277,0.021277,0.021277,0,0,0,0,0,0.042553,0.021277,0.021277,0,0.021277,0,0,0,0.021277,0.14894,0.021277,0.021277,0,0,0.021277,0,0,0.042553,0,0.021277,0,0.021277,0.085106,0,0.021277,0.021277,0.06383
0,0.12,0.04,0,0,0,0,0,0,0,0,0,0.04,0.04,0,0.04,0.04,0.12,0,0.04,0.08,0,0,0,0,0,0.04,0,0,0.04,0,0,0,0,0,0,0,0.04,0,0,0.04,0,0.08,0,0,0,0.04,0,0,0,0,0,0,0,0,0,0,0.04,0.04,0,0.04,0,0.04,0
0,0,0,0.055556,0,0,0,0,0.055556,0.055556,0,0,0.055556,0,0.11111,0,0,0,0,0,0.11111,0,0,0,0,0,0.055556,0,0.055556,0.055556,0,0,0,0,0,0,0,0,0,0.055556,0,0.055556,0.055556,0,0,0.055556,0,0,0.055556,0,0,0,0.055556,0,0,0,0,0,0,0,0,0,0.055556,0
0,0.058824,0,0.088235,0.029412,0,0,0,0,0,0,0.029412,0.029412,0.029412,0.058824,0,0.029412,0,0,0,0,0.058824,0,0,0,0,0,0,0,0.029412,0,0,0,0,0.029412,0,0.088235,0,0.029412,0.058824,0,0,0.088235,0,0,0,0,0,0.029412,0,0.029412,0,0,0,0,0,0.029412,0.058824,0,0,0.029412,0.029412,0.029412,0.029412
0,0,0,0,0,0.071429,0,0,0,0,0,0.071429,0,0.071429,0.071429,0.071429,0.071429,0,0.071429,0,0,0,0,0,0,0,0,0,0,0,0.071429,0,0,0,0,0,0,0,0,0,0,0,0,0,0,0,0,0.071429,0.14286,0,0,0,0.071429,0,0,0,0.071429,0,0,0,0.071429,0,0,0
0.043478,0,0,0.043478,0.043478,0,0,0,0,0.043478,0,0,0,0.043478,0,0.086957,0.043478,0.043478,0,0,0,0,0,0.043478,0.043478,0.043478,0,0,0,0,0,0,0.043478,0,0,0,0,0,0,0.043478,0,0,0,0,0.043478,0,0,0,0,0,0,0.043478,0,0.043478,0,0,0,0,0,0,0,0.13043,0.086957,0.043478
0.058824,0,0.029412,0.029412,0,0.029412,0,0,0,0.029412,0,0,0.029412,0,0.029412,0.058824,0,0.029412,0.029412,0.029412,0,0,0.029412,0,0,0,0,0,0,0,0,0,0,0,0,0,0.029412,0,0.029412,0.029412,0,0,0,0,0.029412,0,0.029412,0.058824,0.058824,0.029412,0,0.029412,0.058824,0.029412,0.029412,0.029412,0,0,0,0,0.029412,0.029412,0,0.058824
0,0.027778,0,0.083333,0.055556,0.027778,0,0.027778,0,0.027778,0,0.055556,0,0,0.027778,0.083333,0,0,0,0,0,0.027778,0,0,0,0.055556,0,0,0,0,0.027778,0,0,0,0,0,0,0,0,0.027778,0,0.027778,0,0,0.027778,0,0,0.027778,0.027778,0,0.027778,0.027778,0.027778,0,0,0,0,0.055556,0,0,0.083333,0.055556,0.055556,0
0.071429,0.14286,0,0,0,0,0.071429,0,0,0,0,0,0,0,0,0,0,0,0,0,0.071429,0,0,0,0,0.071429,0,0,0.14286,0.071429,0,0,0.071429,0,0,0,0,0.071429,0,0,0,0,0,0,0,0,0,0,0,0,0,0,0,0,0,0,0.14286,0,0,0,0,0,0,0.071429
0.058824,0,0.058824,0,0.088235,0,0,0,0.058824,0.029412,0.029412,0,0.029412,0.058824,0.029412,0.029412,0.088235,0,0,0,0,0,0,0,0.029412,0,0,0,0,0,0,0.029412,0,0.029412,0.11765,0,0,0,0,0,0,0,0,0.029412,0.029412,0,0,0,0.058824,0,0,0,0,0,0,0,0,0,0.029412,0,0.029412,0,0,0.058824
0.11111,0,0.11111,0.055556,0,0,0,0,0.055556,0,0,0,0.055556,0,0,0.11111,0,0,0,0,0.055556,0.055556,0,0,0.055556,0,0.055556,0,0,0,0,0,0,0,0,0,0,0,0,0,0,0,0,0,0.055556,0,0,0,0,0.055556,0,0,0,0,0,0,0,0,0.055556,0,0.055556,0,0,0.055556
0.033333,0.033333,0,0,0,0,0,0.033333,0,0,0,0,0,0,0.033333,0.033333,0,0,0,0,0,0,0,0,0,0,0,0,0,0.033333,0.033333,0.066667,0.033333,0,0,0,0.033333,0,0,0.033333,0.033333,0.033333,0.033333,0.033333,0.033333,0,0.033333,0.066667,0.066667,0,0,0,0.1,0,0,0,0,0.033333,0.033333,0.066667,0,0,0,0.033333
0,0,0,0.064516,0,0,0,0,0,0.064516,0,0,0,0,0.032258,0.032258,0,0.032258,0.032258,0,0,0,0,0,0,0,0.064516,0,0,0,0.032258,0.032258,0,0,0,0,0,0.032258,0.032258,0.032258,0.032258,0.064516,0,0.032258,0,0.064516,0.032258,0,0,0,0.032258,0.032258,0,0,0,0,0,0.032258,0.064516,0,0.064516,0.032258,0.032258,0
0.058824,0,0,0.058824,0.058824,0.058824,0,0.058824,0,0,0,0.058824,0,0.058824,0,0,0,0.058824,0,0,0,0,0,0,0.058824,0,0,0,0,0,0.058824,0,0.058824,0,0,0,0,0,0,0,0,0.11765,0,0,0,0,0.11765,0,0,0,0,0,0,0.11765,0,0,0,0,0,0,0,0,0,0
0,0.045455,0.13636,0,0,0,0.045455,0,0,0.090909,0,0,0,0,0,0,0.045455,0,0,0,0.045455,0,0.045455,0.045455,0,0,0,0,0.045455,0,0.045455,0,0,0,0,0.045455,0.045455,0,0,0,0.045455,0.045455,0,0.045455,0.045455,0,0,0,0,0,0,0,0,0,0.045455,0,0.045455,0,0,0,0.045455,0,0,0
0,0,0,0,0,0,0,0,0,0,0,0,0,0,0,0,0,0,0,0,0,0,0,0,0,0,0,0,0,0,0.0625,0,0.0625,0.0625,0,0,0,0.125,0.0625,0,0,0,0.0625,0,0.0625,0,0,0,0,0,0.125,0.125,0,0,0,0,0,0.125,0,0,0.0625,0,0,0.0625
0,0,0,0.090909,0,0,0,0,0,0,0.090909,0,0,0,0,0,0,0,0,0,0.090909,0,0,0,0,0,0,0,0,0.090909,0,0,0,0,0,0,0,0,0.18182,0,0,0,0,0,0,0,0,0.090909,0.090909,0,0,0,0,0,0,0,0,0.090909,0,0.090909,0,0.090909,0,0
0.071429,0,0,0,0,0.071429,0,0.071429,0,0,0,0,0,0,0,0.071429,0,0,0,0,0,0,0,0,0,0,0,0,0,0,0,0,0,0,0.071429,0,0,0,0,0.071429,0,0,0,0.071429,0,0,0.14286,0,0,0,0,0.071429,0,0,0,0,0.071429,0.071429,0,0,0,0.071429,0,0.071429
0.020619,0.020619,0,0.010309,0,0.010309,0,0.020619,0.010309,0.020619,0.010309,0.010309,0.030928,0.020619,0.041237,0.020619,0.030928,0.061856,0,0,0.020619,0,0,0,0.020619,0,0,0.010309,0.020619,0.041237,0.010309,0.020619,0.010309,0,0.020619,0.020619,0.010309,0.020619,0,0.030928,0.010309,0.010309,0.010309,0,0.010309,0,0.041237,0.010309,0,0.010309,0.020619,0.020619,0.020619,0.010309,0.020619,0.020619,0.010309,0.030928,0.030928,0.030928,0,0.010309,0.030928,0.041237
0.045455,0,0,0,0,0,0.045455,0.045455,0,0,0.090909,0.045455,0,0,0.045455,0,0,0.045455,0.045455,0.090909,0,0,0.045455,0,0,0,0,0,0.045455,0,0,0.090909,0.045455,0,0,0,0,0,0,0,0,0,0,0,0.045455,0.045455,0,0,0,0,0,0,0,0,0,0,0,0,0,0,0,0.045455,0.090909,0.045455
0,0,0,0,0,0,0,0,0,0,0.05,0.1,0.05,0,0,0,0,0,0,0,0,0,0,0,0.05,0,0.05,0,0,0,0.05,0,0,0,0,0,0,0,0.05,0.05,0,0.05,0,0,0,0,0,0,0,0,0,0,0.05,0,0,0.1,0.1,0,0.05,0.05,0,0.1,0,0.05
0,0,0,0,0,0,0,0,0,0,0,0,0,0,0,0.0625,0,0.0625,0,0,0,0,0,0,0,0.0625,0,0.0625,0,0.0625,0,0,0,0,0,0,0.125,0,0.0625,0,0.0625,0,0.125,0,0,0,0,0.0625,0,0,0,0.0625,0,0.0625,0.0625,0,0,0,0.0625,0,0,0,0,0
0,0,0.066667,0.066667,0.066667,0,0,0,0,0.066667,0,0.066667,0.066667,0,0.066667,0,0,0.066667,0,0,0,0.066667,0,0,0,0,0,0,0,0,0,0,0.066667,0,0,0,0,0,0,0,0,0,0,0.13333,0,0,0,0.066667,0.066667,0.066667,0,0,0,0,0,0,0,0,0,0,0,0,0,0
0,0,0,0,0,0.076923,0,0.076923,0,0,0,0,0,0,0,0.076923,0,0,0.15385,0.076923,0,0,0,0,0,0,0.076923,0.076923,0.076923,0,0,0,0,0,0,0,0,0,0,0,0,0,0,0,0,0,0,0,0,0,0,0,0,0,0,0,0.076923,0.076923,0,0.076923,0,0,0,0.076923
0.028571,0.028571,0.057143,0.028571,0.057143,0.057143,0.057143,0.028571,0.057143,0.028571,0,0.028571,0.028571,0.028571,0,0,0.028571,0.028571,0,0,0,0,0.057143,0,0,0.028571,0,0,0,0,0,0,0,0.028571,0,0.028571,0,0,0.028571,0,0,0,0,0,0,0.028571,0.028571,0,0,0,0,0,0,0,0.028571,0.028571,0.028571,0.057143,0,0,0,0,0,0.057143
0.095238,0,0.047619,0,0,0.047619,0.047619,0,0,0.047619,0,0,0,0.095238,0,0,0.047619,0.047619,0,0.047619,0,0,0,0,0,0,0,0,0,0.095238,0.047619,0,0,0,0.047619,0,0.047619,0,0,0,0.047619,0,0,0,0,0,0,0,0,0,0.047619,0,0,0.047619,0,0,0.047619,0,0,0,0,0,0.047619,0
0.030303,0,0,0.060606,0.030303,0,0,0,0.030303,0,0,0.030303,0,0.030303,0.030303,0,0.030303,0,0.060606,0,0.060606,0,0.030303,0,0.030303,0.030303,0.030303,0.030303,0.030303,0,0,0,0,0,0,0,0.030303,0,0,0,0.12121,0,0,0.030303,0.060606,0,0.030303,0,0,0,0,0,0.030303,0,0,0.030303,0.030303,0,0.030303,0,0,0,0,0.030303
0.083333,0.041667,0.125,0,0.083333,0,0,0,0.041667,0,0,0.041667,0,0,0,0,0.041667,0,0,0.041667,0.041667,0.041667,0.041667,0,0,0,0.041667,0,0,0,0.041667,0,0.041667,0,0,0,0,0,0,0,0,0.041667,0,0,0,0,0,0,0,0,0,0,0.041667,0,0,0.041667,0,0,0,0,0.083333,0,0,0.041667
0.046512,0.011628,0,0,0,0,0.034884,0.011628,0.05814,0.023256,0.023256,0.011628,0.046512,0,0.011628,0.011628,0.011628,0.011628,0.034884,0.011628,0.011628,0,0.023256,0,0,0.023256,0.034884,0.023256,0,0,0.023256,0,0.023256,0,0,0.011628,0.023256,0,0.081395,0,0.046512,0.034884,0.011628,0,0,0,0.05814,0,0.011628,0.011628,0,0,0.011628,0,0,0,0.011628,0,0.05814,0.011628,0.011628,0,0.069767,0.011628
0,0,0.125,0,0.125,0,0.0625,0,0,0,0,0,0,0,0,0,0.125,0,0,0,0,0,0,0,0.125,0.0625,0,0,0,0,0,0,0.0625,0,0,0,0,0.0625,0,0,0,0,0,0,0,0,0,0.0625,0,0,0,0,0,0,0,0.0625,0.0625,0,0,0,0,0.0625,0,0
0,0,0,0,0,0,0,0,0,0,0,0,0,0.071429,0,0.071429,0,0,0,0,0,0,0,0,0,0,0,0.071429,0,0.071429,0,0,0.071429,0,0,0,0,0,0.071429,0.071429,0,0,0,0,0,0,0,0.14286,0,0,0,0,0,0,0.14286,0,0,0.071429,0,0.071429,0.071429,0,0,0
0.037736,0,0.018868,0.075472,0.018868,0.018868,0,0,0,0.037736,0.018868,0.037736,0,0.018868,0.018868,0,0,0,0.018868,0.037736,0.018868,0,0,0,0.018868,0.018868,0,0.018868,0,0,0,0,0.037736,0,0.018868,0,0,0.056604,0.075472,0,0,0.037736,0,0,0,0.018868,0.056604,0,0.018868,0.037736,0,0,0.056604,0.056604,0.018868,0,0,0,0.037736,0,0.018868,0.018868,0,0
0.083333,0,0,0,0,0,0,0,0,0,0,0,0,0,0,0,0,0,0.16667,0.083333,0,0,0,0,0,0.083333,0,0,0.083333,0,0,0,0.083333,0,0,0,0,0,0,0,0,0,0,0,0,0.083333,0,0,0.083333,0,0,0,0,0.083333,0,0,0,0.083333,0,0,0,0,0.083333,0
0,0,0,0,0,0,0.038462,0,0,0,0,0,0,0,0,0.038462,0.038462,0,0.038462,0,0.038462,0.038462,0,0,0,0.038462,0,0.038462,0,0.038462,0,0,0.076923,0,0.038462,0,0,0.038462,0.076923,0,0,0,0,0.076923,0,0.076923,0.038462,0,0,0,0,0,0,0.038462,0.038462,0,0.038462,0,0,0,0.038462,0,0.038462,0.038462
0.058824,0.029412,0.029412,0,0.029412,0,0.029412,0,0,0.029412,0,0,0,0,0,0.029412,0,0.029412,0,0,0.029412,0,0,0.029412,0.029412,0.058824,0,0,0,0,0.058824,0.029412,0,0,0,0,0.029412,0,0.029412,0,0,0.029412,0,0,0,0,0.029412,0.029412,0.058824,0.029412,0,0,0,0,0,0,0.029412,0.058824,0,0,0.029412,0.058824,0.058824,0.029412
0,0,0.035714,0.071429,0,0.10714,0.035714,0,0,0.035714,0,0,0.035714,0,0,0.071429,0,0,0.035714,0,0,0.035714,0,0,0.035714,0.071429,0,0,0,0,0.035714,0,0,0,0,0,0.071429,0,0,0,0.035714,0.071429,0,0,0,0,0,0.035714,0.071429,0,0,0,0,0,0.035714,0,0,0.035714,0,0.035714,0,0,0,0
0.026316,0,0,0.026316,0,0.052632,0,0,0,0.026316,0,0,0,0,0.026316,0.026316,0.026316,0.10526,0,0,0,0.052632,0.078947,0,0,0.026316,0.052632,0,0.052632,0.026316,0.026316,0,0,0,0,0.026316,0.026316,0,0,0,0,0.026316,0.052632,0,0.026316,0,0,0,0.026316,0,0,0.026316,0,0.026316,0.026316,0.026316,0,0,0.026316,0,0,0.026316,0.026316,0
0.038462,0,0.019231,0,0,0,0,0,0.019231,0.019231,0,0,0,0,0.019231,0.038462,0.019231,0,0,0.019231,0.038462,0,0.019231,0.019231,0.019231,0.019231,0,0,0.057692,0,0.019231,0.019231,0.019231,0,0,0.019231,0.038462,0.057692,0.019231,0,0.057692,0.019231,0,0,0,0.019231,0.019231,0,0.038462,0.038462,0.019231,0,0.019231,0.019231,0.038462,0,0,0.019231,0.019231,0,0.038462,0.038462,0.019231,0.019231
0.0625,0,0.125,0,0,0,0,0,0,0.125,0,0,0,0,0.0625,0,0,0.0625,0.0625,0.0625,0,0,0,0,0,0,0,0,0,0,0,0,0,0,0,0,0,0.0625,0,0,0,0,0,0,0,0,0,0,0,0,0,0,0.125,0,0,0,0,0.0625,0,0,0,0.0625,0.125,0
0,0,0,0.083333,0.083333,0,0,0,0,0,0,0,0,0,0,0.083333,0.083333,0,0,0,0,0,0.083333,0.083333,0.083333,0,0,0,0,0,0,0,0,0,0.083333,0,0,0,0,0,0,0,0,0,0,0,0,0,0,0,0,0.083333,0,0,0,0.083333,0,0,0,0.083333,0,0.083333,0,0
0,0.014925,0,0.014925,0.014925,0.029851,0.029851,0.014925,0.029851,0.014925,0,0.014925,0,0,0,0.029851,0.014925,0.014925,0.014925,0,0.014925,0.029851,0.014925,0,0.044776,0.029851,0,0,0.029851,0,0,0,0,0.014925,0,0.029851,0.014925,0,0,0,0.029851,0,0,0.014925,0.014925,0,0,0.044776,0.044776,0,0.014925,0,0,0.014925,0.014925,0.014925,0.089552,0.014925,0.029851,0.044776,0,0.059701,0.029851,0.044776
0.11111,0,0,0.055556,0,0,0,0,0,0,0,0,0,0.055556,0,0.055556,0,0.055556,0,0.055556,0,0,0,0,0,0.055556,0,0,0,0.055556,0,0,0.055556,0,0,0,0.11111,0,0,0,0,0,0,0,0,0,0.055556,0,0,0,0,0,0,0.055556,0.055556,0.055556,0,0,0.055556,0,0,0,0.055556,0
0.11111,0.055556,0.055556,0,0,0,0,0.055556,0,0,0,0,0.055556,0,0,0,0.055556,0.055556,0.11111,0,0.055556,0,0.055556,0,0,0,0,0,0,0,0.055556,0,0.055556,0,0.055556,0,0,0,0,0,0,0.055556,0,0,0,0,0,0,0,0,0.055556,0,0,0,0,0,0,0,0.055556,0,0,0,0,0
0,0,0,0,0.17647,0.058824,0,0,0,0,0,0,0,0.058824,0.058824,0,0.058824,0,0.058824,0.058824,0,0,0,0,0,0,0,0.058824,0,0,0,0,0.058824,0,0,0,0,0.058824,0,0,0,0,0,0,0,0,0.11765,0,0.058824,0,0,0,0,0,0,0,0.058824,0,0,0,0,0,0.058824,0
0,0,0.030303,0.030303,0.030303,0.030303,0.060606,0,0,0,0,0.030303,0,0,0,0.030303,0.060606,0,0,0,0.030303,0.030303,0,0,0,0,0,0.030303,0.030303,0.030303,0,0,0,0,0.060606,0,0.030303,0.12121,0,0,0,0,0,0,0,0.030303,0.030303,0.030303,0.030303,0,0,0,0.030303,0.030303,0,0,0.090909,0,0.030303,0.030303,0,0,0,0
0,0,0,0,0,0,0,0,0,0,0.0625,0,0.0625,0,0,0,0,0,0,0,0,0,0.0625,0,0,0,0.0625,0.0625,0.0625,0,0,0,0,0,0,0,0,0,0.0625,0,0,0.125,0.0625,0,0,0.0625,0,0.125,0.0625,0,0,0,0,0,0,0,0,0.0625,0,0,0,0,0,0.0625
0.030303,0.090909,0.030303,0.030303,0,0,0.060606,0,0,0.030303,0,0,0.030303,0.030303,0,0,0.030303,0,0,0.060606,0,0.090909,0,0,0.030303,0,0,0.030303,0,0,0,0,0,0,0,0,0.030303,0,0.030303,0.030303,0,0.060606,0,0.030303,0,0,0.030303,0,0.030303,0,0,0,0,0,0,0.030303,0.090909,0,0.030303,0,0,0,0,0.030303
0.042105,0.010526,0.021053,0.031579,0,0,0,0,0.010526,0.042105,0,0.021053,0,0.021053,0,0,0.12632,0.021053,0.15789,0.063158,0,0,0.021053,0,0,0.010526,0.021053,0,0.010526,0.010526,0.010526,0,0.031579,0,0.031579,0,0.010526,0,0.021053,0.010526,0,0,0.010526,0.010526,0,0,0,0,0,0.021053,0.052632,0.052632,0.010526,0,0.042105,0,0.010526,0.010526,0,0,0.010526,0,0.010526,0
0,0,0.037037,0.037037,0.037037,0,0,0,0,0,0,0.037037,0.11111,0,0,0.074074,0,0.037037,0.037037,0,0,0,0,0,0,0.037037,0,0,0.037037,0,0,0,0,0,0.074074,0,0,0.037037,0,0.037037,0,0.037037,0.037037,0,0,0,0,0,0,0,0,0,0.037037,0,0,0.037037,0.037037,0,0,0,0.037037,0.037037,0.074074,0.037037
0,0.071429,0,0,0.071429,0,0,0.071429,0,0,0,0,0,0.071429,0.071429,0,0.14286,0,0,0,0,0,0,0,0,0,0,0.071429,0.071429,0,0,0,0,0,0,0,0,0,0,0.071429,0,0,0,0,0,0,0,0,0.071429,0.071429,0.071429,0,0.071429,0,0,0,0,0,0,0,0,0,0,0
0.028571,0.028571,0.028571,0,0.028571,0,0.028571,0,0,0.057143,0,0,0,0.028571,0,0.028571,0.028571,0.085714,0,0,0,0,0.028571,0,0,0,0.028571,0,0,0,0.057143,0,0,0.057143,0.028571,0,0.057143,0,0,0,0,0,0.028571,0,0.028571,0.028571,0,0,0.028571,0,0,0,0.057143,0,0,0,0,0,0,0.028571,0.028571,0.057143,0,0.085714
0.030303,0.030303,0,0,0.030303,0,0,0,0.060606,0.060606,0,0,0.030303,0.060606,0.030303,0,0,0,0,0.030303,0.030303,0.030303,0.030303,0.030303,0.030303,0,0,0,0.030303,0,0.030303,0,0,0.030303,0,0.030303,0.030303,0.060606,0.030303,0,0,0,0,0,0,0,0,0,0.030303,0,0.030303,0,0,0,0.030303,0,0.030303,0.030303,0,0.030303,0,0.030303,0.030303,0
0,0,0,0.052632,0.026316,0,0,0,0.026316,0.026316,0,0,0,0,0,0.026316,0,0,0.026316,0,0.078947,0,0,0,0,0.026316,0.026316,0,0.026316,0,0.026316,0,0.078947,0,0.026316,0,0.078947,0.026316,0,0.026316,0,0.052632,0,0.026316,0.026316,0.052632,0.026316,0.026316,0,0,0,0.026316,0,0,0.052632,0,0.026316,0.026316,0,0.026316,0,0,0,0.026316
0,0,0,0.05,0,0.05,0.05,0,0,0.05,0,0,0,0,0.05,0,0.05,0.1,0,0,0,0.05,0,0,0,0,0,0,0,0,0,0,0.1,0,0,0,0,0.1,0,0,0,0.05,0,0.05,0,0,0.05,0,0,0,0,0.05,0.05,0,0,0,0.05,0,0.05,0,0,0,0,0
0.021277,0,0.021277,0.021277,0.042553,0.021277,0,0,0.021277,0,0.021277,0,0,0,0.085106,0,0.021277,0.021277,0,0,0.021277,0,0.021277,0.042553,0.042553,0,0,0,0,0,0.06383,0,0,0.021277,0.042553,0.042553,0.021277,0,0.021277,0,0.042553,0.042553,0.021277,0,0.021277,0,0,0,0.021277,0,0,0.021277,0,0,0,0,0,0.021277,0.042553,0.021277,0.021277,0.021277,0.06383,0
0.017857,0,0.017857,0.053571,0,0.017857,0,0.035714,0,0.017857,0.017857,0.017857,0.017857,0.017857,0,0.017857,0.035714,0.035714,0.017857,0.053571,0.053571,0.017857,0.017857,0,0.017857,0.035714,0,0,0,0,0,0.017857,0.017857,0,0,0,0,0.017857,0.035714,0.017857,0.035714,0,0,0.017857,0,0.017857,0,0,0,0.017857,0,0,0.035714,0,0.035714,0,0.017857,0.071429,0.017857,0.035714,0.017857,0.017857,0,0.017857
0,0,0,0,0,0,0,0.041667,0,0,0,0,0,0,0,0,0.041667,0,0.041667,0,0,0,0.041667,0,0.041667,0,0.041667,0.083333,0,0.083333,0.041667,0.041667,0.041667,0,0.041667,0,0,0,0,0,0.041667,0.041667,0,0,0,0,0,0,0,0,0.041667,0.041667,0.041667,0.041667,0.083333,0.041667,0,0,0.041667,0,0,0,0,0
0.08,0,0,0.08,0,0,0,0.08,0,0,0,0,0,0,0.08,0.04,0,0,0.08,0,0,0,0,0,0.04,0,0.04,0.04,0,0,0.04,0,0.04,0.04,0,0,0,0,0,0,0,0.04,0,0,0,0,0.04,0,0,0,0.04,0,0,0,0,0,0.04,0.04,0.04,0.04,0.04,0,0,0
0.05,0,0,0,0,0,0,0,0.05,0.05,0,0,0,0.05,0.05,0.05,0,0,0,0,0,0,0,0,0,0,0,0,0,0,0,0,0.1,0,0,0,0,0.05,0.1,0,0,0,0,0,0,0,0,0,0,0.05,0,0,0.05,0,0.05,0,0.1,0,0.05,0,0.1,0.05,0,0
0,0,0,0.0625,0.0625,0,0.0625,0,0,0,0,0.125,0,0,0.0625,0,0.0625,0,0,0,0.0625,0,0,0,0.0625,0,0.0625,0,0,0,0,0,0.0625,0,0,0,0,0,0,0,0,0,0,0,0,0,0.0625,0,0,0,0,0.0625,0,0,0,0.0625,0.0625,0,0,0,0,0,0.0625,0
0,0,0,0,0,0.034483,0,0,0.034483,0,0,0,0.068966,0.034483,0,0.034483,0.034483,0.034483,0,0.034483,0,0,0,0,0.034483,0.10345,0.034483,0,0,0,0.034483,0,0,0,0,0.034483,0,0.034483,0.034483,0,0,0,0,0,0.034483,0,0,0.034483,0,0,0,0.068966,0,0,0,0,0.034483,0,0.034483,0,0,0,0.068966,0.10345
0.0625,0,0.0625,0,0,0.0625,0,0,0,0.125,0,0,0,0.125,0,0,0,0,0,0,0.0625,0.0625,0,0,0,0,0,0,0,0,0,0,0.125,0,0,0,0,0,0,0,0,0,0.0625,0,0,0,0.0625,0,0,0,0,0,0.0625,0,0,0,0.0625,0,0,0,0,0,0,0.0625
0.047619,0.095238,0,0,0.047619,0,0,0,0,0,0,0.047619,0,0,0.047619,0.047619,0.047619,0.047619,0,0,0.047619,0,0,0,0,0.047619,0,0,0,0,0.095238,0,0,0,0,0,0,0,0,0,0.047619,0,0.047619,0,0,0.047619,0,0,0,0,0,0,0,0,0.047619,0,0,0.047619,0,0,0,0.047619,0.047619,0.047619
0.071429,0.21429,0,0,0.071429,0,0,0,0.071429,0,0,0,0,0,0,0,0,0,0,0,0,0,0,0,0,0,0,0,0.071429,0,0.14286,0,0,0,0.071429,0,0,0,0,0,0.071429,0,0,0,0,0,0,0,0.071429,0,0,0,0,0,0,0,0,0,0,0,0.071429,0,0.071429,0
0.1,0.033333,0.066667,0,0,0,0.033333,0,0,0.033333,0,0.033333,0.066667,0.033333,0,0,0.13333,0,0,0,0,0,0,0,0,0,0,0,0,0.033333,0,0.033333,0,0,0,0.033333,0,0,0,0,0,0,0,0,0.033333,0.033333,0,0,0.033333,0,0.033333,0.033333,0.1,0,0,0,0.033333,0.033333,0,0,0.033333,0,0,0
0,0.078947,0.052632,0.026316,0.078947,0.026316,0,0,0.026316,0,0,0.026316,0.052632,0.026316,0.026316,0,0.052632,0.026316,0,0,0.026316,0,0,0,0,0,0,0,0,0,0,0,0.052632,0.026316,0,0,0,0,0,0.026316,0.026316,0,0,0,0,0.026316,0,0,0,0.026316,0.026316,0.026316,0.026316,0,0.052632,0,0.026316,0,0,0.052632,0.026316,0.026316,0.026316,0
0.076923,0.076923,0.076923,0.076923,0.15385,0,0,0,0,0,0,0,0,0,0,0,0,0,0.076923,0,0,0,0,0,0,0,0,0,0,0,0,0,0,0,0,0,0,0,0.076923,0,0.076923,0,0,0,0,0,0,0,0.076923,0,0,0,0.076923,0,0,0,0,0,0.076923,0,0,0.076923,0,0
0.030303,0.060606,0.030303,0,0,0,0.030303,0,0,0.030303,0,0,0,0,0,0.090909,0,0.030303,0,0,0.030303,0,0,0,0,0,0,0,0,0,0,0,0,0,0,0,0.060606,0,0,0.030303,0.030303,0.030303,0,0,0,0,0.18182,0,0,0,0,0.030303,0,0,0,0,0.030303,0.030303,0,0.12121,0,0,0.090909,0.030303
0.043011,0.021505,0.021505,0.021505,0,0,0.032258,0.010753,0,0.021505,0,0,0.010753,0.021505,0,0.010753,0.010753,0.032258,0.021505,0.021505,0.043011,0,0.032258,0,0.010753,0.043011,0.032258,0.021505,0,0.010753,0.021505,0.010753,0.021505,0.010753,0,0,0.043011,0.010753,0.010753,0,0.021505,0,0.010753,0,0.021505,0.010753,0,0,0,0,0,0.032258,0.010753,0.010753,0.064516,0.043011,0,0.021505,0.021505,0.010753,0.032258,0.010753,0.010753,0.043011
0.090909,0.060606,0.030303,0,0.030303,0.030303,0.030303,0,0,0.030303,0,0.030303,0.060606,0,0.030303,0,0,0.030303,0.030303,0,0.060606,0,0,0,0.030303,0,0,0,0,0,0,0.030303,0.060606,0,0,0.030303,0,0,0.030303,0,0,0,0,0,0,0,0.030303,0.030303,0,0,0,0.030303,0.030303,0,0,0,0.030303,0,0,0.030303,0.030303,0.030303,0.030303,0
0.016949,0.067797,0.033898,0,0.10169,0.033898,0,0.016949,0.050847,0.033898,0.016949,0,0.050847,0.016949,0,0,0.050847,0.084746,0,0.016949,0.016949,0,0,0,0.016949,0,0.033898,0,0,0.016949,0,0,0.016949,0,0,0.016949,0.033898,0.016949,0,0,0.016949,0,0.016949,0,0,0,0,0,0.016949,0.016949,0,0.016949,0,0.016949,0,0,0.016949,0.050847,0,0.016949,0,0.033898,0.016949,0
0,0,0.05,0,0,0,0,0,0,0,0,0,0,0,0,0,0.1,0,0.3,0.05,0.05,0,0.05,0,0.15,0,0.05,0,0,0,0.1,0,0,0,0,0,0,0,0,0,0,0,0,0,0,0,0,0,0.05,0,0.05,0,0,0,0,0,0,0,0,0,0,0,0,0
0.066667,0.066667,0,0,0.066667,0,0,0.066667,0,0,0,0,0,0,0.066667,0,0,0.066667,0,0,0,0,0,0.066667,0,0,0,0,0,0,0,0,0,0,0,0,0.26667,0.066667,0,0,0.066667,0,0,0,0,0,0.066667,0,0,0,0,0,0,0,0,0,0,0,0,0,0,0.066667,0,0
0,0,0.021739,0,0.086957,0,0,0,0.086957,0.021739,0,0,0,0,0,0,0.065217,0,0,0,0.021739,0,0,0,0.13043,0,0,0.021739,0,0,0,0,0.021739,0,0,0,0.021739,0.021739,0.021739,0,0,0,0.021739,0,0,0,0.021739,0.043478,0,0,0,0,0.021739,0,0,0,0.19565,0.13043,0,0,0.021739,0,0,0
0,0.030303,0.030303,0.030303,0,0,0.030303,0,0.15152,0,0,0,0,0,0,0.030303,0.090909,0,0,0,0.030303,0,0.030303,0,0,0,0,0,0,0,0,0,0.15152,0,0.090909,0,0,0,0,0,0.030303,0,0.030303,0,0,0,0.030303,0,0,0.030303,0,0,0,0,0,0,0.12121,0.030303,0,0,0,0,0.030303,0
0.12121,0.030303,0.060606,0.090909,0,0.030303,0,0,0.030303,0,0,0,0.060606,0.030303,0,0,0.15152,0,0,0,0,0,0,0,0.030303,0,0,0,0,0,0,0,0,0,0.030303,0,0.030303,0,0.030303,0,0,0,0,0,0,0,0,0,0.060606,0,0,0,0,0,0,0.030303,0,0,0,0,0.060606,0.030303,0.060606,0.030303
0.04,0,0,0,0,0,0,0.08,0,0,0,0.04,0.08,0.04,0,0,0,0,0.04,0,0,0,0.04,0,0,0.04,0,0.04,0.04,0.08,0.04,0,0.04,0,0,0,0,0,0,0,0.04,0.04,0,0,0,0.04,0,0,0.04,0,0.08,0,0,0,0.04,0,0,0.04,0,0,0.04,0,0,0
0.125,0,0,0,0.1875,0,0.125,0,0,0,0,0,0,0,0,0.125,0,0,0.0625,0,0,0,0,0,0,0,0,0,0,0,0.0625,0,0,0,0,0,0.0625,0,0,0.0625,0,0,0,0,0,0,0.0625,0,0,0,0,0,0.0625,0,0,0.0625,0,0,0,0,0,0,0,0
0.10526,0.10526,0.052632,0,0,0,0,0,0,0,0.052632,0.052632,0,0,0,0.052632,0,0,0.052632,0,0,0,0,0,0,0,0,0,0,0,0,0.10526,0.10526,0,0.052632,0,0.052632,0,0,0,0.052632,0,0,0,0,0,0,0,0,0,0,0,0.052632,0,0,0,0,0.052632,0,0,0,0.052632,0,0
0.071429,0,0,0,0,0,0,0.071429,0,0.071429,0,0,0.071429,0,0,0.14286,0,0,0,0,0.071429,0,0,0,0,0,0,0,0,0,0,0,0,0,0,0,0.071429,0,0.071429,0,0.071429,0,0,0,0,0,0,0,0,0.071429,0,0,0.071429,0,0,0,0,0,0,0,0.14286,0,0,0
0.029412,0,0.029412,0.029412,0.029412,0.029412,0.029412,0.029412,0.11765,0,0.029412,0,0.029412,0,0,0,0,0,0,0.029412,0,0,0,0,0.029412,0.11765,0.029412,0,0,0,0,0,0,0.058824,0,0,0.029412,0,0,0,0,0,0,0.029412,0,0.029412,0,0.029412,0,0,0,0,0.058824,0,0,0.029412,0,0.029412,0.029412,0,0.029412,0,0.029412,0.029412
0.027027,0.027027,0,0,0,0.027027,0,0.027027,0,0.054054,0.027027,0,0,0.027027,0,0.027027,0.027027,0,0,0.027027,0,0,0.081081,0,0,0.054054,0.027027,0,0,0,0,0,0.10811,0,0.027027,0,0,0,0,0.027027,0,0.054054,0,0,0.027027,0.027027,0,0,0,0,0,0.027027,0,0,0.027027,0.054054,0.027027,0.027027,0,0,0.054054,0,0.027027,0.027027
0,0,0,0,0,0,0.0625,0,0,0,0,0,0,0,0,0,0.0625,0,0,0,0,0,0,0,0.0625,0.0625,0.0625,0.0625,0.0625,0,0,0.0625,0,0,0,0,0,0,0,0.0625,0,0,0.0625,0,0,0.125,0.0625,0,0,0,0,0,0.0625,0,0,0,0.0625,0.0625,0,0,0,0,0,0
0,0,0,0,0,0,0,0,0,0,0,0,0,0,0.071429,0,0,0,0,0,0,0,0.14286,0,0,0.071429,0,0,0,0,0,0,0,0,0,0,0,0,0,0,0,0,0,0,0,0,0,0,0,0,0.071429,0.071429,0,0.14286,0.071429,0,0,0.071429,0.14286,0,0,0,0.14286,0
0.088235,0.11765,0.058824,0.029412,0,0,0,0,0,0,0,0.058824,0,0.029412,0,0,0.058824,0,0,0,0.029412,0,0.029412,0,0,0.029412,0,0,0,0,0,0,0,0,0,0,0.058824,0,0,0,0.029412,0.058824,0,0,0,0.029412,0.058824,0,0.058824,0,0,0,0.029412,0,0,0.029412,0.029412,0.029412,0,0,0.029412,0,0.029412,0
0.034483,0,0.034483,0,0,0,0.068966,0.034483,0.034483,0,0,0,0,0,0,0.034483,0.034483,0,0,0,0.068966,0,0.068966,0,0,0.034483,0,0.068966,0.034483,0,0,0.068966,0.034483,0,0,0,0.068966,0.034483,0,0,0.034483,0,0,0,0,0,0.034483,0.034483,0.034483,0.034483,0,0,0,0,0,0.034483,0,0,0,0,0,0,0,0.034483
0,0,0,0,0.083333,0,0,0,0,0,0,0,0,0.083333,0,0,0,0,0,0.083333,0,0,0,0,0,0,0,0.083333,0.083333,0,0,0,0.083333,0,0.083333,0.083333,0.083333,0,0,0,0,0,0,0,0,0,0,0,0,0.083333,0,0,0,0,0,0,0,0,0.083333,0.083333,0,0,0,0
0,0,0,0,0,0,0,0,0.019231,0,0,0.038462,0,0.019231,0.019231,0.038462,0,0.019231,0,0,0.019231,0,0,0.019231,0,0.019231,0,0.019231,0,0.038462,0.019231,0.019231,0,0,0.019231,0.019231,0,0.038462,0.019231,0.057692,0.057692,0.019231,0.019231,0,0,0.019231,0.038462,0.057692,0,0,0,0,0.038462,0.019231,0.019231,0.019231,0,0,0.038462,0.019231,0.057692,0.076923,0,0.038462
0.047619,0,0,0,0,0,0,0,0,0,0,0,0.095238,0,0,0,0,0,0,0,0.14286,0.047619,0.047619,0,0,0,0.047619,0,0,0,0.047619,0.047619,0.095238,0,0.047619,0,0,0,0,0.047619,0,0.047619,0.047619,0,0,0,0,0,0,0,0,0,0,0,0.047619,0.047619,0,0.047619,0.047619,0,0,0,0,0
0,0.027778,0.027778,0,0.027778,0,0,0.027778,0,0,0,0.055556,0,0,0,0.027778,0,0.083333,0,0.055556,0,0,0.027778,0,0,0.055556,0.027778,0,0.027778,0,0.027778,0.055556,0,0,0,0,0.027778,0.055556,0,0.027778,0,0.027778,0,0,0,0,0,0.083333,0,0,0,0,0.027778,0,0,0.027778,0,0,0,0.083333,0.027778,0,0.027778,0.027778
0,0.029412,0,0.029412,0.088235,0,0,0,0,0.029412,0,0,0,0.029412,0,0,0.058824,0,0.058824,0.029412,0,0,0,0.029412,0,0.029412,0,0,0,0,0,0,0,0,0.029412,0.029412,0.058824,0,0.029412,0,0,0.029412,0,0,0,0,0.058824,0,0,0.029412,0,0,0.11765,0,0.029412,0.029412,0.058824,0,0,0.029412,0,0,0,0.058824
0.044118,0.014706,0.029412,0.044118,0.029412,0.029412,0.029412,0.029412,0.014706,0.014706,0,0,0.014706,0.029412,0.044118,0.014706,0.014706,0.014706,0.044118,0,0.044118,0.029412,0,0.014706,0.014706,0,0,0,0.014706,0,0,0,0,0.014706,0,0.014706,0.014706,0.014706,0,0.014706,0.029412,0.014706,0,0,0,0,0.029412,0.014706,0.029412,0.014706,0,0,0.029412,0.014706,0.014706,0.014706,0,0.029412,0.044118,0,0.014706,0.014706,0.014706,0.029412
0.036364,0,0.018182,0.036364,0.036364,0,0,0,0,0.054545,0.018182,0.018182,0.018182,0,0.036364,0.018182,0.10909,0,0.018182,0,0,0,0,0,0,0.036364,0.018182,0,0.054545,0.018182,0.054545,0,0.018182,0.036364,0,0,0.10909,0.036364,0,0.018182,0.036364,0,0,0,0,0.018182,0.018182,0,0.018182,0,0,0,0,0,0.018182,0,0,0,0,0,0.018182,0.018182,0,0.036364
0.31579,0,0,0,0,0,0,0,0,0,0,0,0.052632,0,0,0,0.052632,0.052632,0.052632,0,0.052632,0,0,0,0,0,0,0,0,0,0,0,0.052632,0,0,0,0,0,0.052632,0.052632,0,0.052632,0,0,0,0,0,0,0.052632,0,0,0,0,0,0.052632,0,0,0.052632,0,0,0,0.052632,0,0
0,0.071429,0,0.071429,0,0,0,0,0,0,0,0,0,0.071429,0,0,0,0,0.14286,0,0,0,0,0,0,0.071429,0,0.071429,0,0,0,0,0,0.071429,0.071429,0,0,0,0,0,0,0,0,0,0.071429,0,0.14286,0,0.14286,0,0,0,0,0,0,0,0,0,0,0,0,0,0,0
0.076923,0,0,0,0,0,0,0,0,0,0,0,0.076923,0.076923,0,0.15385,0,0,0,0,0,0,0,0,0,0,0,0.076923,0,0,0,0,0,0,0,0,0.076923,0,0.076923,0,0,0,0,0.076923,0,0,0,0.076923,0,0,0,0,0,0,0,0,0.076923,0,0,0,0.076923,0.076923,0,0
0,0,0,0,0,0,0,0,0,0,0,0,0,0,0,0,0.090909,0.090909,0,0.090909,0.18182,0,0,0,0,0,0,0,0,0,0,0,0,0,0,0,0,0.090909,0,0,0.090909,0,0,0,0,0,0,0,0.090909,0,0,0,0,0,0,0,0,0,0.090909,0.18182,0,0,0,0
0,0,0.1,0.1,0,0.1,0,0,0,0,0.1,0,0,0,0,0,0,0,0.1,0,0,0,0,0,0,0,0,0,0,0,0.1,0,0,0,0,0,0,0,0,0,0,0,0.1,0,0,0,0,0,0,0.1,0,0.1,0,0,0,0,0,0,0,0,0.1,0,0,0
0.05,0,0,0,0.05,0,0,0,0.05,0.05,0.05,0,0,0,0,0,0.05,0,0,0,0,0,0,0,0,0,0,0.05,0,0.05,0,0,0.05,0,0.05,0,0,0,0,0.05,0,0,0.05,0,0,0.05,0.05,0.1,0.05,0,0,0,0,0,0,0,0,0.05,0,0,0,0.1,0,0
0.028571,0.085714,0,0.028571,0.057143,0,0.057143,0,0,0.028571,0.028571,0,0,0,0,0,0.028571,0,0,0.028571,0,0,0,0,0.057143,0,0,0,0,0,0.028571,0,0.028571,0,0,0.028571,0,0,0.028571,0,0,0,0.057143,0,0.028571,0,0.028571,0,0,0,0.028571,0,0.028571,0.085714,0,0,0,0.028571,0,0,0,0.057143,0.028571,0.085714
0.13793,0,0.034483,0.034483,0.068966,0,0,0,0,0,0,0,0.034483,0,0.068966,0,0.034483,0,0,0,0.068966,0,0,0,0,0,0,0,0,0,0,0,0,0,0,0,0.068966,0.034483,0.068966,0,0,0,0,0.034483,0,0,0.034483,0,0.034483,0,0,0.068966,0,0,0,0,0,0.034483,0,0.10345,0.034483,0,0,0
0.038462,0,0,0.038462,0,0.038462,0,0.038462,0,0,0,0,0.076923,0,0,0,0.11538,0,0,0,0.038462,0,0,0,0.038462,0,0,0,0,0,0.038462,0,0.038462,0,0,0,0,0.038462,0,0,0,0.038462,0,0,0,0,0.076923,0,0,0,0,0,0.076923,0.038462,0,0,0,0.038462,0.038462,0.038462,0.038462,0,0,0.076923
0,0,0,0,0,0,0,0.22222,0,0.11111,0,0,0,0,0,0,0,0,0,0,0,0,0.11111,0,0,0,0,0,0,0,0,0.11111,0,0,0,0,0,0,0,0,0,0,0,0,0,0,0,0.11111,0.22222,0,0,0,0,0,0.11111,0,0,0,0,0,0,0,0,0
0.047619,0.047619,0,0.047619,0,0,0,0,0,0.047619,0,0,0.14286,0,0,0,0.047619,0.047619,0,0,0,0,0,0,0.047619,0,0.047619,0,0,0,0,0,0.047619,0.047619,0,0,0,0.047619,0,0,0,0.047619,0,0,0,0,0.047619,0,0.095238,0,0,0,0.047619,0,0,0,0,0,0,0,0.047619,0,0,0.047619
0.15789,0,0,0,0,0.10526,0.052632,0,0,0,0,0,0,0,0.10526,0.10526,0,0.052632,0.052632,0.052632,0.052632,0,0,0.052632,0,0,0,0,0,0.052632,0,0,0,0,0,0,0.052632,0,0.052632,0,0,0,0,0,0,0,0,0,0,0,0.052632,0,0,0,0,0,0,0,0,0,0,0,0,0
0.073171,0,0,0.02439,0.02439,0,0,0.073171,0,0,0,0,0.04878,0,0,0.04878,0,0.02439,0,0.02439,0.02439,0.02439,0.097561,0.02439,0.04878,0,0.02439,0.02439,0.02439,0,0.02439,0,0,0,0,0,0,0.02439,0,0,0.02439,0.02439,0,0,0,0,0,0,0.02439,0,0,0,0.02439,0,0.097561,0,0,0,0.04878,0,0.02439,0,0,0.04878
0,0.15385,0,0.076923,0,0,0,0.076923,0,0,0,0,0.076923,0,0,0.15385,0,0,0,0,0,0,0,0,0,0,0,0.076923,0,0,0,0,0,0,0,0,0,0,0,0,0,0,0,0.076923,0,0,0,0,0,0,0,0,0,0,0,0,0,0,0,0.076923,0.076923,0.15385,0,0
0,0,0.125,0,0,0,0,0,0.0625,0.0625,0,0.0625,0,0,0,0,0.0625,0,0,0.125,0,0,0,0,0.0625,0,0,0,0,0,0,0,0,0,0,0,0,0,0,0.0625,0.0625,0,0,0,0,0,0.0625,0,0,0,0,0,0,0,0.0625,0,0,0,0,0.0625,0.0625,0,0,0.0625
0,0,0,0.076923,0.076923,0,0,0,0,0.076923,0,0,0,0,0,0,0,0.076923,0,0,0,0,0,0,0,0.076923,0,0.076923,0,0,0,0,0,0,0,0,0,0,0.076923,0,0,0,0,0,0,0,0,0,0.076923,0,0.076923,0.076923,0,0,0,0,0,0,0,0,0,0.076923,0.15385,0
0.083333,0,0,0,0,0,0,0,0,0,0,0.083333,0,0,0.083333,0,0.083333,0,0.083333,0.083333,0,0.083333,0,0,0,0,0,0,0,0,0,0,0,0,0,0,0,0,0,0,0,0,0,0.083333,0,0,0,0,0,0,0.083333,0,0,0.083333,0,0,0.083333,0,0,0.083333,0,0,0,0
0,0,0,0,0,0,0,0,0,0,0,0.045455,0,0.045455,0.045455,0,0.045455,0.045455,0,0,0.045455,0,0.045455,0,0.045455,0,0.090909,0,0,0,0.045455,0,0,0,0,0,0,0,0,0.090909,0,0,0,0,0,0,0.045455,0,0,0,0,0.045455,0.045455,0,0,0,0,0.090909,0.090909,0,0.045455,0,0,0.045455
0.047619,0,0,0.047619,0,0,0.047619,0,0.047619,0,0,0,0,0.047619,0,0,0,0,0.047619,0,0,0,0,0,0.047619,0,0,0.047619,0,0,0,0,0.047619,0.047619,0,0,0.19048,0,0.047619,0,0.047619,0,0,0,0,0,0.047619,0.047619,0,0,0.047619,0,0,0,0.047619,0,0,0,0,0,0,0,0.047619,0
0.057143,0,0.028571,0.028571,0.057143,0,0,0,0,0.11429,0,0,0,0,0.028571,0,0,0,0.028571,0.028571,0,0,0,0,0.057143,0,0.028571,0.057143,0,0,0,0,0,0,0.085714,0,0,0,0,0,0.028571,0.028571,0.028571,0,0.028571,0,0.028571,0,0,0,0,0,0,0,0.028571,0,0,0.057143,0,0.085714,0,0.028571,0.057143,0
0,0,0,0,0,0,0,0,0,0.066667,0,0,0,0,0,0,0,0,0.066667,0,0,0,0,0,0,0,0,0.066667,0,0,0,0.066667,0,0,0,0.066667,0,0,0,0,0,0,0,0,0.13333,0,0,0,0,0,0,0.066667,0,0,0,0,0,0,0,0,0.066667,0,0,0.4
0,0.057143,0.028571,0,0.028571,0,0.028571,0,0,0,0,0,0.028571,0,0,0,0.057143,0.028571,0.028571,0,0.028571,0,0,0,0,0,0,0,0.085714,0,0,0.028571,0.028571,0,0,0,0,0,0,0,0,0,0,0,0,0.028571,0.028571,0.028571,0.028571,0.028571,0.028571,0.028571,0.028571,0,0,0.028571,0.057143,0.085714,0.057143,0.057143,0,0,0,0.028571
0.15385,0.15385,0,0,0,0,0,0,0.076923,0,0,0,0,0,0.15385,0,0.076923,0,0,0,0,0,0,0,0,0,0,0,0,0,0,0,0,0,0.076923,0,0.076923,0,0,0,0,0,0,0,0,0,0,0,0.076923,0.076923,0,0,0,0,0,0,0,0,0,0,0,0,0,0.076923
0.052632,0,0.078947,0.026316,0.078947,0.026316,0.026316,0.026316,0,0.026316,0,0,0.026316,0,0.026316,0.078947,0.026316,0,0,0,0.052632,0,0,0,0.026316,0.026316,0,0.026316,0,0,0,0,0.078947,0,0.026316,0,0.026316,0.026316,0,0,0,0,0,0,0,0,0.026316,0,0,0.026316,0.052632,0,0,0.026316,0,0,0.026316,0.052632,0,0,0,0,0,0
0.05,0.05,0.025,0,0.025,0,0.025,0,0.025,0.075,0,0,0,0,0.05,0.025,0,0.075,0.025,0,0,0.025,0,0.025,0,0.075,0,0,0.05,0,0,0.025,0.025,0,0.025,0,0.025,0,0,0,0,0,0,0,0.025,0,0.025,0,0.025,0.05,0,0.05,0,0,0,0.025,0.025,0,0.025,0,0,0,0,0.025
0,0.025641,0.025641,0.025641,0.076923,0.025641,0.051282,0,0,0,0,0,0,0.025641,0,0,0.12821,0.025641,0.076923,0,0.025641,0.025641,0,0,0.025641,0,0,0.025641,0,0.025641,0.051282,0.025641,0,0,0,0,0.025641,0,0.025641,0.025641,0,0.025641,0,0,0.051282,0.025641,0,0,0,0,0.025641,0.051282,0,0,0.025641,0,0,0,0,0.025641,0,0,0,0
0,0.045455,0,0,0,0,0.045455,0,0,0.045455,0,0,0,0,0,0,0,0,0,0,0.090909,0,0,0,0,0.045455,0,0,0,0,0,0,0,0.045455,0,0,0.045455,0,0.045455,0,0,0,0,0,0,0.045455,0.045455,0,0,0,0.045455,0,0,0,0,0,0,0.090909,0,0,0,0.18182,0.13636,0.045455
0,0,0,0.0625,0.125,0,0,0,0.0625,0,0,0.0625,0.1875,0,0,0,0,0,0,0.0625,0,0.0625,0,0,0,0,0,0,0,0,0,0,0,0,0,0,0,0,0,0,0,0,0,0,0,0,0,0,0,0.0625,0,0.0625,0,0,0,0.0625,0,0,0,0.0625,0.0625,0,0.0625,0
0.058824,0,0,0.058824,0.058824,0,0,0,0.058824,0,0.11765,0,0,0,0,0.058824,0,0,0,0,0,0,0.058824,0,0,0,0,0.058824,0,0,0,0.058824,0,0,0,0,0,0,0,0,0,0.058824,0.058824,0,0,0,0,0,0,0,0,0.058824,0,0.058824,0,0,0.058824,0.058824,0,0,0.058824,0,0,0
0.071429,0,0,0.071429,0,0,0,0.071429,0,0,0,0,0.071429,0.14286,0,0,0,0.071429,0,0,0,0,0,0,0.071429,0,0,0,0,0,0,0,0.071429,0,0,0,0.071429,0,0,0,0.071429,0,0,0,0,0,0,0,0.071429,0,0,0,0,0,0,0,0,0,0.071429,0,0,0,0.071429,0
0.0625,0,0.0625,0.125,0,0,0,0,0,0,0,0.0625,0.0625,0,0,0,0.0625,0.0625,0,0,0,0,0,0,0,0,0,0,0.0625,0,0,0,0,0,0,0,0.0625,0,0,0,0,0,0,0,0,0.0625,0,0.0625,0.1875,0,0.0625,0,0,0,0,0,0,0,0,0,0,0,0,0
0.125,0,0,0,0,0,0,0.083333,0.041667,0.041667,0,0,0,0,0,0.041667,0,0,0.041667,0,0,0.041667,0,0,0,0,0.041667,0.041667,0,0.041667,0,0,0,0,0,0,0,0,0,0,0,0,0.041667,0,0.041667,0,0,0,0,0,0,0.041667,0,0.041667,0.083333,0.041667,0,0,0,0,0,0.16667,0,0
0,0,0,0,0.052632,0,0,0,0,0.052632,0,0,0.052632,0,0,0,0,0.052632,0,0,0,0.052632,0.10526,0,0,0,0,0,0.10526,0.052632,0,0,0,0,0,0,0,0,0.052632,0,0,0,0.10526,0,0,0,0.052632,0,0,0.10526,0,0,0,0.052632,0,0.052632,0,0,0.052632,0,0,0,0,0
0,0.083333,0,0,0,0,0,0.041667,0.020833,0,0.020833,0,0,0.083333,0,0.041667,0,0,0.041667,0.041667,0.020833,0,0,0.020833,0.041667,0.041667,0,0.041667,0.020833,0,0,0,0.020833,0,0.020833,0.020833,0,0.020833,0.041667,0,0,0.020833,0,0,0,0.020833,0.0625,0,0,0,0.020833,0,0,0,0,0.020833,0.020833,0,0.020833,0.020833,0.020833,0,0.041667,0.041667
0.045455,0,0,0,0.045455,0,0.045455,0.045455,0,0,0,0,0.045455,0,0,0,0,0,0,0,0,0,0,0,0,0,0.045455,0,0,0,0,0.045455,0,0.045455,0,0,0.045455,0,0,0.045455,0,0.045455,0.045455,0,0,0.090909,0,0,0,0,0,0.090909,0,0,0.045455,0.045455,0.045455,0,0,0.090909,0,0,0,0.045455
0,0,0.076923,0,0,0,0,0,0,0,0,0,0,0,0,0.076923,0,0,0,0,0,0,0,0,0,0,0,0.076923,0,0.076923,0,0,0,0,0,0,0,0,0.076923,0,0.076923,0,0,0,0,0,0,0,0,0,0,0,0,0,0.076923,0,0,0.15385,0.076923,0.076923,0,0,0.076923,0.076923
0.037037,0.037037,0,0.037037,0.037037,0,0,0,0,0,0,0.074074,0.037037,0,0,0,0.037037,0,0,0.074074,0,0,0,0,0.037037,0,0,0.074074,0,0,0,0,0,0,0.037037,0,0,0,0,0,0,0,0,0,0,0,0.037037,0.037037,0.074074,0.074074,0,0.037037,0.037037,0,0,0,0,0,0,0,0.037037,0.037037,0.037037,0.074074
0.052632,0.052632,0.026316,0.026316,0,0,0,0,0,0,0,0,0.026316,0,0,0,0,0.026316,0,0.026316,0,0.026316,0,0.052632,0,0.026316,0,0,0.078947,0,0.026316,0.026316,0,0,0,0,0,0.026316,0.026316,0,0,0.026316,0,0.026316,0,0,0.026316,0,0.026316,0.052632,0,0.052632,0.026316,0,0,0.052632,0.052632,0,0.026316,0,0.052632,0.026316,0,0.026316
0,0,0.071429,0,0,0,0,0,0.071429,0,0.071429,0,0,0,0,0,0.071429,0,0,0,0.071429,0,0,0,0.071429,0,0,0.071429,0,0,0,0,0,0,0,0,0,0,0,0,0.071429,0,0,0.071429,0,0,0.071429,0,0.071429,0,0,0,0,0,0,0,0.071429,0.071429,0.071429,0,0,0,0,0
0,0,0,0,0.047619,0,0,0.047619,0,0,0,0,0.047619,0,0.047619,0.19048,0,0,0,0,0.047619,0,0.047619,0,0.095238,0.047619,0,0,0,0,0,0,0,0,0,0,0,0,0,0,0,0.047619,0,0,0,0,0,0,0.047619,0,0,0.047619,0.095238,0,0,0,0,0,0,0.047619,0,0,0.095238,0
0.047619,0,0,0.071429,0.02381,0.02381,0,0.02381,0.02381,0,0,0.047619,0.14286,0.02381,0.14286,0.02381,0,0,0,0,0,0,0,0,0.02381,0,0,0.02381,0.047619,0,0.02381,0,0.02381,0.02381,0,0,0,0,0,0,0,0,0,0,0,0.02381,0.047619,0,0,0.02381,0,0,0.047619,0,0.02381,0,0.047619,0,0,0,0,0,0,0.02381
0.05,0.016667,0.033333,0,0,0.033333,0,0,0.05,0,0,0,0,0.016667,0,0.033333,0,0,0,0.016667,0.033333,0,0,0,0.033333,0.05,0.016667,0,0,0.016667,0,0.05,0,0.016667,0.033333,0.033333,0,0,0.016667,0.05,0.016667,0.033333,0.05,0,0,0.033333,0,0.033333,0.016667,0,0,0,0,0.016667,0,0,0.016667,0.016667,0.05,0.016667,0.033333,0.033333,0.016667,0.016667
0.12281,0.070175,0.017544,0.017544,0.052632,0.017544,0.035088,0,0.035088,0.052632,0,0,0.017544,0,0,0.052632,0.017544,0,0.017544,0,0,0,0.017544,0,0,0.017544,0.017544,0.035088,0,0.035088,0.017544,0,0.035088,0,0,0.017544,0,0.017544,0.017544,0,0,0,0,0.017544,0.017544,0,0,0,0.017544,0.017544,0.017544,0.035088,0,0,0,0,0.017544,0.017544,0,0,0.052632,0.017544,0,0.017544
0.037037,0,0,0,0,0.037037,0.037037,0,0,0,0,0.037037,0,0.037037,0,0,0.037037,0.074074,0,0,0.037037,0,0.037037,0.037037,0.037037,0.037037,0,0,0.074074,0,0,0.037037,0,0,0,0.074074,0.074074,0.037037,0,0.037037,0.11111,0.037037,0,0,0,0,0,0,0,0,0,0,0,0,0,0,0.037037,0,0,0,0,0,0,0
0,0.046512,0,0,0.046512,0.023256,0.023256,0,0.046512,0,0,0.023256,0.046512,0,0,0.023256,0.093023,0.023256,0.046512,0,0.023256,0,0,0,0.023256,0.023256,0,0,0,0.023256,0.046512,0.046512,0,0,0,0.023256,0.023256,0,0,0,0.023256,0,0.023256,0,0.023256,0,0,0,0,0,0,0,0,0.046512,0,0,0.023256,0.046512,0.023256,0,0.046512,0.046512,0,0.023256
0,0.019231,0,0,0.019231,0,0.019231,0.038462,0,0.019231,0,0,0.019231,0,0,0.038462,0,0.019231,0,0.038462,0,0,0,0,0,0.038462,0.057692,0,0,0,0.019231,0.038462,0.057692,0,0,0,0,0,0.019231,0,0.076923,0.019231,0,0.019231,0,0.038462,0.076923,0,0.019231,0.019231,0,0,0,0,0.038462,0,0,0.038462,0,0.038462,0.019231,0.038462,0.076923,0.019231
0.047619,0,0.095238,0,0.047619,0,0,0,0.047619,0,0,0,0,0,0,0,0.047619,0,0.095238,0,0,0,0,0,0,0,0,0,0,0,0.047619,0,0.047619,0.047619,0.047619,0,0,0,0,0,0.047619,0,0,0.047619,0.047619,0.047619,0.047619,0.047619,0,0,0.047619,0,0,0.047619,0.047619,0,0,0,0,0,0,0,0,0
0.10345,0.034483,0,0,0,0.034483,0,0,0,0,0,0,0,0,0.034483,0,0,0,0,0.10345,0,0.034483,0,0.034483,0,0,0,0,0,0.034483,0.034483,0,0,0,0.034483,0,0,0,0.034483,0,0,0,0,0,0,0.034483,0.034483,0.068966,0,0.068966,0,0.068966,0,0,0,0.034483,0,0,0.034483,0,0,0.034483,0,0.10345
0,0.083333,0.083333,0.083333,0,0,0,0,0.083333,0,0,0,0,0,0.083333,0,0,0,0.083333,0,0,0,0,0,0,0,0,0,0,0,0,0,0,0,0,0,0,0,0.083333,0,0,0.083333,0,0,0,0,0.083333,0,0,0,0.083333,0,0,0,0,0,0,0,0.083333,0.083333,0,0,0,0
0,0,0,0,0,0.034483,0.034483,0,0,0,0,0,0,0,0,0,0.034483,0.034483,0,0,0.034483,0,0,0,0,0,0,0.034483,0,0.034483,0.068966,0,0,0,0,0.034483,0,0.034483,0,0.034483,0.034483,0,0,0,0,0,0.10345,0.068966,0,0,0.034483,0.034483,0,0,0,0.034483,0,0,0,0.068966,0.034483,0.034483,0.068966,0.068966
0,0,0,0,0,0,0.055556,0,0,0.055556,0,0,0,0,0,0,0,0,0,0,0,0,0,0.055556,0,0.055556,0,0,0,0.055556,0,0.11111,0,0,0,0,0,0.055556,0,0,0,0,0,0,0,0.055556,0.055556,0,0.055556,0,0,0,0,0.11111,0,0,0,0.055556,0.055556,0.055556,0,0.055556,0.055556,0
0.05,0,0.1,0.1,0,0.05,0,0,0.05,0,0,0,0,0,0,0,0.1,0,0,0,0,0,0.05,0,0.1,0,0,0,0,0,0.05,0,0.05,0,0.05,0,0,0,0,0,0,0.1,0,0,0,0,0.05,0,0,0,0,0,0.05,0,0,0,0.05,0,0,0,0,0,0,0
0.02381,0,0.02381,0.02381,0,0,0,0.02381,0,0.047619,0,0,0,0.02381,0,0,0.02381,0,0,0,0,0,0,0,0.02381,0,0,0,0,0.02381,0,0.071429,0.02381,0.071429,0,0.047619,0.047619,0.047619,0,0,0.11905,0.071429,0,0,0,0.02381,0.095238,0,0,0,0,0,0,0.047619,0.02381,0.02381,0,0.02381,0,0.02381,0,0,0,0
0,0,0,0.071429,0,0.071429,0,0,0.071429,0,0,0,0.071429,0.071429,0,0,0.071429,0,0,0.14286,0.071429,0,0,0,0.071429,0,0,0,0,0,0,0,0,0,0,0,0,0,0,0,0,0,0,0,0,0,0,0,0.071429,0,0.071429,0.071429,0.071429,0,0,0,0,0,0,0,0,0,0,0
0,0,0,0,0,0,0,0,0.090909,0,0,0,0,0.090909,0,0.090909,0.090909,0,0,0,0,0,0,0,0,0,0,0,0,0,0,0,0,0,0,0,0,0,0,0,0,0,0,0,0,0,0.090909,0.18182,0,0,0,0.090909,0,0,0.090909,0,0,0,0.090909,0,0,0.090909,0,0
0.058824,0,0.058824,0.058824,0,0.058824,0.058824,0,0,0,0,0,0,0.058824,0,0.11765,0.058824,0.058824,0,0,0.058824,0,0,0,0,0,0,0,0,0,0,0,0.058824,0,0,0,0.058824,0,0,0,0,0,0,0,0,0,0,0.058824,0.058824,0,0,0,0,0.058824,0.058824,0,0,0,0,0,0,0,0,0
0.038462,0.038462,0.038462,0.076923,0.11538,0,0.038462,0,0,0,0,0,0,0,0.076923,0,0.076923,0.038462,0,0,0,0,0,0,0.038462,0,0,0,0.038462,0,0,0,0,0,0,0,0,0,0,0,0,0,0,0,0,0,0,0,0.076923,0,0.038462,0.038462,0,0.038462,0,0,0.038462,0,0.038462,0,0.11538,0,0,0
0,0.071429,0,0,0,0,0.071429,0.071429,0,0.071429,0,0.071429,0,0,0,0,0,0,0,0.071429,0.14286,0,0.071429,0,0,0,0,0,0,0,0,0,0,0,0,0,0.071429,0,0.071429,0,0,0,0,0,0.071429,0,0,0,0.071429,0,0,0,0,0,0,0,0,0,0,0,0,0.071429,0,0
0.13333,0,0,0,0,0,0,0,0,0.066667,0,0,0,0,0,0,0.066667,0,0,0,0,0,0,0,0,0,0.066667,0,0.066667,0,0,0.066667,0.066667,0,0,0,0,0,0,0,0,0.066667,0,0,0,0,0,0,0,0,0,0,0.066667,0,0.13333,0,0,0,0,0.066667,0.13333,0,0,0
0.24,0.04,0,0.08,0.04,0.04,0,0,0,0.04,0,0,0.04,0.04,0.04,0,0.04,0.08,0,0,0,0,0.04,0,0.04,0,0.04,0,0,0,0.04,0,0,0,0,0,0.04,0,0,0,0,0,0,0,0,0,0,0,0.08,0,0,0,0,0,0,0,0,0,0,0,0,0,0,0
0.052632,0.10526,0,0,0,0.052632,0,0,0,0,0,0,0,0.052632,0.052632,0.052632,0.10526,0,0,0,0,0,0,0,0.10526,0,0,0,0,0,0,0,0,0.052632,0,0,0,0,0,0,0,0,0,0,0,0,0.052632,0,0,0.052632,0,0,0.052632,0,0,0,0.052632,0.052632,0,0.052632,0,0.052632,0,0
0.071429,0.071429,0,0,0,0.071429,0,0,0,0,0,0.14286,0,0,0,0.071429,0,0,0,0,0,0,0,0,0.071429,0,0,0,0.071429,0,0,0,0,0,0,0,0,0.071429,0,0,0,0,0,0,0,0,0.071429,0,0,0,0,0,0,0,0,0,0,0,0.071429,0.071429,0.071429,0.071429,0,0
0.16,0.04,0.04,0.08,0.04,0,0,0,0,0.08,0.04,0,0,0,0,0,0,0,0,0,0.12,0,0,0,0,0,0,0,0,0,0.04,0,0,0,0,0,0.04,0,0,0,0,0,0,0,0.04,0,0.08,0,0.04,0,0,0,0,0.04,0,0,0.04,0,0.08,0,0,0,0,0
0,0,0,0,0,0,0,0,0,0,0.25,0,0,0,0,0,0,0,0.125,0,0,0,0.125,0,0,0,0,0,0,0,0,0,0,0,0.125,0,0,0,0,0,0,0,0,0,0,0.125,0,0,0,0,0,0.125,0,0,0,0.125,0,0,0,0,0,0,0,0
0.047619,0.02381,0.02381,0.047619,0,0,0,0.02381,0,0,0.02381,0,0.047619,0,0,0.02381,0,0,0,0,0,0,0,0,0,0.047619,0,0.047619,0.02381,0,0.047619,0,0,0.02381,0,0,0.02381,0,0.071429,0,0.02381,0.02381,0.02381,0.02381,0,0,0.02381,0,0,0.02381,0,0,0,0,0.02381,0,0.047619,0.095238,0,0,0.047619,0.047619,0.02381,0.02381
0.04,0,0.04,0,0.04,0,0,0.04,0,0,0,0,0,0.04,0,0,0,0.04,0,0,0.04,0,0.04,0,0,0,0,0,0.04,0.08,0.04,0,0,0,0.04,0.08,0.08,0.04,0,0,0,0.04,0.04,0,0.04,0,0,0,0.08,0,0,0,0,0,0,0,0,0.04,0.04,0,0,0,0,0
0,0,0.047619,0.047619,0.047619,0.047619,0,0,0,0.047619,0.047619,0.047619,0,0.047619,0,0.047619,0,0,0,0.047619,0.047619,0,0,0.047619,0.047619,0,0,0,0,0.047619,0,0,0,0,0,0,0,0,0.047619,0,0,0,0,0,0,0,0,0,0,0,0,0.095238,0,0.047619,0,0,0.047619,0,0,0.047619,0.047619,0,0,0
0.047619,0.047619,0,0,0,0,0,0.047619,0,0,0,0,0,0,0,0.047619,0,0.047619,0,0,0,0,0,0,0,0,0.047619,0,0,0,0,0.047619,0.047619,0,0.047619,0,0,0,0,0,0.047619,0.047619,0,0,0.095238,0,0,0.047619,0.047619,0,0,0.047619,0.047619,0,0,0,0,0,0,0,0.047619,0,0,0.14286
0,0,0,0,0.02381,0.02381,0.02381,0.047619,0,0,0,0.047619,0,0.02381,0,0.047619,0,0.02381,0.02381,0.02381,0,0.047619,0.02381,0,0,0,0,0,0,0.047619,0,0.047619,0.02381,0.02381,0,0.02381,0.02381,0.02381,0,0,0.02381,0,0.02381,0.02381,0.02381,0.02381,0.02381,0.02381,0,0,0,0,0.047619,0.071429,0,0,0.02381,0.047619,0,0,0,0.02381,0,0.02381
0,0,0,0.083333,0,0,0,0,0,0,0,0,0.083333,0,0,0,0,0,0.16667,0.083333,0,0,0,0,0,0,0,0,0,0,0,0,0,0,0,0,0,0,0,0,0.083333,0,0,0,0,0,0,0,0,0.083333,0,0,0,0,0,0,0,0,0.083333,0,0,0.083333,0.25,0
0.11765,0.058824,0,0.058824,0,0,0,0,0.029412,0,0,0.029412,0.029412,0.029412,0,0,0.11765,0,0,0,0,0,0,0,0.088235,0,0,0.029412,0.029412,0,0,0.058824,0,0,0,0,0.088235,0.029412,0,0.029412,0,0,0,0,0,0.029412,0,0,0.029412,0,0,0.088235,0,0,0,0,0,0,0,0,0,0,0,0.029412
0.043478,0,0.13043,0,0,0,0,0.021739,0.086957,0.021739,0.021739,0,0,0,0,0,0,0,0,0.021739,0.021739,0,0,0,0.021739,0.021739,0,0,0,0.021739,0,0.021739,0.13043,0.021739,0.021739,0.021739,0,0.021739,0,0,0.043478,0.021739,0,0.021739,0.043478,0.021739,0.065217,0,0,0.021739,0,0,0,0,0,0,0.021739,0.021739,0,0.021739,0,0,0,0.021739
0,0,0.1,0,0,0,0,0,0,0,0.1,0,0.1,0,0,0,0.1,0,0,0,0,0,0,0,0.1,0,0,0,0,0,0,0,0.1,0,0,0,0,0,0,0,0.1,0.1,0,0,0,0,0,0.1,0.1,0,0,0,0,0,0,0,0,0,0,0,0,0,0,0
0.060606,0,0,0.060606,0.030303,0.030303,0.030303,0.030303,0.060606,0,0,0,0,0,0,0,0.060606,0,0,0,0,0,0,0,0.060606,0,0,0,0.030303,0,0.030303,0,0.060606,0,0,0.030303,0,0.030303,0,0,0.030303,0,0,0.030303,0,0,0,0,0.12121,0,0.060606,0,0.030303,0,0,0,0,0.030303,0,0,0,0.030303,0.060606,0
0.02439,0,0,0.02439,0.02439,0,0,0.02439,0.04878,0.02439,0.02439,0.02439,0,0.02439,0.04878,0.02439,0.04878,0,0.02439,0,0.02439,0.02439,0,0,0.073171,0.02439,0.02439,0.02439,0,0,0,0.02439,0,0,0,0,0.073171,0.04878,0.02439,0.04878,0,0.02439,0.02439,0,0,0,0,0.02439,0,0,0,0,0.02439,0,0.04878,0,0,0,0,0,0.04878,0,0,0
0,0.027778,0.027778,0.027778,0,0,0,0,0.027778,0.027778,0,0,0,0.027778,0,0,0.055556,0,0.083333,0.055556,0.027778,0,0,0,0.055556,0,0,0,0.027778,0.027778,0.083333,0,0,0.027778,0.027778,0,0,0.027778,0.027778,0,0,0,0,0.027778,0.027778,0.027778,0.027778,0,0,0,0.027778,0,0,0.083333,0,0,0,0,0.027778,0,0,0.055556,0,0
0,0.090909,0,0,0,0,0,0,0.090909,0,0,0,0,0,0,0.18182,0,0,0,0,0,0,0,0,0,0,0,0,0.090909,0.090909,0,0,0,0,0.090909,0,0,0,0,0,0.090909,0,0,0,0,0,0,0,0,0,0,0,0,0,0,0,0,0,0,0.090909,0,0.090909,0.090909,0
0,0,0,0,0,0,0.095238,0,0,0,0,0.047619,0,0.047619,0.14286,0,0.047619,0,0,0,0,0,0.047619,0,0,0,0.047619,0,0.047619,0.047619,0.047619,0,0.047619,0,0.047619,0,0.047619,0.047619,0,0,0,0,0,0,0,0,0,0,0,0,0.047619,0,0,0,0,0,0,0.047619,0.095238,0,0,0,0,0
0,0,0,0.085714,0,0,0.028571,0,0.057143,0,0,0,0,0,0,0.028571,0,0,0,0,0.057143,0.028571,0,0,0,0,0.028571,0.028571,0,0,0.057143,0,0,0,0.057143,0.028571,0.028571,0,0.028571,0,0.057143,0.028571,0.028571,0,0,0.028571,0,0,0,0.057143,0.028571,0,0,0,0.085714,0,0,0,0,0.057143,0,0.057143,0.028571,0
0.047619,0.33333,0,0,0,0,0,0,0,0.047619,0,0,0.047619,0,0,0,0.047619,0.14286,0,0,0,0,0,0,0.047619,0,0,0,0,0,0.047619,0,0,0,0,0,0,0,0,0,0,0,0,0.047619,0.047619,0,0,0,0,0.047619,0,0,0,0,0,0,0,0.095238,0,0,0,0,0,0
0.071429,0,0,0.14286,0,0,0.071429,0,0,0,0,0,0,0,0,0,0,0,0,0,0,0,0.071429,0,0.071429,0,0,0,0,0,0,0,0.071429,0,0,0,0,0,0.14286,0,0,0,0,0,0,0,0,0.071429,0.071429,0.071429,0,0,0,0,0,0,0,0,0,0.071429,0.071429,0,0,0
0,0.071429,0.071429,0,0,0,0,0,0.071429,0,0,0,0,0,0,0.071429,0,0,0.071429,0,0,0,0.071429,0,0,0,0,0,0,0,0,0.071429,0.071429,0,0,0,0,0,0,0,0,0,0,0,0.071429,0,0,0.071429,0,0,0,0,0,0,0,0,0,0.071429,0.071429,0,0,0.071429,0,0.071429
0.041667,0.041667,0.020833,0.020833,0.020833,0.020833,0.041667,0.020833,0.020833,0.020833,0.020833,0.020833,0.020833,0.041667,0.020833,0,0.041667,0,0,0,0,0,0,0.020833,0.0625,0.020833,0.020833,0,0,0.020833,0,0,0.0625,0.020833,0.020833,0,0.041667,0,0,0.020833,0,0,0,0.020833,0,0.020833,0,0.020833,0.041667,0,0.020833,0,0,0,0,0,0,0,0.020833,0,0.0625,0,0,0.041667
0,0,0,0,0,0,0.095238,0,0,0.047619,0,0,0,0,0,0.047619,0.047619,0.047619,0,0,0,0,0.047619,0,0.047619,0,0,0,0,0,0,0.047619,0,0.047619,0,0,0.047619,0,0.047619,0.047619,0,0,0.047619,0,0,0,0,0.047619,0,0,0,0.047619,0,0,0,0,0.047619,0.047619,0,0,0.047619,0,0,0.095238
0.041667,0,0,0.083333,0.041667,0,0,0.041667,0,0,0,0.083333,0,0,0.041667,0,0,0.041667,0.083333,0,0,0,0,0,0,0,0,0,0,0.041667,0,0.041667,0,0,0,0,0,0,0,0,0,0.083333,0,0,0,0,0,0,0,0.041667,0.041667,0,0,0.041667,0.041667,0.041667,0,0,0,0,0.041667,0,0.083333,0.041667
0.015152,0.045455,0.060606,0,0.015152,0.015152,0,0.015152,0,0.030303,0.015152,0.015152,0,0.015152,0.030303,0.030303,0.015152,0.045455,0.030303,0,0.030303,0,0.015152,0,0,0.030303,0,0,0,0,0.015152,0.015152,0.030303,0,0.015152,0,0.015152,0.015152,0.015152,0,0,0.030303,0.015152,0.015152,0.015152,0.015152,0,0,0,0.015152,0,0,0.015152,0.015152,0,0.015152,0,0.030303,0.030303,0,0.060606,0.015152,0.060606,0.060606
0,0,0,0,0,0,0,0,0,0,0,0.05,0.15,0,0.05,0,0.05,0,0,0,0,0,0,0,0,0,0,0,0,0,0,0,0,0,0,0,0,0,0,0,0,0,0.15,0.05,0,0,0,0,0,0,0,0.05,0.1,0.05,0,0,0,0.05,0.05,0.2,0,0,0,0
0.047619,0,0,0,0,0,0,0,0,0,0,0.047619,0.047619,0.047619,0,0.047619,0.047619,0,0,0,0,0,0,0.047619,0,0,0,0,0,0,0.047619,0,0,0,0.047619,0.047619,0,0.047619,0,0,0,0,0.047619,0,0.047619,0,0,0,0,0,0,0.047619,0.19048,0,0.047619,0,0,0,0,0,0,0,0,0.095238
0.071429,0,0,0,0,0,0,0,0,0,0,0,0,0,0,0,0,0,0,0,0.071429,0,0,0,0,0.071429,0,0,0,0,0.14286,0,0.071429,0,0,0,0,0,0.14286,0,0.071429,0,0,0,0,0,0.071429,0,0,0,0,0,0,0,0,0,0,0,0.071429,0.071429,0,0,0.071429,0.071429
0,0.02381,0,0,0,0.02381,0,0.02381,0.02381,0,0.02381,0,0,0.047619,0,0.047619,0.047619,0,0.047619,0.02381,0.047619,0.047619,0,0.02381,0.02381,0.047619,0,0.02381,0.02381,0,0,0.02381,0.02381,0.02381,0.02381,0,0.02381,0.02381,0,0,0.02381,0.02381,0,0,0,0,0,0.02381,0,0,0,0.02381,0,0,0.02381,0,0.071429,0,0,0.02381,0.02381,0.02381,0,0.02381
0.02439,0,0,0,0.02439,0.02439,0,0,0.12195,0.073171,0,0,0.02439,0.04878,0,0.04878,0.04878,0.02439,0.02439,0,0,0.02439,0,0,0.04878,0.04878,0,0,0.02439,0,0,0,0,0,0,0,0,0,0.02439,0,0.02439,0,0,0,0,0.02439,0,0,0,0.12195,0.04878,0,0,0,0,0,0,0.04878,0,0,0,0.073171,0,0
0,0.083333,0,0,0,0,0,0.083333,0,0,0,0,0,0,0,0.083333,0,0,0,0,0,0,0,0,0,0,0,0.083333,0,0,0,0,0,0,0.083333,0.083333,0,0.083333,0,0,0,0.083333,0,0,0,0,0,0,0,0,0,0,0,0,0,0,0,0,0.16667,0,0,0,0,0.16667
0.090909,0,0,0,0.045455,0,0,0.090909,0.045455,0,0,0,0.090909,0,0,0,0,0,0,0,0,0,0,0,0,0,0,0,0,0,0,0,0,0,0,0,0,0.045455,0,0,0,0,0,0,0,0,0.045455,0.090909,0.090909,0.045455,0,0,0,0,0,0,0.090909,0.045455,0.045455,0,0.045455,0.045455,0,0.045455
0.027397,0.013699,0,0.013699,0.013699,0,0,0,0.013699,0.027397,0,0,0,0.013699,0.013699,0.09589,0.013699,0,0,0.027397,0.013699,0,0,0,0.041096,0.013699,0,0.013699,0,0,0,0,0,0,0.013699,0,0.013699,0,0,0.013699,0,0,0.013699,0.013699,0.09589,0,0.013699,0.013699,0.041096,0.054795,0.041096,0.013699,0,0,0.013699,0.027397,0.027397,0.013699,0,0.041096,0.054795,0.013699,0,0.10959
0,0.033333,0,0,0,0,0.066667,0.033333,0,0,0,0.033333,0,0,0.066667,0.066667,0,0.13333,0,0.033333,0,0,0,0.033333,0.066667,0,0,0,0,0,0,0,0.033333,0.033333,0,0,0,0.066667,0,0,0,0,0,0,0.066667,0,0,0,0,0,0,0.033333,0,0.066667,0,0.066667,0,0,0.033333,0,0,0,0.033333,0
0,0,0,0,0.055556,0,0,0,0,0,0.055556,0,0,0,0,0.11111,0,0,0,0,0,0.055556,0,0,0,0.055556,0,0,0,0,0,0,0.055556,0,0.055556,0,0.055556,0,0,0.055556,0,0,0,0,0.055556,0.055556,0,0,0.055556,0,0.055556,0,0,0,0,0,0,0.055556,0.055556,0,0,0,0,0.11111
0,0.05,0,0,0,0,0,0.05,0,0.05,0,0,0,0,0.05,0.05,0,0,0,0,0.05,0,0,0,0,0,0,0.05,0,0,0.05,0,0,0,0.05,0,0.05,0,0,0,0,0,0,0,0,0.05,0.05,0,0.1,0.05,0,0.05,0,0,0,0,0,0,0,0,0,0.1,0,0.1
0.090909,0,0,0,0,0,0,0,0,0.090909,0,0,0,0,0.090909,0,0.18182,0,0,0,0,0.18182,0.090909,0,0,0,0,0,0,0,0,0,0,0,0,0,0,0,0,0,0,0,0,0,0,0,0,0,0.090909,0,0.090909,0,0,0,0,0,0,0,0,0,0,0,0.090909,0
0.23529,0.029412,0,0,0,0,0,0.029412,0.029412,0.029412,0,0.029412,0.058824,0,0,0,0,0,0,0,0.029412,0,0,0,0,0.058824,0,0,0.029412,0,0,0,0.029412,0,0,0,0,0,0.058824,0,0.029412,0,0,0,0,0.029412,0.058824,0.058824,0,0,0,0,0,0.029412,0,0,0,0.029412,0.058824,0.029412,0,0.029412,0,0
0.03125,0.0625,0,0.03125,0.03125,0,0,0,0,0,0,0.0625,0,0,0,0.03125,0.03125,0,0,0,0,0.03125,0,0,0,0,0,0.03125,0,0.03125,0,0,0.0625,0,0,0,0.03125,0.0625,0.03125,0,0.03125,0,0,0,0.03125,0.0625,0.09375,0,0.03125,0,0,0,0,0,0.03125,0,0,0,0.03125,0.0625,0.03125,0,0,0.03125
0,0,0.03125,0.015625,0.015625,0.015625,0,0.03125,0.015625,0.046875,0,0,0.015625,0.0625,0,0.03125,0,0.015625,0.078125,0.046875,0.015625,0,0.03125,0,0,0.03125,0,0,0,0,0.015625,0,0.0625,0.015625,0.03125,0.015625,0.046875,0,0.03125,0,0.046875,0.015625,0,0.015625,0,0,0,0.015625,0,0.015625,0.03125,0,0.046875,0,0.03125,0,0.015625,0,0.015625,0.015625,0,0,0.015625,0
0,0,0,0,0,0,0,0,0,0,0,0,0,0,0,0,0.2,0,0,0.2,0,0,0,0,0,0,0,0,0,0,0,0.1,0,0,0,0,0.1,0,0,0,0,0,0,0.1,0,0,0,0,0,0,0,0.1,0,0,0,0.1,0,0,0,0,0,0,0,0.1
0,0,0.071429,0,0,0,0,0,0,0,0,0,0,0,0,0,0,0,0.071429,0,0,0,0,0.071429,0,0,0,0,0,0.071429,0,0,0,0,0,0,0,0,0,0.071429,0,0,0,0.071429,0,0,0,0,0.14286,0,0,0,0.071429,0.071429,0.071429,0,0,0,0.071429,0,0,0,0.071429,0.071429
0.060606,0.030303,0,0.060606,0,0.030303,0.060606,0.030303,0,0,0,0,0.090909,0,0.030303,0.030303,0.030303,0,0.060606,0,0,0.030303,0.030303,0,0,0,0,0,0,0,0,0,0,0,0,0.030303,0,0,0,0,0.030303,0,0,0,0.030303,0,0.030303,0,0.060606,0.030303,0,0,0.030303,0,0,0.030303,0,0.060606,0,0,0,0,0.030303,0.060606
0.033333,0,0.066667,0.1,0,0.033333,0,0.033333,0,0,0,0,0,0,0.033333,0,0.033333,0,0,0,0,0.033333,0.033333,0,0.033333,0,0,0.066667,0,0,0,0,0.066667,0,0,0,0,0,0,0,0.033333,0,0,0.033333,0.066667,0,0.033333,0,0.033333,0.066667,0,0,0,0,0,0.033333,0.033333,0,0.033333,0.033333,0.033333,0,0,0
0.10345,0,0,0,0,0,0,0,0.068966,0,0,0,0.068966,0,0.10345,0,0.068966,0,0,0,0,0,0,0.034483,0,0.034483,0,0,0.034483,0,0,0,0,0,0,0.034483,0.034483,0.034483,0.034483,0,0.034483,0,0,0,0,0,0.034483,0,0.034483,0,0,0.034483,0,0.034483,0,0,0,0,0,0.068966,0,0.034483,0,0.068966
0.035088,0,0.017544,0.035088,0,0.017544,0.017544,0,0.017544,0.017544,0,0,0.017544,0.017544,0,0.035088,0.017544,0,0.035088,0.017544,0.035088,0.017544,0,0.035088,0,0.017544,0,0.017544,0.052632,0,0,0,0,0.017544,0,0.035088,0.017544,0,0.035088,0,0,0,0,0,0,0,0.052632,0.017544,0.017544,0,0,0.017544,0.070175,0.035088,0.035088,0.017544,0,0.017544,0,0.017544,0.035088,0,0.052632,0.035088
0,0,0,0,0,0,0,0,0,0,0.083333,0,0,0,0,0,0,0,0.083333,0,0,0.083333,0,0,0,0,0,0,0,0.083333,0,0,0,0,0,0,0.083333,0,0,0,0,0,0,0,0,0,0.16667,0.083333,0,0,0,0,0,0,0,0,0,0.083333,0,0,0,0,0.083333,0.16667
0,0.020408,0,0,0,0,0,0,0,0,0,0,0.020408,0.020408,0.020408,0.061224,0.020408,0,0,0,0.020408,0,0,0,0.020408,0,0,0.020408,0.020408,0.020408,0.081633,0.020408,0,0,0.020408,0,0,0.020408,0,0,0.020408,0.061224,0,0.040816,0.020408,0.020408,0,0.081633,0,0.040816,0,0,0,0,0.020408,0.061224,0.020408,0,0,0.061224,0,0.020408,0.061224,0.061224
0,0,0,0.04,0,0.04,0,0.04,0,0,0,0,0,0,0,0,0.08,0,0,0,0,0,0,0,0,0.04,0,0,0,0.04,0.04,0,0,0.04,0,0.04,0,0,0,0,0.04,0.04,0,0,0,0,0.04,0.08,0,0,0,0,0,0.04,0.04,0,0.04,0,0.08,0,0.08,0,0,0.12
0.18919,0.027027,0,0,0.027027,0.054054,0,0.054054,0,0,0,0,0.027027,0,0,0,0.027027,0.054054,0,0.027027,0,0,0,0,0.054054,0.027027,0,0,0,0,0,0.027027,0.027027,0,0,0,0,0.054054,0,0.027027,0.027027,0,0,0.027027,0,0,0,0,0.027027,0,0.027027,0,0,0.081081,0,0,0.027027,0,0.027027,0,0,0,0.027027,0.027027
0,0,0,0.076923,0.15385,0,0,0,0,0,0,0.076923,0,0,0,0,0,0,0,0,0,0,0,0.076923,0.076923,0,0,0,0,0,0,0,0,0,0,0,0,0,0.076923,0.076923,0,0,0,0,0.076923,0,0.076923,0,0,0,0,0,0.076923,0,0,0,0,0,0.076923,0.076923,0,0,0,0
0,0.026316,0.052632,0.078947,0.026316,0,0,0.026316,0,0,0,0,0.026316,0,0.026316,0.026316,0,0,0.026316,0,0,0,0,0,0.026316,0.026316,0,0,0,0,0.026316,0,0,0,0,0.026316,0,0,0.078947,0.026316,0.026316,0,0,0.026316,0.052632,0.026316,0.052632,0,0,0,0,0,0.026316,0,0.052632,0.052632,0,0,0.026316,0.078947,0,0.026316,0.026316,0
0.029412,0,0,0,0,0.029412,0,0,0.029412,0,0.029412,0.029412,0.058824,0,0.029412,0.029412,0.029412,0,0,0,0,0,0,0,0,0,0.029412,0.058824,0,0.058824,0.029412,0.029412,0.029412,0,0.058824,0,0.058824,0,0,0,0,0.029412,0.029412,0,0,0,0.11765,0,0,0,0,0.029412,0.029412,0,0.029412,0,0,0.029412,0,0.058824,0,0,0,0
0,0,0,0,0,0,0,0,0,0,0,0.0625,0.0625,0,0.0625,0,0,0,0,0,0,0,0,0,0,0,0,0.0625,0,0,0,0,0,0,0,0,0,0,0.0625,0.0625,0,0,0,0.0625,0.125,0,0.0625,0,0,0,0,0,0.0625,0,0,0,0,0,0,0.1875,0,0,0,0.125
0.11111,0.11111,0,0,0,0.055556,0.055556,0.055556,0.055556,0,0,0,0.055556,0.055556,0,0,0.055556,0,0,0,0,0,0,0,0,0,0,0,0,0,0,0,0,0,0,0,0.16667,0,0,0,0,0,0,0,0,0,0.055556,0,0,0.055556,0,0,0,0,0,0,0,0,0,0.055556,0,0,0.055556,0
0.064516,0,0.032258,0,0,0,0,0,0,0,0,0,0.064516,0,0,0,0.032258,0,0.032258,0,0.032258,0,0,0,0,0,0.032258,0,0,0,0,0,0,0,0,0.032258,0.064516,0,0,0,0,0,0,0.032258,0,0.032258,0,0.032258,0.096774,0,0,0,0.032258,0.032258,0.032258,0,0,0,0.032258,0.064516,0.032258,0,0.032258,0.16129
0.13333,0,0.066667,0,0.066667,0,0,0,0,0,0,0,0.066667,0,0,0,0.13333,0.066667,0,0,0.066667,0,0,0,0,0,0,0.066667,0,0,0,0,0,0,0,0,0.066667,0,0,0,0,0,0,0,0,0,0.066667,0,0,0.066667,0,0,0,0,0.066667,0,0,0.066667,0,0,0,0,0,0
0,0,0,0,0.032258,0,0,0,0,0,0,0,0,0,0,0,0,0.032258,0,0,0,0,0,0,0,0,0,0,0,0,0,0.064516,0,0,0,0,0,0.032258,0,0.032258,0,0,0,0,0.064516,0.032258,0,0.064516,0.032258,0,0.032258,0.032258,0.064516,0,0,0,0,0.032258,0,0.064516,0,0.032258,0.096774,0.25806
0,0.043478,0.043478,0,0.043478,0,0,0,0.043478,0,0,0,0,0,0,0.043478,0,0.043478,0,0.043478,0.043478,0,0,0,0.086957,0,0,0,0,0.086957,0,0,0.043478,0,0,0.043478,0,0,0.043478,0,0,0,0,0,0,0,0,0.043478,0,0,0.043478,0.043478,0.043478,0,0,0,0.043478,0,0,0,0,0.086957,0.043478,0
0,0.1,0,0,0,0,0.1,0,0,0,0,0,0.1,0,0,0,0.2,0,0,0,0,0,0,0,0,0,0,0,0.1,0,0,0.1,0,0.2,0,0,0,0,0,0,0,0,0,0,0,0,0,0,0,0,0,0,0,0,0.1,0,0,0,0,0,0,0,0,0
0.038462,0,0,0,0,0,0.076923,0,0,0.038462,0,0,0.038462,0.038462,0,0.076923,0.038462,0,0.038462,0,0.038462,0,0.038462,0,0.076923,0.038462,0,0.076923,0,0,0,0,0,0,0.038462,0,0.038462,0.038462,0.038462,0,0,0,0,0,0,0,0,0,0,0,0,0,0.038462,0,0,0,0,0,0.038462,0,0,0,0.038462,0.076923
0.019608,0.058824,0,0.019608,0,0,0.019608,0,0,0,0,0.019608,0.11765,0.019608,0.019608,0.019608,0,0,0,0.078431,0,0.019608,0.019608,0,0,0.019608,0,0.019608,0,0,0,0.019608,0.039216,0,0,0,0,0,0.019608,0,0,0,0,0,0,0,0.058824,0.019608,0,0.019608,0.019608,0.078431,0,0,0.019608,0.019608,0,0.039216,0.019608,0.039216,0,0.058824,0,0.058824
0,0,0,0,0,0,0,0,0,0,0,0,0,0.090909,0,0.090909,0,0,0,0,0,0,0,0,0,0,0,0,0,0,0,0,0.090909,0,0,0,0.090909,0.090909,0,0.090909,0,0,0,0,0,0,0.090909,0.090909,0.090909,0,0,0,0,0,0,0,0,0,0,0,0.18182,0,0,0
0,0,0,0.047619,0,0,0,0.02381,0,0,0,0,0.095238,0,0,0.071429,0,0.02381,0,0,0,0,0.047619,0,0,0,0,0.02381,0.02381,0.02381,0.02381,0.02381,0.02381,0,0,0,0.071429,0.02381,0.02381,0,0,0,0,0,0.02381,0.02381,0.047619,0.02381,0.071429,0,0,0,0.02381,0,0.02381,0.047619,0.02381,0.02381,0.047619,0.02381,0,0,0,0.02381
0,0,0.066667,0,0,0.066667,0,0,0,0,0.066667,0.066667,0,0.066667,0,0,0.066667,0.13333,0,0,0,0,0,0,0.066667,0,0,0.066667,0,0.066667,0.066667,0,0,0,0,0,0,0,0,0,0,0,0,0,0,0,0,0,0,0,0,0,0,0.066667,0,0.066667,0,0,0,0,0,0,0,0.066667
0.034483,0.068966,0.034483,0,0.034483,0,0,0,0,0,0,0,0,0.034483,0.034483,0,0,0,0.10345,0.034483,0.034483,0,0.034483,0,0,0.034483,0,0.034483,0,0,0,0,0.034483,0.034483,0,0,0,0.034483,0.034483,0,0.034483,0.068966,0.034483,0,0,0.034483,0,0.034483,0.034483,0,0,0,0,0,0,0.034483,0,0.034483,0,0,0,0,0.034483,0
0.047619,0.047619,0.047619,0,0.047619,0,0,0,0,0,0,0.047619,0,0,0,0,0.047619,0,0,0,0.047619,0,0,0,0,0,0,0.095238,0,0,0.047619,0,0,0,0.047619,0,0.047619,0,0,0.047619,0,0,0,0,0,0,0.047619,0.047619,0,0,0.095238,0,0,0,0.047619,0,0,0.047619,0,0,0.095238,0,0,0
0.018868,0.018868,0,0,0.056604,0,0.018868,0.037736,0.037736,0.018868,0,0.037736,0,0.09434,0,0,0.037736,0.037736,0,0.018868,0.037736,0,0.018868,0.018868,0,0.018868,0,0,0,0,0,0,0,0.018868,0,0,0.037736,0.018868,0.018868,0.037736,0,0,0,0,0,0,0.018868,0.018868,0.037736,0.018868,0,0.018868,0.056604,0,0.056604,0.037736,0,0,0.018868,0.018868,0,0.018868,0.018868,0
0.15385,0,0.076923,0,0.076923,0,0,0,0,0,0,0,0,0,0,0,0,0.076923,0.076923,0.076923,0,0.076923,0,0,0,0,0,0,0,0,0,0,0,0,0,0,0.076923,0,0,0,0,0,0,0,0,0,0,0,0,0,0,0,0,0,0,0,0.15385,0.15385,0,0,0,0,0,0
0,0,0.034483,0.017241,0.017241,0.017241,0.051724,0,0.034483,0,0,0,0,0.017241,0,0,0.068966,0,0.017241,0,0.12069,0,0,0,0.034483,0,0.017241,0,0,0,0.017241,0,0.034483,0,0.034483,0.017241,0,0.017241,0,0.017241,0.034483,0.034483,0.051724,0.034483,0.051724,0,0.068966,0.034483,0,0,0,0,0,0.017241,0,0,0,0,0.034483,0.017241,0,0,0,0.034483
0,0,0,0,0.15385,0.076923,0.076923,0.076923,0,0.076923,0,0,0.076923,0,0,0,0,0,0.076923,0,0,0,0,0,0.076923,0,0,0,0,0,0,0,0,0,0,0,0,0,0,0,0.076923,0,0,0,0,0,0,0,0,0,0,0,0,0,0,0,0,0.076923,0,0,0,0.076923,0,0.076923
0,0,0,0.066667,0.066667,0,0,0,0,0,0,0,0.066667,0,0,0,0.066667,0,0,0,0,0,0.066667,0,0,0.066667,0.066667,0,0,0,0,0.066667,0,0,0,0.066667,0,0,0.066667,0,0,0,0,0,0,0,0.066667,0,0.066667,0,0,0.066667,0,0,0.066667,0,0,0,0,0.066667,0,0,0,0
0,0,0,0.060606,0.030303,0.030303,0,0,0,0.030303,0,0,0,0,0,0,0,0,0.030303,0.030303,0,0,0,0,0,0.060606,0.030303,0,0,0.030303,0.030303,0,0.030303,0,0,0,0,0.060606,0.060606,0.030303,0,0,0,0.030303,0,0,0.030303,0,0,0,0,0.030303,0.030303,0.060606,0,0.030303,0.060606,0.030303,0,0.030303,0,0.12121,0,0
0,0,0,0.15789,0,0.052632,0,0,0,0,0,0,0,0,0,0.10526,0.15789,0,0,0.052632,0,0,0.052632,0,0,0.10526,0,0,0,0.052632,0,0,0,0,0,0,0.052632,0,0,0,0,0,0,0,0,0,0,0,0.052632,0,0,0,0,0,0.10526,0.052632,0,0,0,0,0,0,0,0
0,0,0.1,0,0,0,0,0,0,0,0,0,0.2,0,0,0,0,0,0,0,0,0,0,0,0,0,0,0,0.2,0,0,0.1,0,0,0,0,0,0.1,0,0,0,0,0,0,0,0,0,0,0,0,0,0.1,0,0,0,0,0,0,0,0.1,0,0.1,0,0
0,0.0625,0,0.0625,0,0,0,0,0,0,0,0,0,0.0625,0,0,0,0.0625,0,0,0,0,0,0,0.0625,0.0625,0,0,0,0,0.0625,0.125,0.0625,0,0,0,0.0625,0,0,0,0,0.0625,0,0.0625,0,0,0,0.0625,0,0,0,0,0,0,0,0.0625,0,0,0,0,0,0,0.0625,0
0,0,0,0,0,0,0,0,0,0,0,0,0,0.11111,0.11111,0,0,0,0,0,0,0,0,0,0.11111,0,0,0,0,0,0,0,0,0.11111,0,0,0,0,0.11111,0,0,0,0,0,0,0,0.11111,0,0,0,0.11111,0,0,0,0.11111,0,0,0.11111,0,0,0,0,0,0
0.15385,0,0,0,0.076923,0,0.076923,0,0,0,0,0,0,0,0,0.076923,0,0.076923,0,0,0,0,0,0,0,0,0.076923,0,0,0,0,0,0,0,0,0.076923,0,0.076923,0,0,0,0,0,0,0,0,0,0,0,0,0,0,0,0,0,0,0,0,0,0.076923,0,0,0.15385,0.076923
0.03125,0,0.03125,0,0.03125,0,0,0.03125,0,0,0,0,0,0.03125,0,0.03125,0.03125,0,0.03125,0.03125,0,0,0.0625,0,0.03125,0.0625,0,0,0,0.03125,0,0,0.03125,0,0,0,0.03125,0,0,0.03125,0.03125,0.0625,0,0.03125,0.03125,0,0.0625,0,0,0.03125,0,0,0,0,0,0,0.03125,0.0625,0.03125,0,0,0,0.03125,0.03125
0,0,0,0,0,0.2,0,0,0,0,0,0,0,0,0,0,0.1,0,0,0,0,0,0,0,0,0,0,0,0,0,0,0,0,0,0,0,0,0,0,0,0,0,0,0,0,0,0,0,0,0,0,0.1,0.1,0,0,0,0.1,0.3,0,0,0,0.1,0,0
0.16667,0,0,0,0,0,0,0.083333,0,0,0,0,0,0,0.083333,0,0.083333,0,0,0,0,0,0,0.083333,0,0,0,0.083333,0,0,0.083333,0.083333,0,0,0,0,0.083333,0,0,0,0,0.083333,0,0,0,0,0,0,0,0,0,0,0,0,0,0,0.083333,0,0,0,0,0,0,0
0.12,0,0,0.04,0,0.04,0.04,0.04,0.04,0,0.04,0,0.04,0.04,0.04,0,0.04,0,0,0.04,0,0,0.04,0,0,0,0,0.04,0,0,0.04,0,0,0,0,0,0,0.04,0,0,0.04,0,0.04,0,0,0,0,0,0.08,0,0,0,0,0,0.04,0,0,0,0.08,0,0,0,0,0
0,0,0.076923,0.076923,0.076923,0,0,0,0.076923,0.076923,0,0,0,0,0,0,0,0.076923,0,0,0,0,0,0,0,0,0,0.076923,0,0,0,0,0,0,0,0,0,0,0,0,0,0,0,0,0.076923,0,0.076923,0.076923,0,0,0,0,0,0,0,0,0,0.076923,0,0,0.076923,0.076923,0,0
0.14286,0.047619,0,0,0,0,0,0,0,0,0,0.047619,0,0,0,0.095238,0,0,0,0,0.047619,0.047619,0,0,0,0,0.047619,0,0,0,0,0,0,0,0,0,0.047619,0,0,0,0,0,0,0.047619,0,0.047619,0.047619,0,0,0,0,0,0,0,0,0.047619,0.047619,0.047619,0,0.14286,0,0,0.047619,0
0.083333,0,0.16667,0,0,0,0,0,0,0,0,0,0.083333,0,0,0,0,0,0,0,0,0.083333,0,0,0,0,0,0,0.083333,0,0,0,0,0,0.083333,0,0.083333,0,0,0,0,0,0,0,0.083333,0.083333,0,0,0,0,0,0.083333,0,0,0,0.083333,0,0,0,0,0,0,0,0
0,0,0,0.03125,0,0,0,0,0.03125,0,0,0,0,0.0625,0.0625,0.03125,0,0,0,0,0.09375,0,0,0,0,0,0,0,0,0,0.03125,0.03125,0,0,0,0,0.0625,0,0,0,0.09375,0.0625,0.03125,0,0.03125,0.0625,0.03125,0,0,0,0.03125,0.03125,0,0,0,0,0.03125,0.0625,0.03125,0.03125,0,0,0.03125,0
0.1,0,0,0,0,0,0.1,0.1,0,0,0,0,0.1,0,0,0,0,0,0,0,0.1,0,0,0,0,0,0,0.1,0,0,0,0,0,0,0.1,0,0,0,0,0,0,0,0.1,0,0,0,0.1,0,0,0,0,0,0,0,0,0,0,0,0,0,0,0,0.1,0
0,0,0.020408,0.020408,0,0,0.020408,0.040816,0,0,0,0,0,0.020408,0.020408,0.020408,0.10204,0,0.020408,0,0,0,0,0,0,0,0,0,0.020408,0.061224,0,0.020408,0,0.020408,0,0.020408,0,0.020408,0,0,0.020408,0.020408,0.020408,0,0.020408,0,0,0.061224,0.040816,0,0,0,0,0.020408,0.040816,0.020408,0.020408,0.040816,0.061224,0.040816,0.040816,0.061224,0,0.020408
0.0625,0.125,0,0,0.0625,0,0,0,0.0625,0,0,0,0,0.125,0,0,0.125,0.0625,0,0,0,0.0625,0,0,0.0625,0,0.0625,0,0,0,0,0,0,0,0,0,0,0,0,0,0,0,0,0,0,0,0,0,0,0,0,0,0,0,0,0,0,0.0625,0.0625,0,0,0.0625,0,0
0,0.05,0,0,0,0.05,0.15,0.05,0,0,0,0,0,0,0,0.05,0.05,0,0,0.05,0,0,0,0,0,0,0,0,0,0.05,0,0,0.05,0,0,0,0,0,0,0,0,0,0,0,0,0.1,0.05,0,0.05,0,0.05,0,0,0,0.05,0,0.05,0,0.05,0,0,0,0,0.05
0.033708,0.011236,0,0.011236,0.022472,0.011236,0,0,0.022472,0.033708,0.011236,0.044944,0,0,0.011236,0.011236,0.011236,0.011236,0.011236,0.044944,0.011236,0,0.011236,0.011236,0.033708,0.022472,0.022472,0.011236,0.022472,0.022472,0.022472,0,0.011236,0.022472,0,0.011236,0.022472,0.022472,0.011236,0,0.033708,0.011236,0,0.022472,0,0,0,0.033708,0.044944,0.022472,0.044944,0.011236,0.011236,0.022472,0.022472,0.011236,0.022472,0,0.044944,0.022472,0,0.022472,0,0
0,0.068966,0.034483,0,0.068966,0,0,0.034483,0,0,0,0,0.068966,0,0,0,0.034483,0.034483,0.10345,0,0,0,0,0,0.034483,0,0,0.034483,0.034483,0,0,0.034483,0.034483,0,0,0,0.034483,0,0.034483,0.034483,0,0,0,0.034483,0,0,0,0.034483,0.034483,0,0,0,0.10345,0,0,0,0,0,0,0,0.034483,0,0.034483,0
0.069767,0,0.023256,0,0,0,0.023256,0,0,0.046512,0,0.023256,0.023256,0,0,0.023256,0.046512,0.023256,0.023256,0,0,0.046512,0.023256,0,0,0.046512,0,0,0.023256,0.046512,0,0.023256,0.023256,0.023256,0,0,0.023256,0.023256,0,0,0,0,0.023256,0.023256,0,0,0,0.023256,0.023256,0.023256,0,0.046512,0.023256,0.093023,0.023256,0,0.023256,0.023256,0,0.023256,0,0,0,0
0.017857,0.017857,0,0,0.071429,0.017857,0.071429,0,0,0,0,0.017857,0.017857,0.017857,0.071429,0.017857,0.16071,0.035714,0.053571,0.071429,0,0,0.017857,0,0.035714,0.017857,0,0,0,0,0.017857,0,0.10714,0,0,0,0,0.017857,0,0,0,0.017857,0,0,0,0,0,0,0,0,0,0,0,0,0,0,0.017857,0.053571,0.017857,0,0,0,0.017857,0
0.11765,0,0.058824,0,0,0,0.058824,0,0,0,0.058824,0,0,0,0,0,0.058824,0,0,0,0.058824,0,0,0,0,0,0,0,0,0,0,0,0.058824,0,0,0,0,0,0,0.058824,0.11765,0,0,0,0,0,0,0.058824,0.058824,0,0,0,0,0.058824,0,0,0,0.058824,0.058824,0,0,0,0,0.058824
0.032258,0,0,0,0.032258,0.032258,0.064516,0,0,0.032258,0.064516,0.032258,0.032258,0,0,0,0.096774,0,0.032258,0,0.032258,0,0,0.032258,0,0.064516,0,0,0,0.032258,0,0,0,0,0,0.032258,0,0,0,0,0,0,0,0,0.032258,0,0.032258,0,0.064516,0,0,0.032258,0,0,0.032258,0,0,0.064516,0,0,0.064516,0.032258,0,0
0,0,0.055556,0.055556,0,0,0,0,0,0,0,0,0,0.055556,0.055556,0,0.055556,0,0.055556,0,0,0,0,0,0,0,0,0,0,0,0,0,0.055556,0,0.055556,0,0,0,0.055556,0,0,0,0,0,0.11111,0,0,0,0.11111,0,0,0,0,0,0,0,0.11111,0.055556,0,0.055556,0,0.055556,0,0
0.052632,0,0,0,0,0,0,0.026316,0,0,0,0.026316,0,0,0,0.052632,0,0,0,0,0.026316,0.026316,0,0,0.026316,0,0,0,0,0,0,0.026316,0,0,0,0,0,0.052632,0,0,0,0.026316,0,0.026316,0,0,0,0,0.026316,0,0,0.052632,0,0.052632,0,0.026316,0,0.052632,0.052632,0.18421,0.078947,0,0,0.10526
0.022727,0,0.022727,0,0.090909,0.022727,0.022727,0,0.045455,0.022727,0,0,0.068182,0.022727,0,0.022727,0.022727,0.022727,0,0,0.045455,0.022727,0.045455,0.045455,0,0,0.045455,0.045455,0,0,0,0,0.022727,0,0,0.045455,0.022727,0.022727,0,0.068182,0,0,0,0,0,0.022727,0,0,0,0.022727,0.022727,0.022727,0,0,0,0,0,0.045455,0,0.022727,0,0,0,0
0.1,0,0,0,0,0,0,0,0.1,0.1,0,0.1,0,0,0,0,0,0,0,0,0,0,0,0,0,0,0,0,0,0,0,0,0.1,0,0,0,0,0,0,0,0,0.1,0,0,0,0,0,0,0.1,0,0,0,0.1,0,0,0,0,0,0,0,0.1,0,0.1,0
0,0,0,0.035714,0,0,0,0.071429,0,0,0,0.035714,0.071429,0,0.035714,0.035714,0.071429,0,0,0,0.035714,0,0,0,0,0,0,0,0,0,0,0,0,0.035714,0.035714,0.035714,0,0.071429,0.071429,0,0,0,0,0.035714,0,0,0.071429,0.035714,0,0,0,0.071429,0,0,0,0,0.035714,0,0,0,0,0.035714,0.035714,0.035714
0.11538,0,0,0,0,0.038462,0.038462,0,0.038462,0,0,0,0.038462,0,0,0,0,0.038462,0.038462,0,0.038462,0.038462,0.038462,0,0,0.038462,0.038462,0,0,0,0.038462,0,0.038462,0,0.038462,0,0.038462,0,0.038462,0,0,0,0,0,0,0,0,0,0,0,0,0,0.038462,0.038462,0,0,0,0.038462,0.076923,0.038462,0,0.038462,0,0
0.071429,0,0,0,0.14286,0,0,0,0,0,0,0,0.14286,0,0,0.14286,0,0,0.14286,0,0,0,0,0.071429,0,0,0,0,0,0,0,0,0.071429,0,0,0,0,0,0,0,0,0,0,0,0.071429,0,0,0,0,0,0,0,0,0,0,0,0,0,0,0.071429,0,0,0.071429,0
0.056604,0.018868,0,0,0.056604,0,0.037736,0.037736,0,0,0,0,0.075472,0,0,0,0.075472,0.018868,0.037736,0,0.018868,0,0,0,0,0.037736,0,0,0.037736,0,0,0,0.018868,0.037736,0,0,0,0.075472,0,0.056604,0,0.018868,0,0,0,0.018868,0,0.018868,0.037736,0.018868,0.037736,0.018868,0.018868,0,0,0.018868,0,0.037736,0.018868,0,0.037736,0,0,0
0,0,0,0,0.052632,0,0.052632,0,0,0.052632,0.052632,0,0,0,0,0,0,0,0,0,0,0.052632,0,0,0,0.052632,0,0.10526,0,0,0,0,0.052632,0,0,0.10526,0.10526,0.052632,0,0,0.052632,0.052632,0,0,0,0,0,0,0,0.10526,0,0,0,0,0,0,0,0,0.052632,0,0,0,0,0
0,0,0,0.052632,0,0,0,0,0,0,0,0,0,0,0,0.052632,0.052632,0,0.10526,0,0.052632,0,0,0.052632,0.052632,0,0.052632,0,0,0,0,0,0,0,0,0,0,0,0,0,0,0,0,0.052632,0,0.052632,0,0.052632,0,0.052632,0.052632,0,0.052632,0.052632,0,0,0,0,0,0,0,0.10526,0,0.052632
0.18333,0,0.016667,0.016667,0.016667,0.016667,0.05,0,0.033333,0.05,0,0,0,0,0,0.05,0.033333,0.016667,0.016667,0,0.016667,0.016667,0.016667,0,0.016667,0.016667,0.016667,0.016667,0,0,0,0,0.016667,0,0.016667,0,0.033333,0.05,0,0.016667,0.016667,0.016667,0,0,0,0.033333,0,0.033333,0,0,0,0,0.033333,0.016667,0,0,0.016667,0,0.05,0,0.016667,0,0.016667,0
0,0.047619,0,0,0,0,0.047619,0,0,0,0,0,0,0.047619,0,0,0.095238,0,0,0,0.047619,0,0.047619,0,0,0,0,0,0,0,0,0.047619,0,0,0,0,0,0,0,0,0,0,0,0,0.047619,0,0.047619,0,0.047619,0,0,0.095238,0.047619,0,0,0.047619,0.047619,0.047619,0.095238,0.047619,0.047619,0,0,0
0.019231,0.019231,0.019231,0,0.019231,0,0,0.019231,0,0.019231,0,0.019231,0.019231,0.057692,0,0.038462,0.038462,0,0,0.019231,0,0,0.038462,0,0.019231,0.019231,0,0,0.019231,0,0.038462,0,0,0.019231,0,0,0.038462,0.057692,0,0.019231,0,0.019231,0,0.038462,0,0,0.019231,0.019231,0.038462,0,0,0.038462,0,0,0.019231,0.019231,0.038462,0.019231,0,0.076923,0.038462,0,0.038462,0
0,0.047619,0,0,0,0,0,0,0.047619,0.047619,0,0,0.095238,0,0.047619,0,0.047619,0,0.047619,0,0.095238,0.047619,0,0,0,0.095238,0,0,0,0.047619,0.095238,0,0,0,0,0,0.047619,0,0,0,0,0,0,0,0,0,0,0,0.047619,0,0,0,0,0,0,0,0,0.047619,0.047619,0,0.047619,0,0,0
0.25,0,0.0625,0,0,0,0,0,0,0.0625,0,0,0,0,0.0625,0.0625,0,0,0,0.125,0,0,0,0,0,0,0,0,0,0,0,0,0.0625,0,0,0,0,0,0,0.0625,0,0,0,0,0,0,0.0625,0,0.0625,0,0,0,0,0.0625,0,0,0,0,0,0,0,0.0625,0,0
0,0,0,0.071429,0,0,0,0,0,0,0,0,0,0,0.071429,0,0,0,0,0.071429,0.071429,0,0,0,0,0.071429,0,0,0.071429,0,0,0,0,0,0,0.071429,0.071429,0,0,0,0,0,0,0,0.071429,0,0,0,0,0,0,0,0.071429,0,0,0.071429,0,0.14286,0,0,0.071429,0,0,0
0.045455,0,0.045455,0,0,0,0.090909,0.090909,0,0,0,0,0,0,0,0.090909,0,0,0,0,0,0,0.090909,0,0,0,0,0,0,0,0,0,0,0,0,0,0,0,0,0,0,0.090909,0.045455,0,0,0,0,0,0,0,0.045455,0.045455,0.045455,0,0.13636,0,0,0,0,0,0,0,0.090909,0.045455
0.058824,0,0,0,0.17647,0,0,0,0,0,0,0,0.058824,0,0,0.058824,0,0,0,0,0,0,0,0,0,0,0,0,0,0,0,0,0.17647,0,0,0,0,0,0,0,0,0,0,0,0,0.058824,0.058824,0.058824,0.058824,0,0,0,0,0.058824,0,0,0,0.058824,0,0,0,0.058824,0,0.058824
0,0,0,0,0,0,0,0,0.05,0.05,0,0,0,0,0,0.05,0,0.05,0,0,0.05,0.05,0,0,0,0,0,0,0.05,0.05,0.05,0.05,0,0,0,0,0,0.1,0,0,0,0,0,0,0,0.05,0,0.05,0,0,0.05,0,0,0,0,0,0,0,0,0,0.1,0,0.1,0.05
0.16667,0,0.027778,0.055556,0,0,0.027778,0,0.027778,0.055556,0,0,0,0,0.027778,0,0,0,0.027778,0,0.055556,0,0.027778,0,0,0,0,0.027778,0,0,0.027778,0,0.13889,0,0,0,0,0,0,0,0.027778,0,0.027778,0,0.027778,0,0,0,0.027778,0.027778,0.055556,0,0,0,0,0,0.027778,0.027778,0.027778,0,0,0,0,0.027778
0.095238,0,0.047619,0.047619,0,0,0,0,0,0,0.047619,0,0,0.047619,0,0,0.19048,0,0.047619,0,0.047619,0,0.095238,0,0.047619,0,0.047619,0,0,0,0,0,0,0,0,0,0,0,0,0,0,0,0,0,0,0,0.047619,0,0,0,0,0,0,0,0,0.047619,0,0,0.047619,0,0.047619,0,0,0.047619
0.090909,0.18182,0,0.045455,0.045455,0,0,0,0,0,0,0,0.045455,0.13636,0,0,0,0.045455,0,0.045455,0,0,0,0,0,0,0,0.045455,0,0,0,0,0,0,0.045455,0,0,0,0,0,0.045455,0,0,0,0,0,0,0,0,0,0.045455,0.045455,0,0,0,0,0,0,0.045455,0,0.045455,0.045455,0,0
0,0,0,0,0.041667,0,0,0,0,0.041667,0,0.041667,0,0.041667,0.041667,0,0,0.083333,0.041667,0,0,0.041667,0.041667,0.041667,0.083333,0,0,0.083333,0.041667,0,0,0.041667,0,0,0,0,0.041667,0,0,0,0,0,0,0,0,0.041667,0,0,0.041667,0,0,0,0,0,0,0,0.041667,0.041667,0,0,0.041667,0,0.041667,0
0,0.028571,0.028571,0.057143,0,0.028571,0,0.028571,0.057143,0.028571,0,0.028571,0.028571,0,0,0,0.028571,0,0.028571,0,0,0,0,0,0,0,0.028571,0,0,0,0,0.028571,0.028571,0,0.057143,0,0.085714,0,0.085714,0,0,0.028571,0,0,0.028571,0,0,0,0,0,0,0.057143,0.028571,0.028571,0,0.028571,0.085714,0,0,0.028571,0,0,0,0
0.071429,0.035714,0,0,0.035714,0.035714,0,0.035714,0,0.035714,0.035714,0.035714,0,0.071429,0,0.071429,0.071429,0,0,0.035714,0.035714,0,0,0,0,0,0,0,0,0,0,0,0,0,0,0.035714,0.035714,0,0,0.035714,0,0,0,0,0,0,0,0,0,0,0.035714,0,0,0,0,0.035714,0.035714,0,0.10714,0,0.071429,0,0,0
0.034483,0.034483,0.034483,0,0.034483,0,0,0.034483,0.034483,0,0,0.068966,0.034483,0,0.034483,0.034483,0,0,0.034483,0.034483,0,0.034483,0,0,0,0,0,0.034483,0,0,0,0,0,0,0,0,0,0,0.068966,0.034483,0,0.034483,0.034483,0,0,0,0.034483,0,0.034483,0.034483,0,0,0,0,0.034483,0,0,0.034483,0,0,0.034483,0,0.034483,0.068966
0.037037,0,0,0,0.074074,0,0.037037,0.037037,0,0.037037,0,0,0.074074,0,0.037037,0,0,0,0,0,0,0,0.037037,0,0.037037,0,0.037037,0,0,0,0,0.074074,0,0,0.037037,0,0,0,0,0,0,0,0,0,0,0,0.074074,0.037037,0.037037,0,0,0.037037,0.037037,0,0,0,0.037037,0.037037,0,0,0,0.11111,0.037037,0
0.083333,0.027778,0,0,0.027778,0,0.027778,0,0,0.027778,0.027778,0,0.027778,0,0.027778,0.027778,0.027778,0.027778,0,0.027778,0.027778,0,0.027778,0,0,0.027778,0,0,0,0,0.055556,0,0.027778,0.027778,0,0,0,0.027778,0,0,0.083333,0.027778,0,0,0,0,0,0,0.027778,0,0,0.083333,0,0,0.027778,0,0.055556,0.027778,0.027778,0,0.027778,0,0,0
0.051282,0.025641,0,0.025641,0.051282,0,0.025641,0,0,0,0.025641,0,0.051282,0.025641,0.025641,0.025641,0.025641,0.025641,0.051282,0,0,0,0,0,0.051282,0,0,0,0.025641,0.025641,0.025641,0.025641,0.025641,0,0,0,0,0,0.025641,0,0,0.025641,0.025641,0,0,0,0,0,0.025641,0,0.10256,0,0,0,0,0,0,0.025641,0.051282,0,0.051282,0.025641,0,0.025641
0,0,0,0.045455,0,0,0,0,0.045455,0,0,0,0.045455,0.045455,0,0,0,0,0,0,0.045455,0.045455,0.045455,0.13636,0,0,0.045455,0,0,0,0.090909,0,0,0,0,0,0,0,0.045455,0.045455,0.045455,0,0,0.090909,0,0,0.045455,0.045455,0,0,0,0.045455,0,0,0,0,0,0,0,0,0,0,0.045455,0
0.0625,0.0625,0,0,0,0,0,0,0,0.0625,0,0,0,0,0,0,0.0625,0,0,0,0,0,0,0,0,0,0,0,0.0625,0.0625,0,0,0,0.0625,0,0,0.0625,0.0625,0,0,0,0,0,0,0,0,0,0.0625,0.125,0,0,0,0,0,0,0,0,0,0.0625,0,0.0625,0.0625,0.0625,0
0,0,0,0.025641,0,0.051282,0,0,0,0,0,0,0,0.025641,0,0,0.051282,0.051282,0.051282,0.025641,0.025641,0,0.025641,0,0,0.025641,0.051282,0,0.051282,0,0,0,0.025641,0,0,0.025641,0.025641,0,0.025641,0.025641,0.025641,0.025641,0,0,0,0,0,0,0,0.025641,0,0.025641,0.076923,0,0,0.025641,0.051282,0.025641,0,0,0.051282,0.051282,0,0.025641
0.060606,0.030303,0.015152,0,0.030303,0.045455,0.045455,0.015152,0.015152,0.015152,0,0.015152,0.060606,0.015152,0.015152,0.015152,0.015152,0.030303,0.015152,0.030303,0,0.030303,0,0,0.030303,0.015152,0.015152,0,0,0,0,0,0.015152,0,0,0,0.015152,0.030303,0,0,0.045455,0.030303,0.015152,0,0.045455,0,0,0,0.045455,0.030303,0,0.060606,0.015152,0.015152,0,0.015152,0,0.030303,0,0.015152,0,0,0,0
0.028986,0.014493,0.014493,0.028986,0.028986,0,0,0.014493,0.014493,0.028986,0.014493,0,0.086957,0.014493,0.057971,0,0.057971,0.043478,0.028986,0.014493,0.014493,0.014493,0.014493,0,0.043478,0,0,0,0.014493,0.028986,0,0,0,0,0,0,0.014493,0.014493,0.014493,0,0.014493,0,0.014493,0,0.028986,0,0,0.043478,0,0.014493,0,0.043478,0.043478,0,0,0.014493,0.014493,0.014493,0.014493,0.028986,0,0.014493,0,0.028986
0.052632,0,0,0,0,0,0,0.052632,0,0.052632,0,0,0.052632,0,0.052632,0.15789,0,0,0,0,0.052632,0,0,0,0,0,0,0,0,0,0,0,0,0,0.052632,0,0.052632,0.052632,0,0,0,0,0,0,0,0,0,0,0.052632,0,0,0,0.052632,0,0,0,0.052632,0,0,0,0,0,0.10526,0.10526
0.16667,0.02381,0,0.02381,0.02381,0,0,0,0.071429,0,0,0,0,0.02381,0.047619,0.047619,0,0,0,0,0.02381,0,0,0,0,0,0,0,0,0,0,0,0.02381,0,0,0.02381,0.02381,0.047619,0.02381,0.02381,0.071429,0.047619,0,0,0,0,0,0.02381,0.047619,0,0.02381,0,0.02381,0,0.02381,0,0,0.047619,0,0.047619,0,0.02381,0,0
0.125,0.0625,0.0625,0,0,0.0625,0,0,0,0.0625,0,0,0,0,0,0,0,0,0,0,0,0.0625,0,0,0,0,0,0,0,0,0,0,0,0,0,0,0,0,0,0,0,0,0,0.0625,0,0,0.0625,0,0.125,0.0625,0,0,0,0,0.0625,0,0,0,0,0,0.0625,0.0625,0.0625,0
0.3125,0,0.0625,0,0.0625,0,0,0,0.0625,0.0625,0.0625,0,0.0625,0,0,0,0,0,0,0,0,0,0,0,0.0625,0,0,0,0,0.0625,0,0,0,0,0,0,0,0.0625,0,0,0,0.0625,0,0,0,0,0,0,0,0,0,0,0,0,0,0,0,0,0.0625,0,0,0,0,0
0.025641,0,0,0.025641,0.025641,0.025641,0,0,0,0,0,0.025641,0,0,0,0.076923,0,0,0.025641,0.051282,0.051282,0.025641,0,0,0,0.076923,0.051282,0.025641,0,0,0,0,0,0,0,0,0,0,0.051282,0,0.025641,0,0,0.025641,0,0,0.051282,0.025641,0.051282,0,0,0,0,0,0,0.025641,0,0,0.025641,0,0.025641,0.025641,0.076923,0.076923
0.1875,0.125,0.0625,0,0,0,0,0,0,0,0,0,0.0625,0,0.0625,0.0625,0.0625,0,0,0.0625,0,0,0,0,0,0,0,0,0,0,0,0,0.0625,0,0,0,0,0,0,0,0,0,0,0,0,0,0,0,0,0,0.0625,0.0625,0.125,0,0,0,0,0,0,0,0,0,0,0
0.066667,0,0.066667,0.066667,0.066667,0,0,0.033333,0,0,0,0,0.066667,0.033333,0,0.033333,0,0,0.066667,0.033333,0.033333,0,0,0,0,0,0,0,0,0,0.033333,0,0,0,0.033333,0,0,0,0,0,0,0,0,0,0.066667,0,0,0,0.066667,0,0,0.066667,0.033333,0,0,0.033333,0.033333,0.033333,0,0,0,0,0,0.033333
0,0.071429,0,0,0,0,0,0,0.071429,0,0,0,0.14286,0,0,0,0.071429,0,0.071429,0,0,0,0,0,0,0,0,0,0,0.071429,0,0,0,0,0,0,0,0,0,0,0,0,0.071429,0,0.071429,0,0,0,0,0,0,0,0.071429,0,0,0.071429,0.071429,0,0,0.071429,0,0,0.071429,0
0,0.058824,0,0.058824,0,0.058824,0,0,0,0,0,0,0.058824,0,0.058824,0,0.058824,0.058824,0,0,0.058824,0.058824,0,0.058824,0,0,0.058824,0,0,0,0,0,0,0,0,0,0,0,0,0,0.058824,0,0,0,0,0,0,0,0.058824,0,0,0,0,0,0,0,0.058824,0,0.058824,0,0.058824,0,0,0.058824
0,0,0,0,0.055556,0,0,0.055556,0,0,0,0.055556,0,0,0,0,0,0.055556,0.055556,0,0,0,0.055556,0.055556,0,0.055556,0,0,0,0.11111,0,0,0,0,0,0,0,0,0.055556,0,0,0,0,0,0,0,0.055556,0.11111,0,0,0,0.055556,0,0,0.055556,0,0,0.055556,0,0,0,0.055556,0,0
0,0,0,0,0,0,0,0,0,0,0,0.1,0.1,0.1,0,0,0,0,0,0,0.1,0,0,0,0,0,0,0,0,0.1,0,0,0.1,0,0,0,0,0,0,0,0.2,0,0,0,0,0,0,0,0,0,0,0,0,0,0,0,0,0,0,0,0.1,0.1,0,0
0.017241,0.086207,0,0.017241,0,0,0,0,0.034483,0.017241,0.017241,0.017241,0.017241,0,0,0,0.034483,0,0,0.017241,0,0.017241,0,0.017241,0.051724,0.017241,0,0,0,0,0.017241,0,0,0,0.017241,0,0.017241,0,0,0,0,0,0.017241,0.017241,0,0.017241,0.017241,0.017241,0.034483,0,0,0,0.017241,0.017241,0.034483,0.068966,0.034483,0.051724,0.068966,0.034483,0.051724,0.034483,0.017241,0.017241
0.1,0.05,0,0,0,0,0,0,0.05,0,0,0,0.15,0,0.05,0,0,0,0,0,0,0,0,0,0,0,0,0,0.1,0,0,0,0.05,0,0,0,0,0,0,0,0,0,0,0,0.05,0,0,0.05,0.1,0,0,0,0,0,0,0,0,0,0.05,0,0,0.05,0,0.15
0,0,0,0,0,0,0,0,0,0,0,0,0,0,0,0,0,0.076923,0.076923,0,0.076923,0,0,0,0,0,0,0,0.076923,0,0.076923,0,0,0,0.076923,0,0,0,0,0,0.076923,0.076923,0,0,0,0,0,0,0,0,0,0.076923,0.076923,0,0,0,0,0.076923,0,0,0.076923,0,0,0.076923
0.066667,0,0,0.13333,0.066667,0,0,0.066667,0,0,0,0,0.066667,0,0,0.066667,0,0,0,0,0,0,0,0,0,0,0,0,0,0,0,0.066667,0,0,0,0,0,0,0,0.066667,0,0,0,0,0,0.066667,0,0,0.13333,0,0,0.066667,0,0,0,0.066667,0,0,0,0.066667,0,0,0,0
0,0,0,0.11111,0,0.11111,0,0,0,0,0,0,0,0,0,0,0,0.11111,0,0,0,0,0,0,0,0,0.11111,0.11111,0.11111,0,0,0,0,0,0,0,0,0,0,0,0,0,0,0,0,0,0,0,0.11111,0,0,0.11111,0,0,0.11111,0,0,0,0,0,0,0,0,0
0,0.0625,0,0.0625,0.0625,0.0625,0,0,0,0,0,0,0.125,0,0,0,0.0625,0,0,0,0,0,0,0,0.125,0,0,0,0,0,0,0.0625,0.125,0,0,0,0,0,0,0,0,0,0.0625,0,0,0.0625,0,0,0,0,0,0,0,0,0,0,0.0625,0.0625,0,0,0,0,0,0
0.034483,0,0,0.068966,0.034483,0,0,0,0.034483,0,0,0,0.10345,0,0.034483,0.10345,0.034483,0,0,0.034483,0.034483,0,0,0,0.034483,0,0.034483,0,0,0,0,0.034483,0,0.034483,0,0,0,0,0,0,0,0,0,0,0.034483,0,0,0,0.068966,0,0,0.068966,0,0,0,0.068966,0,0,0,0,0,0.034483,0,0.068966
0.071429,0,0,0.035714,0,0,0.035714,0,0,0,0.035714,0.035714,0,0,0,0.071429,0.071429,0,0,0,0,0,0.035714,0,0.035714,0,0,0,0.035714,0,0.071429,0,0.071429,0,0.035714,0,0,0,0,0,0,0,0,0,0.035714,0,0,0.035714,0,0,0.035714,0,0,0,0.071429,0,0,0.035714,0.071429,0,0,0,0.071429,0
0.037037,0.037037,0,0.037037,0,0.074074,0,0,0,0,0,0.037037,0.037037,0,0,0.037037,0,0.074074,0,0,0,0,0,0,0,0,0,0,0,0,0,0,0.037037,0,0,0,0.074074,0,0,0,0,0.037037,0,0,0,0,0,0,0.11111,0.037037,0.037037,0.037037,0.037037,0,0,0,0.037037,0,0.074074,0,0.037037,0.037037,0.037037,0
0.22222,0,0,0,0,0,0,0,0,0,0,0,0,0,0,0,0,0,0,0,0,0.22222,0,0,0,0,0,0,0,0,0,0,0,0,0,0,0,0.11111,0.11111,0,0,0,0,0,0,0,0,0,0,0.11111,0.11111,0,0,0,0,0,0,0,0,0,0,0.11111,0,0
0,0,0,0,0,0,0,0,0,0,0.083333,0,0,0,0,0,0.083333,0,0,0,0.083333,0,0,0,0,0,0,0,0,0,0.25,0.083333,0,0,0,0,0,0,0,0,0,0,0,0,0,0,0,0,0,0,0,0.083333,0,0.083333,0,0,0,0,0,0,0,0,0,0.25
0.03125,0.03125,0,0,0.125,0.03125,0,0,0,0,0,0,0,0.03125,0,0,0.03125,0.03125,0.0625,0.03125,0.03125,0,0,0.03125,0,0.03125,0,0.03125,0.03125,0,0,0.03125,0.03125,0,0,0,0,0,0.03125,0.0625,0,0.03125,0,0,0,0,0.03125,0,0,0.09375,0,0.03125,0.03125,0,0,0,0.03125,0.03125,0,0,0,0,0,0
0.1,0,0.1,0,0,0,0,0,0.05,0.1,0,0,0.05,0,0,0,0,0,0.05,0,0.05,0,0,0,0,0,0.05,0,0,0,0,0,0,0,0,0,0,0,0,0,0,0,0,0,0,0,0.15,0,0,0,0,0,0,0.05,0,0,0.15,0,0,0,0,0.05,0,0.05
0,0,0,0,0.1,0,0,0,0,0.05,0,0,0.15,0,0,0,0,0,0,0.1,0,0,0,0,0,0,0,0.05,0,0,0.05,0,0.05,0.05,0,0,0,0,0.05,0,0,0,0,0,0,0,0.05,0,0,0.05,0.05,0.05,0,0,0,0,0,0.05,0,0.05,0,0,0.05,0
0,0,0,0.090909,0,0.090909,0,0,0,0,0,0,0,0,0,0,0.090909,0.090909,0,0,0,0.090909,0,0,0,0,0,0,0,0,0,0,0,0,0,0,0,0,0,0,0,0,0,0,0,0,0,0,0,0,0,0.090909,0,0.18182,0.090909,0,0,0,0,0.090909,0,0.090909,0,0
0.017241,0,0.017241,0.068966,0.017241,0,0,0.034483,0.10345,0.017241,0,0.017241,0.034483,0,0.017241,0.017241,0.034483,0,0.051724,0,0.051724,0,0.017241,0,0.017241,0.017241,0,0,0.017241,0.017241,0.034483,0,0,0,0,0.017241,0,0.017241,0.034483,0.017241,0,0.034483,0,0.017241,0,0.017241,0,0,0.017241,0,0,0,0,0.017241,0,0.017241,0.034483,0.017241,0.017241,0,0.034483,0.017241,0.034483,0.017241
0,0,0,0,0,0,0,0,0,0.1,0,0,0,0,0,0.05,0,0,0,0,0.1,0,0,0,0,0,0.05,0,0,0.05,0,0.05,0,0,0,0,0.05,0.1,0,0.05,0,0.15,0,0,0,0.05,0,0.05,0,0,0,0.1,0,0,0,0,0,0,0,0.05,0,0,0,0
0.014925,0.044776,0.029851,0.014925,0,0.014925,0.044776,0.029851,0,0.044776,0.014925,0.014925,0,0.014925,0,0,0.044776,0.029851,0.029851,0.029851,0.044776,0.014925,0.014925,0,0,0.014925,0.044776,0,0,0.029851,0,0,0.014925,0.014925,0.014925,0.014925,0,0.044776,0.044776,0.014925,0.014925,0.014925,0.014925,0.014925,0,0,0,0,0,0.014925,0,0,0.014925,0,0,0,0.029851,0.059701,0.029851,0.044776,0,0,0,0
0.043478,0.043478,0,0,0.043478,0.086957,0,0,0,0,0,0,0.043478,0,0,0.043478,0.043478,0,0,0,0,0,0,0,0,0,0,0,0.043478,0,0,0,0,0.043478,0.043478,0,0,0.043478,0,0,0.086957,0,0,0,0,0,0,0,0,0.043478,0.043478,0,0.043478,0,0,0,0.13043,0.043478,0.043478,0,0.043478,0,0,0
0.071429,0,0.071429,0,0.071429,0,0,0,0,0.071429,0,0,0,0,0.071429,0.071429,0,0,0.071429,0,0,0,0,0,0,0,0,0,0,0,0.071429,0,0.14286,0,0,0,0,0.071429,0,0,0.071429,0,0,0,0,0,0.071429,0,0,0,0,0,0,0,0,0,0.071429,0,0,0,0,0,0,0
0.086957,0.043478,0.086957,0,0,0,0,0,0,0,0,0,0,0,0,0,0,0,0.043478,0,0,0,0.043478,0,0.043478,0,0,0,0,0.043478,0,0,0,0,0,0,0.043478,0,0,0,0,0,0,0,0.086957,0,0,0.086957,0,0.043478,0,0,0,0,0,0.043478,0.086957,0,0.086957,0.13043,0,0,0,0
0.17857,0,0.035714,0.071429,0.035714,0,0,0,0,0,0.035714,0,0.035714,0.035714,0,0.035714,0,0,0.035714,0,0,0.035714,0,0,0,0,0,0,0.035714,0,0,0.035714,0.071429,0,0,0,0,0,0,0.035714,0,0,0,0,0,0,0.035714,0,0.035714,0,0,0,0.071429,0,0.035714,0,0.035714,0,0,0.035714,0.035714,0,0,0
0.1,0,0,0,0,0,0,0,0,0,0,0.1,0.05,0,0,0,0,0,0,0,0.05,0,0,0,0.05,0.05,0.05,0,0,0,0,0,0,0,0,0,0.05,0,0,0.05,0,0,0,0,0,0,0,0,0.1,0.05,0,0,0,0.05,0,0,0.1,0.1,0,0,0.05,0,0,0
0.1,0,0,0,0,0,0,0,0.1,0.1,0,0.1,0,0,0,0.1,0,0.1,0,0,0,0,0,0,0,0,0,0,0,0,0,0,0,0,0,0,0,0,0,0.1,0,0,0,0,0,0,0,0,0.2,0,0,0,0,0,0,0,0,0.1,0,0,0,0,0,0
0,0,0,0,0,0,0,0,0,0,0,0,0.043478,0.043478,0.043478,0.043478,0,0,0.043478,0,0.043478,0,0.043478,0,0.043478,0.086957,0,0,0,0,0,0,0,0,0,0.043478,0.043478,0.086957,0,0.043478,0.043478,0.043478,0,0,0,0.043478,0,0,0.043478,0,0.043478,0,0,0,0.043478,0,0,0,0,0,0,0,0.086957,0
0.11429,0,0,0,0.057143,0.028571,0,0.028571,0,0,0,0,0,0.028571,0.028571,0.057143,0.085714,0,0,0.057143,0,0,0,0,0.028571,0,0.028571,0,0.028571,0,0,0,0.057143,0,0,0,0,0,0,0,0.028571,0,0,0,0.028571,0,0.11429,0,0.085714,0,0,0.028571,0.028571,0,0,0,0,0,0,0.028571,0,0.028571,0,0
0,0,0,0,0,0,0,0,0,0,0,0,0,0.071429,0,0.071429,0,0,0,0,0,0,0.14286,0,0,0,0,0,0,0,0,0.071429,0,0,0.071429,0,0,0,0.071429,0,0,0.071429,0,0,0,0.071429,0,0,0,0,0,0,0,0.071429,0,0,0,0.071429,0,0.071429,0.071429,0,0.071429,0
0,0,0,0.11111,0,0,0,0,0,0,0,0,0,0,0,0,0,0,0,0,0,0,0,0,0,0,0,0,0,0.11111,0,0,0.11111,0,0,0,0,0,0.11111,0,0,0,0,0,0.11111,0,0,0,0,0,0.11111,0,0.11111,0.11111,0,0,0,0,0.11111,0,0,0,0,0
0,0,0,0,0.15385,0,0,0,0,0,0,0,0,0,0.076923,0.076923,0,0.076923,0,0,0,0,0,0,0,0,0,0,0,0,0,0,0,0,0,0,0,0,0,0,0,0,0,0,0,0.076923,0.076923,0.15385,0,0,0,0.076923,0,0,0,0,0,0,0,0,0,0,0.076923,0.15385
0,0,0,0,0,0.055556,0,0,0,0,0.055556,0,0.055556,0.11111,0,0.055556,0,0,0,0,0,0.055556,0,0,0,0,0.055556,0,0,0,0,0,0,0,0,0,0,0,0,0,0,0,0.055556,0,0,0,0.055556,0,0,0,0.11111,0,0,0,0.11111,0,0,0.055556,0,0,0.055556,0.055556,0,0.055556
0.09375,0.03125,0.0625,0,0.0625,0.0625,0.0625,0,0,0.03125,0.03125,0,0,0,0.0625,0,0,0,0,0,0.0625,0,0,0,0.03125,0,0,0,0,0,0.03125,0,0.03125,0,0.09375,0,0.03125,0,0.0625,0,0.03125,0.03125,0,0,0,0,0,0,0,0,0,0,0,0,0,0,0,0,0,0,0,0.0625,0,0.03125
0.052632,0,0,0,0.052632,0,0,0,0,0,0,0,0,0,0.052632,0,0.15789,0,0,0,0,0,0,0,0.052632,0,0,0,0,0,0,0,0.052632,0,0,0.052632,0.052632,0,0,0,0,0,0,0.052632,0,0,0.052632,0,0,0,0.052632,0,0,0,0,0,0,0,0.10526,0.052632,0,0.10526,0.052632,0
0.071429,0.10714,0,0.035714,0,0.035714,0,0,0.035714,0.10714,0,0,0,0,0,0.035714,0,0,0,0,0,0,0,0,0,0,0,0,0,0.035714,0.035714,0,0.071429,0.035714,0,0,0,0,0.035714,0.071429,0,0,0,0,0,0.10714,0,0,0,0,0.035714,0,0,0,0,0.035714,0,0.035714,0.035714,0,0,0.035714,0,0
0.125,0,0.125,0,0.0625,0,0.125,0.0625,0,0,0,0,0,0,0,0,0,0,0,0,0.0625,0,0,0,0,0,0,0,0,0,0,0,0,0,0,0,0,0.0625,0.0625,0,0,0,0,0,0,0,0,0,0,0,0,0,0.0625,0,0.125,0,0.0625,0,0,0,0,0.0625,0,0
0,0,0,0,0,0,0,0,0,0,0,0,0,0.076923,0,0,0.076923,0,0,0,0,0,0,0,0.076923,0,0,0.15385,0,0,0,0,0,0,0,0,0,0,0,0,0,0,0.076923,0,0.076923,0,0,0.076923,0,0,0,0,0,0,0,0,0.076923,0,0.076923,0,0,0.15385,0.076923,0
0,0,0,0,0,0,0.058824,0,0,0,0,0.058824,0,0,0,0.058824,0,0,0.058824,0,0,0,0,0,0.17647,0,0,0,0,0,0,0,0,0,0.11765,0,0,0,0.058824,0,0,0,0.058824,0,0,0,0.058824,0.11765,0,0,0,0,0.058824,0,0,0,0.058824,0,0,0,0.058824,0,0,0
0.05,0.025,0.1,0.025,0,0,0,0,0,0,0,0.025,0,0,0.025,0,0.025,0,0.05,0,0.025,0,0.025,0,0.025,0,0,0.025,0,0,0.075,0,0,0.075,0,0,0,0,0.025,0,0,0,0,0,0,0,0.125,0.025,0.025,0,0.025,0,0,0,0,0.025,0,0.05,0,0.025,0,0.025,0.05,0.025
0.034483,0.10345,0,0.068966,0.034483,0.034483,0,0,0,0,0,0,0.13793,0,0,0,0,0,0,0.068966,0,0,0,0,0.034483,0,0,0.034483,0,0.034483,0,0.034483,0,0,0,0,0,0,0,0.034483,0,0.034483,0,0,0.068966,0,0.068966,0,0,0,0,0,0.034483,0,0,0.034483,0.034483,0.034483,0,0,0.034483,0,0,0
0,0.05,0,0.05,0.05,0,0,0.05,0,0.05,0,0,0.05,0.05,0,0.1,0.05,0,0,0,0,0,0.05,0,0.05,0.05,0,0,0,0,0,0,0,0,0,0,0.05,0.05,0,0,0,0,0,0,0,0,0,0,0,0,0,0,0,0,0.05,0,0,0,0,0,0,0.05,0.05,0.1
0.025641,0,0,0.025641,0.051282,0.025641,0,0.025641,0,0,0,0,0,0,0,0.051282,0.025641,0,0,0,0.025641,0.025641,0.051282,0.051282,0,0.025641,0.025641,0,0,0,0,0.076923,0,0,0,0.025641,0,0.051282,0,0.051282,0,0,0.025641,0.025641,0,0,0,0.025641,0,0,0,0,0,0.025641,0,0,0,0.051282,0.025641,0.025641,0.051282,0.051282,0.025641,0.025641
0.1,0.05,0,0.05,0,0,0.05,0,0,0.05,0,0,0,0,0,0.05,0.05,0,0.05,0,0,0,0.05,0,0,0,0,0,0,0,0.05,0,0.05,0,0.05,0,0,0,0,0,0.05,0,0.05,0,0,0,0.05,0,0,0,0,0,0,0,0.05,0,0,0,0.1,0.05,0,0,0,0
0.022727,0,0.045455,0.022727,0,0.022727,0.068182,0,0,0,0,0,0,0.045455,0,0.022727,0,0,0,0.022727,0,0,0.068182,0,0.022727,0,0,0,0,0.022727,0,0.045455,0.11364,0,0,0.022727,0,0.022727,0.022727,0.022727,0,0,0.045455,0,0,0.068182,0.068182,0.022727,0,0,0.022727,0,0,0,0,0,0,0.022727,0.022727,0,0,0.022727,0.068182,0
0.032258,0.032258,0,0,0.032258,0,0.032258,0,0.032258,0.032258,0,0,0,0.032258,0,0.032258,0,0,0.096774,0,0.032258,0,0,0,0.032258,0.064516,0.064516,0,0,0,0,0,0,0,0.032258,0,0.032258,0.032258,0,0.032258,0,0,0,0,0,0.032258,0,0.032258,0,0,0,0,0,0.032258,0,0,0,0,0,0,0.064516,0,0.096774,0.064516
0.071429,0,0.071429,0,0,0,0,0.071429,0,0,0,0,0,0,0.071429,0,0,0,0,0,0,0,0,0,0,0,0,0,0,0,0,0,0.14286,0.071429,0,0,0.071429,0,0,0,0,0,0,0,0,0,0.071429,0,0,0,0,0,0,0,0.071429,0,0.071429,0,0.071429,0,0,0.14286,0,0
0.090909,0,0,0,0,0,0,0,0,0,0,0,0,0,0,0,0.090909,0,0,0,0,0,0,0,0,0,0,0,0,0,0,0,0.090909,0,0.090909,0,0,0,0,0,0,0,0,0,0,0,0,0,0.090909,0,0.090909,0.090909,0.27273,0,0,0,0,0,0,0,0,0.090909,0,0
0.043478,0,0.021739,0,0,0.021739,0,0.021739,0,0.021739,0,0.021739,0,0.021739,0.043478,0.021739,0.021739,0,0,0,0.021739,0.021739,0,0.021739,0.021739,0.021739,0,0,0,0,0.021739,0.021739,0,0,0.021739,0,0.021739,0.021739,0.021739,0,0,0.043478,0.021739,0,0,0,0.021739,0.021739,0,0.021739,0.021739,0.021739,0,0.065217,0,0.043478,0,0.021739,0,0.021739,0.021739,0.021739,0.1087,0.021739
0,0,0.035714,0,0.035714,0.035714,0,0,0,0.035714,0.071429,0,0,0,0,0.035714,0,0,0,0.071429,0.071429,0,0,0,0,0,0.035714,0,0.071429,0,0,0.035714,0,0,0,0,0.071429,0,0,0,0.071429,0.035714,0,0.035714,0,0,0,0.035714,0,0,0,0,0.035714,0,0,0.035714,0,0.035714,0,0.035714,0,0,0.035714,0.035714
0,0.27273,0,0,0,0,0,0,0,0,0,0,0,0,0,0,0.090909,0,0,0,0,0,0,0,0.090909,0,0,0,0,0,0,0,0,0,0,0,0,0,0,0,0.090909,0,0,0,0,0.090909,0.18182,0,0,0,0,0,0,0,0,0,0,0.090909,0,0,0,0.090909,0,0
0.035714,0,0,0,0,0.035714,0,0.035714,0,0,0,0.035714,0.071429,0,0,0.035714,0.035714,0,0,0,0.071429,0,0.035714,0,0.035714,0.035714,0,0,0,0,0,0,0.035714,0.035714,0,0,0.035714,0,0.071429,0,0,0,0,0.035714,0,0,0.071429,0.035714,0,0,0,0,0.071429,0.035714,0,0,0.035714,0,0,0.035714,0,0.035714,0,0
0.0625,0.0625,0.0625,0,0,0,0.0625,0,0.0625,0,0,0,0,0,0,0,0,0,0,0,0.0625,0,0,0,0,0,0,0.0625,0,0,0,0,0,0.125,0,0,0,0,0,0,0.1875,0,0.0625,0,0.0625,0,0,0,0.0625,0,0.0625,0,0,0,0,0,0,0,0,0,0,0,0,0
0,0,0,0,0,0.083333,0,0,0,0,0,0.041667,0.041667,0,0,0,0.041667,0,0,0.041667,0.083333,0,0,0,0.083333,0.041667,0,0,0.041667,0,0,0,0,0,0,0.041667,0,0,0.083333,0.041667,0.041667,0.041667,0,0,0,0,0.041667,0.041667,0.041667,0.041667,0,0,0,0,0,0,0,0,0.041667,0,0,0.041667,0,0
0,0,0,0,0,0.058824,0,0,0.058824,0,0,0,0,0,0,0,0,0.058824,0,0.058824,0,0,0,0,0,0,0,0,0.11765,0.058824,0,0,0,0,0,0.058824,0,0,0.058824,0,0,0,0,0.058824,0,0,0,0,0,0,0,0,0,0.058824,0.11765,0,0.11765,0,0,0,0.058824,0,0.058824,0
0,0.029412,0,0,0.029412,0,0,0.029412,0.029412,0,0,0.029412,0.029412,0.058824,0.029412,0.029412,0,0,0,0.029412,0.058824,0,0.029412,0.029412,0.029412,0,0.029412,0,0.029412,0.058824,0,0,0.029412,0,0.029412,0,0,0,0,0,0.058824,0,0,0,0.029412,0.029412,0,0,0.029412,0.029412,0.029412,0,0.029412,0.029412,0,0.029412,0.029412,0,0,0,0,0,0.029412,0
0.083333,0.16667,0.083333,0,0,0,0.083333,0,0.083333,0,0,0,0,0,0.083333,0,0,0,0,0,0,0,0,0,0.083333,0,0,0,0,0,0,0,0,0,0,0,0,0,0,0,0,0,0,0,0.083333,0,0,0,0,0,0,0,0,0,0,0,0.083333,0,0,0.083333,0,0,0.083333,0
0,0,0,0.125,0,0,0.0625,0.0625,0,0,0,0,0,0,0.0625,0.0625,0,0.0625,0,0,0,0,0,0,0,0,0,0,0,0,0,0.125,0,0,0,0,0,0,0,0,0,0,0,0.0625,0,0,0,0,0,0,0,0.0625,0.0625,0,0.0625,0,0.0625,0,0,0,0,0,0.0625,0.0625
0,0,0,0,0,0.1,0,0,0,0,0,0,0,0,0,0,0,0,0,0,0,0.1,0.2,0,0,0,0,0,0,0,0,0.1,0,0,0,0,0,0,0,0,0,0,0,0.1,0,0,0.1,0,0.1,0,0.1,0,0,0,0,0,0,0,0,0,0,0,0.1,0
0.02381,0.02381,0.02381,0.02381,0.02381,0.02381,0.047619,0.02381,0,0,0,0,0.071429,0.02381,0,0.02381,0.02381,0.02381,0,0.02381,0,0,0.02381,0,0.02381,0.02381,0,0.02381,0,0.047619,0.02381,0,0.02381,0,0,0,0.02381,0.047619,0.02381,0,0,0,0,0,0,0,0.047619,0,0,0.02381,0.047619,0.02381,0.02381,0,0.02381,0,0,0,0.071429,0.02381,0,0,0.02381,0
0,0,0,0.08,0,0.04,0,0.04,0,0.08,0,0,0,0,0,0,0.04,0,0,0,0.04,0,0.04,0,0,0,0,0,0,0.08,0.04,0,0,0,0,0,0,0,0,0,0,0.04,0,0,0,0,0.04,0.08,0,0,0,0.04,0,0.04,0,0,0.04,0,0.16,0.08,0,0,0,0
0,0.046512,0.046512,0,0,0.069767,0,0,0.046512,0.023256,0,0.023256,0.046512,0.023256,0.046512,0,0.046512,0.069767,0.023256,0,0,0,0,0.023256,0.023256,0,0,0,0.023256,0,0,0.023256,0,0,0,0.046512,0.023256,0,0,0,0.046512,0,0,0,0,0,0,0,0.023256,0.023256,0.023256,0.093023,0,0,0.023256,0,0.023256,0,0,0.046512,0,0.023256,0,0
0,0,0.058824,0,0,0,0,0,0,0,0,0.058824,0,0.058824,0,0,0,0,0,0,0.058824,0,0,0,0,0,0,0,0,0,0,0,0,0,0.058824,0,0.058824,0,0,0,0,0.058824,0.058824,0,0,0,0.058824,0.058824,0,0.058824,0,0.058824,0,0,0,0,0,0.058824,0,0.11765,0,0,0.11765,0
0.1,0.05,0,0,0.05,0,0,0,0.1,0,0,0.05,0,0,0,0.05,0.05,0.05,0,0,0,0,0,0,0,0,0,0,0,0,0,0,0,0.1,0,0,0.05,0.05,0,0,0,0.1,0,0,0,0,0,0,0.05,0.05,0,0,0,0,0,0,0,0,0.05,0,0,0.05,0,0
0.10526,0,0.052632,0.026316,0,0,0,0,0.026316,0.10526,0.026316,0.026316,0,0.026316,0.052632,0,0.13158,0.026316,0,0,0,0,0,0,0,0,0.026316,0,0,0,0,0,0.078947,0,0.026316,0,0,0.026316,0.026316,0,0,0.052632,0,0,0,0,0,0,0.052632,0,0,0.026316,0,0.026316,0,0,0,0,0.026316,0,0.026316,0,0,0
0,0,0.1,0,0.1,0,0,0,0,0,0,0,0,0,0,0.1,0,0,0.1,0,0,0,0,0,0,0,0.1,0,0.1,0,0,0,0.2,0,0,0,0.1,0,0,0,0,0,0,0,0,0,0,0,0,0,0,0,0,0,0,0,0,0.1,0,0,0,0,0,0
0,0.030303,0.030303,0,0,0,0.030303,0,0.030303,0.030303,0,0,0,0.030303,0,0,0.030303,0.030303,0.030303,0.030303,0,0.030303,0,0,0,0.030303,0,0.030303,0,0,0.15152,0,0,0.030303,0,0,0,0.030303,0.090909,0,0,0,0,0,0.030303,0,0,0,0.030303,0,0,0,0,0,0,0,0.030303,0,0,0.060606,0.060606,0,0.030303,0.060606
0.125,0,0,0,0,0.125,0,0,0.125,0,0,0,0,0.125,0,0,0,0,0,0,0,0,0,0,0,0,0,0,0,0,0,0,0,0,0.125,0,0,0,0,0,0,0,0,0,0,0,0,0.125,0,0.125,0,0,0,0,0,0,0,0.125,0,0,0,0,0,0
0.058824,0,0.11765,0,0,0,0,0,0,0,0,0,0,0,0.058824,0,0.058824,0,0,0.058824,0,0,0,0,0,0,0.058824,0,0,0,0,0.058824,0,0,0,0.058824,0,0,0,0.11765,0,0,0.058824,0,0.058824,0,0.058824,0,0,0,0,0,0,0,0,0,0.058824,0.058824,0,0,0,0.058824,0,0
0,0,0,0,0.0625,0.125,0.125,0,0,0,0,0.0625,0,0,0,0,0,0,0,0,0.0625,0,0,0,0.0625,0.0625,0,0,0,0,0.0625,0,0,0.0625,0,0,0,0.0625,0,0.0625,0,0,0,0,0,0,0.0625,0,0,0,0,0,0,0,0.0625,0,0,0,0,0.0625,0,0,0,0
0.04,0,0.04,0.04,0,0,0,0.08,0,0,0,0,0,0,0,0,0,0,0,0,0,0,0,0.04,0,0,0,0,0,0,0,0,0.04,0,0,0,0.04,0,0.08,0,0.04,0.12,0,0.04,0,0.04,0.04,0.04,0.04,0,0,0,0.04,0,0,0.04,0,0,0,0,0.04,0,0.08,0.04
0.090909,0,0,0,0,0,0,0,0,0,0.18182,0,0,0,0,0,0,0,0,0,0,0.090909,0,0,0,0,0,0,0,0,0,0,0,0,0.090909,0.090909,0,0,0,0,0,0,0,0,0,0,0.090909,0,0,0,0.18182,0,0,0,0,0,0,0.18182,0,0,0,0,0,0
0.02439,0,0,0.02439,0,0,0,0,0,0,0,0,0.073171,0.02439,0.04878,0.04878,0,0.02439,0,0,0.02439,0,0.02439,0,0,0,0,0,0,0.02439,0,0.02439,0,0.04878,0.02439,0.02439,0,0,0.02439,0,0,0.02439,0,0,0,0.04878,0.02439,0,0.04878,0.04878,0,0.02439,0,0.02439,0.02439,0,0.04878,0.073171,0,0.02439,0.02439,0.04878,0,0.02439
0.15385,0,0,0,0,0,0,0,0,0,0,0,0.076923,0,0,0.076923,0,0.076923,0,0,0,0,0,0,0,0.15385,0,0,0,0,0,0,0.076923,0,0,0,0,0.076923,0,0,0,0,0,0,0.076923,0,0,0,0.15385,0,0,0,0,0,0.076923,0,0,0,0,0,0,0,0,0
0,0,0,0,0.083333,0,0,0,0,0,0,0,0,0,0,0,0,0,0.083333,0.083333,0.083333,0,0,0.083333,0.083333,0,0,0,0,0,0,0,0,0.083333,0,0,0,0.083333,0,0,0,0,0,0,0,0.083333,0,0,0,0.083333,0,0,0,0,0,0,0,0,0,0,0.083333,0,0,0.083333
0,0,0,0,0,0,0.018519,0,0.018519,0.018519,0.074074,0,0.018519,0,0.018519,0.018519,0,0.018519,0.092593,0,0.037037,0,0,0.018519,0.037037,0.018519,0.037037,0.018519,0,0.018519,0.037037,0,0.018519,0.018519,0,0,0.018519,0,0.018519,0.018519,0,0.018519,0.018519,0,0.018519,0,0.037037,0,0,0,0.037037,0.018519,0.018519,0,0.055556,0,0.018519,0,0.037037,0.055556,0.037037,0,0,0.018519
0.071429,0,0.02381,0,0.071429,0.02381,0.047619,0,0,0.02381,0,0.02381,0,0,0,0,0.02381,0,0.02381,0.047619,0,0,0.02381,0,0.02381,0,0.02381,0.071429,0,0,0,0,0.047619,0,0.02381,0.02381,0.02381,0,0,0,0.02381,0,0.047619,0,0,0,0,0.047619,0.047619,0,0,0,0,0,0.02381,0,0,0,0.047619,0.02381,0.02381,0.047619,0,0.02381
0.03125,0.03125,0,0,0.0625,0.0625,0,0,0.0625,0.09375,0.125,0.03125,0,0.03125,0,0,0.0625,0,0,0,0,0,0.03125,0,0.0625,0,0.03125,0.03125,0,0.03125,0,0,0,0,0,0.03125,0.03125,0.03125,0.03125,0,0,0.03125,0,0,0,0.03125,0,0,0,0,0,0,0,0,0.03125,0,0,0,0,0,0,0,0,0
0.066667,0.066667,0,0.066667,0.066667,0,0,0,0,0,0,0.066667,0,0,0,0,0,0,0,0,0,0,0,0,0,0.066667,0,0,0,0.066667,0,0,0,0,0,0,0.066667,0,0,0,0,0.066667,0,0,0,0,0.13333,0,0,0,0,0,0,0.066667,0,0,0.13333,0,0,0,0,0,0,0.066667
0.014286,0.014286,0,0.028571,0.014286,0,0,0,0,0,0,0,0.042857,0.014286,0.042857,0.028571,0.042857,0.014286,0.028571,0.057143,0.014286,0.014286,0,0.014286,0,0.028571,0.028571,0,0,0,0,0.057143,0.014286,0,0,0,0,0.028571,0.014286,0,0.014286,0.028571,0,0,0.014286,0.014286,0.042857,0,0,0.042857,0.014286,0.028571,0,0,0,0.028571,0,0.014286,0.028571,0.028571,0.028571,0.028571,0.014286,0.071429
0,0.038462,0.038462,0,0.038462,0.038462,0,0,0,0.038462,0,0.038462,0.038462,0,0.038462,0,0,0,0.038462,0,0.038462,0,0.038462,0,0,0,0,0,0,0,0.076923,0,0,0.038462,0,0.038462,0.038462,0,0.038462,0,0,0.038462,0,0,0.038462,0,0.038462,0,0.076923,0,0,0,0,0,0,0.038462,0,0,0.038462,0,0.076923,0,0,0
0.1,0,0,0,0,0,0,0,0,0,0,0,0.1,0,0,0,0,0,0.1,0,0,0,0,0,0,0,0,0,0,0,0,0.1,0,0,0,0,0,0,0,0,0,0.1,0,0,0,0,0,0,0,0.1,0,0,0,0,0.1,0,0,0.1,0,0,0,0,0.1,0.1
0,0.043478,0.13043,0.17391,0,0.043478,0,0,0.086957,0,0.043478,0,0,0,0,0.043478,0,0,0,0,0,0,0,0,0,0,0,0,0,0,0,0,0,0,0,0.086957,0.086957,0,0.043478,0,0.043478,0,0,0,0.043478,0,0,0,0,0,0,0,0,0.043478,0,0,0,0,0,0,0.043478,0,0.043478,0
0,0,0,0,0,0,0,0,0.1,0.15,0,0,0,0.05,0.05,0.05,0,0,0,0,0,0,0,0,0.05,0.05,0.05,0,0,0,0.05,0.05,0.05,0,0,0,0,0,0,0,0,0.05,0,0,0,0,0,0.1,0,0,0,0,0,0,0,0,0,0,0,0,0,0.05,0.05,0.05
0.044444,0,0,0.011111,0.011111,0.011111,0.044444,0.011111,0.033333,0.011111,0,0,0,0,0.011111,0.011111,0,0,0,0.033333,0.011111,0.033333,0,0.011111,0.011111,0.022222,0.033333,0,0.011111,0.088889,0.011111,0.022222,0.022222,0,0.022222,0.011111,0,0.011111,0.044444,0.011111,0.011111,0.011111,0,0,0,0,0,0,0.033333,0.011111,0,0,0,0.033333,0.044444,0.088889,0.011111,0.022222,0.033333,0.011111,0.011111,0.022222,0,0.044444
0,0,0.055556,0,0,0,0.11111,0,0,0,0.055556,0,0.055556,0,0,0,0,0,0,0.055556,0,0,0,0,0.11111,0,0,0.055556,0,0,0,0.055556,0,0,0,0,0,0,0.055556,0,0,0.11111,0,0,0,0,0.055556,0,0,0,0.055556,0,0.055556,0,0,0,0,0,0,0,0.055556,0.055556,0,0
0.05,0.05,0.025,0,0,0,0,0,0.025,0,0,0,0.025,0.025,0,0,0,0,0,0,0,0.025,0.025,0,0,0.05,0.025,0,0.025,0.025,0,0,0.025,0.05,0.05,0,0,0.025,0.025,0,0.1,0.025,0.025,0.025,0.05,0.025,0.025,0,0,0,0.025,0,0,0,0.025,0,0.025,0,0.025,0.025,0.025,0.025,0,0
0.017544,0.035088,0.017544,0.052632,0,0.035088,0,0,0,0,0,0,0,0.017544,0.017544,0.035088,0,0,0.035088,0.017544,0.035088,0.052632,0.035088,0.035088,0,0.017544,0,0,0.017544,0,0,0,0.035088,0,0.017544,0,0.017544,0.017544,0,0.017544,0.017544,0,0,0,0,0.017544,0.017544,0,0.017544,0,0.017544,0.017544,0.017544,0.017544,0,0,0.017544,0.10526,0,0.017544,0.035088,0.035088,0.017544,0.052632
0.125,0.0625,0,0,0.03125,0,0.0625,0,0.03125,0,0.03125,0,0,0.03125,0.03125,0,0,0.03125,0,0.03125,0,0,0,0.03125,0,0,0.03125,0,0,0,0,0,0.03125,0,0,0,0.03125,0.03125,0.03125,0,0,0,0,0,0,0,0.0625,0,0,0.03125,0.03125,0.0625,0,0,0.0625,0,0,0,0,0.0625,0.03125,0,0,0
0.05,0.025,0.05,0.025,0.075,0.05,0,0,0.05,0.025,0,0,0,0,0.025,0,0.05,0.025,0,0,0,0,0,0,0,0.05,0,0.025,0,0,0.05,0,0,0.025,0,0.025,0,0,0,0,0,0,0,0,0.05,0,0.05,0,0.075,0,0.025,0.05,0,0,0,0,0,0.05,0,0,0,0,0.025,0.05
0.05,0.05,0.025,0,0.025,0,0,0.025,0.025,0.025,0,0,0,0,0,0.025,0.125,0,0,0.025,0.025,0,0.05,0,0.025,0.025,0.05,0,0,0.025,0,0,0,0,0.025,0,0,0,0.025,0,0,0.05,0.025,0,0,0.025,0,0,0.025,0,0.05,0,0,0,0,0,0.075,0.025,0.025,0.025,0.025,0,0,0
0.02,0.06,0,0,0.04,0.1,0.02,0.02,0.02,0.24,0.06,0,0.02,0.08,0,0,0,0.02,0,0,0,0,0,0,0.02,0,0.02,0.02,0.04,0,0,0,0,0,0,0,0.04,0,0,0,0,0.08,0.02,0,0,0,0,0.02,0,0,0.02,0,0,0,0,0,0,0,0,0,0,0,0.02,0
0,0,0,0,0,0.071429,0,0,0,0.071429,0,0,0,0,0,0,0.14286,0,0,0,0,0,0.071429,0,0,0,0,0,0.071429,0,0,0,0,0,0.071429,0,0.071429,0,0,0,0,0.071429,0.071429,0,0,0.071429,0,0,0.071429,0,0,0,0,0,0,0,0,0,0,0,0,0,0,0.14286
0.05,0,0.025,0,0.025,0.05,0,0,0.05,0,0,0,0,0.025,0.025,0.025,0,0,0.125,0.025,0.05,0.025,0,0,0.025,0.025,0.025,0,0,0.075,0,0.025,0,0,0,0,0,0.025,0.025,0.1,0,0,0,0,0.025,0,0.025,0,0,0,0,0,0.025,0,0,0,0,0,0.05,0,0.025,0.025,0,0
0,0.08,0.04,0,0.04,0,0,0,0.04,0.04,0.08,0,0,0.08,0,0,0.04,0,0,0,0,0,0,0,0,0.04,0,0,0,0,0.04,0,0.08,0.04,0,0,0.04,0,0,0,0.08,0.04,0,0,0.04,0,0,0,0,0,0,0,0.12,0,0,0,0.04,0,0,0,0,0,0,0
0,0,0,0,0.076923,0,0.076923,0.076923,0,0,0,0.076923,0,0.076923,0.076923,0,0,0.076923,0,0,0,0,0,0,0,0,0.076923,0,0,0,0,0,0.076923,0,0,0,0,0.076923,0,0.076923,0,0,0,0,0,0,0,0,0,0,0.076923,0,0.076923,0,0,0,0,0,0,0,0,0,0,0
0,0,0,0.045455,0.045455,0.045455,0,0,0,0,0.045455,0,0.045455,0,0.045455,0.045455,0,0,0,0,0,0,0,0,0,0,0,0.045455,0,0,0,0.045455,0,0,0,0.045455,0,0,0,0,0,0,0.090909,0.045455,0,0,0,0.090909,0.090909,0,0,0.045455,0,0,0.045455,0,0.090909,0,0,0,0,0,0.045455,0
0.23077,0,0.076923,0.076923,0.076923,0,0,0,0,0,0,0,0,0,0.076923,0,0.076923,0,0,0,0,0,0,0,0,0,0,0,0,0,0,0,0,0,0,0,0,0,0.076923,0,0,0,0,0,0,0,0.15385,0,0,0,0,0,0,0,0,0,0.15385,0,0,0,0,0,0,0
0,0.052632,0.026316,0.052632,0.026316,0,0.026316,0.026316,0,0.052632,0,0.026316,0.052632,0.026316,0,0.052632,0.078947,0,0,0,0.026316,0,0,0,0,0,0,0.026316,0,0.026316,0,0,0.026316,0,0,0,0.052632,0.026316,0,0,0,0.026316,0,0,0,0,0,0,0.052632,0.026316,0,0.052632,0.026316,0.026316,0,0,0,0.026316,0,0,0.026316,0,0.026316,0.026316
0.083333,0,0.083333,0,0,0,0,0,0,0,0,0.083333,0.083333,0,0,0,0,0,0.083333,0,0.083333,0,0,0,0,0,0,0,0,0,0,0.083333,0,0,0,0,0,0,0,0,0,0.083333,0,0,0.083333,0,0,0.083333,0.083333,0,0,0.083333,0,0,0,0,0,0,0,0,0,0,0,0
0.1,0,0.1,0.1,0.1,0,0,0,0.2,0,0,0,0.1,0,0,0,0,0,0,0,0,0,0,0,0,0,0,0,0,0,0,0,0,0,0,0,0,0,0,0,0,0,0,0,0,0,0,0,0.1,0,0,0,0,0,0.1,0,0,0,0,0.1,0,0,0,0
0.11864,0.016949,0.016949,0.033898,0.033898,0,0,0.016949,0.016949,0.016949,0.016949,0,0.067797,0,0,0.016949,0.016949,0.016949,0.016949,0,0.016949,0,0.033898,0.016949,0.016949,0.050847,0.016949,0,0,0,0,0.033898,0,0,0.016949,0,0,0,0.033898,0,0.016949,0.016949,0,0,0,0,0.050847,0.033898,0.016949,0,0,0,0.016949,0,0.033898,0,0.033898,0.016949,0.016949,0,0,0.067797,0,0.016949
0.03125,0,0,0.03125,0.03125,0,0,0,0,0.03125,0,0.0625,0.0625,0.03125,0,0.0625,0.03125,0,0,0.0625,0,0,0.03125,0,0,0,0,0.03125,0,0,0,0.03125,0,0,0,0,0,0.03125,0,0,0,0,0,0,0.03125,0,0,0,0.03125,0,0,0.09375,0,0.03125,0.03125,0,0.03125,0,0.03125,0,0.09375,0,0.03125,0.03125
0.05,0,0,0,0.1,0,0,0,0,0,0,0.05,0,0,0,0,0.05,0,0.05,0,0,0,0,0,0,0,0,0,0,0,0.05,0.05,0,0.05,0,0,0.05,0.05,0,0,0,0,0,0,0.05,0,0,0,0.05,0,0.05,0,0,0,0,0,0.05,0,0.05,0,0.05,0,0.05,0.1
0,0.071429,0.071429,0,0,0,0,0,0,0,0,0,0,0,0,0,0,0,0.071429,0,0,0,0,0,0,0.14286,0,0,0,0.071429,0,0,0.071429,0,0,0,0,0.071429,0,0,0,0.071429,0,0.071429,0,0,0.071429,0,0,0,0,0,0,0,0,0,0.071429,0,0,0,0.071429,0.071429,0,0
0.055556,0.027778,0,0.055556,0,0.027778,0.027778,0.027778,0,0.055556,0,0,0,0.027778,0,0.027778,0,0,0,0,0,0,0,0.027778,0.027778,0.055556,0,0.027778,0,0,0.027778,0,0,0.027778,0,0,0,0,0.027778,0,0.055556,0,0,0,0.027778,0,0.027778,0,0.027778,0,0.055556,0.055556,0,0,0,0,0.083333,0,0.055556,0,0,0,0.027778,0.027778
0,0,0.1,0,0,0,0,0,0,0,0,0,0.1,0,0,0.2,0.1,0,0,0,0,0,0,0,0,0.1,0,0,0,0,0,0,0,0,0,0,0,0,0,0,0,0,0,0,0,0,0,0.1,0,0,0,0,0,0,0,0,0,0,0,0.1,0.1,0.1,0,0
0.1,0.1,0,0,0,0,0,0,0,0,0,0,0,0,0,0,0.1,0,0,0,0,0,0,0.1,0,0.1,0,0.1,0.1,0,0,0,0,0,0,0.2,0,0,0,0,0,0,0,0,0.1,0,0,0,0,0,0,0,0,0,0,0,0,0,0,0,0,0,0,0
0,0.058824,0,0.029412,0,0.058824,0,0.029412,0.058824,0,0,0.029412,0.029412,0,0,0.14706,0.088235,0,0,0.029412,0,0,0.058824,0,0,0,0,0,0,0,0,0,0,0,0,0,0,0,0,0,0,0.029412,0,0,0.029412,0.029412,0,0,0.029412,0.029412,0,0.029412,0.029412,0,0,0,0,0,0,0.029412,0.029412,0.058824,0,0.058824
0,0.058824,0.058824,0,0,0,0,0,0,0,0,0,0.058824,0,0,0.058824,0,0,0.058824,0,0,0,0,0,0,0,0,0,0,0,0,0,0,0,0,0,0.058824,0.058824,0,0,0,0,0,0,0.058824,0.058824,0,0,0.058824,0,0,0,0.058824,0,0,0,0.058824,0,0,0.058824,0,0.11765,0.058824,0.058824
0,0,0,0,0,0,0,0.052632,0.052632,0,0,0,0,0.052632,0,0,0,0.052632,0,0.052632,0.10526,0,0,0,0,0,0,0,0,0,0.10526,0,0,0,0,0.052632,0,0,0.052632,0,0,0,0,0,0,0.052632,0,0,0.052632,0,0,0.052632,0.052632,0,0,0.052632,0,0,0,0,0.052632,0,0.052632,0.052632
0.045455,0,0.090909,0,0,0.045455,0,0.045455,0,0,0,0,0,0.090909,0,0,0.31818,0,0.045455,0,0,0,0.045455,0,0,0,0,0,0.045455,0,0,0,0,0,0,0,0,0.045455,0,0,0,0,0,0,0,0,0,0,0.13636,0,0,0,0.045455,0,0,0,0,0,0,0,0,0,0,0
0.055556,0,0.055556,0,0.11111,0,0,0.055556,0.11111,0,0,0,0.055556,0,0,0,0.22222,0,0,0,0.055556,0,0,0,0,0,0,0,0.055556,0,0,0,0.11111,0,0,0,0,0,0,0,0,0,0,0,0,0,0,0,0.055556,0,0,0,0,0,0,0,0,0,0,0,0,0,0.055556,0
0,0.15789,0,0,0.052632,0.052632,0.10526,0.052632,0,0,0,0,0.052632,0.052632,0,0.052632,0.10526,0,0,0,0,0,0,0,0,0,0,0,0,0,0,0,0.052632,0,0,0.052632,0,0,0,0,0,0,0,0,0,0,0,0,0.052632,0.052632,0,0,0.052632,0,0,0,0,0.052632,0,0,0,0,0,0
0.2,0.066667,0,0,0,0,0,0.066667,0,0,0,0,0.066667,0,0.066667,0,0,0,0,0,0,0,0,0,0,0,0,0,0.066667,0.066667,0,0,0,0,0,0,0,0,0,0,0,0,0,0,0,0,0,0,0.2,0,0,0,0,0,0,0,0,0,0.066667,0,0,0.066667,0.066667,0
0.071429,0.071429,0,0.071429,0,0.071429,0.071429,0,0,0,0,0,0,0,0,0,0,0,0,0.071429,0,0,0,0,0,0,0,0,0,0,0,0,0,0,0,0,0.14286,0,0,0.071429,0.14286,0,0,0,0,0,0,0,0.071429,0,0,0,0,0,0,0,0,0,0,0,0.071429,0,0.071429,0
0.064516,0.032258,0,0,0.064516,0,0,0,0,0.064516,0,0.032258,0.032258,0,0.096774,0,0.032258,0.032258,0,0,0,0,0.032258,0,0,0,0.032258,0,0,0,0.032258,0.032258,0,0.064516,0,0,0.032258,0,0.032258,0,0,0,0,0,0.032258,0,0.032258,0,0,0.032258,0,0.064516,0,0,0,0,0,0.032258,0,0,0.032258,0,0.064516,0
0.05,0,0.05,0.05,0,0.05,0,0,0.05,0.05,0.05,0,0.05,0,0.05,0,0,0.05,0,0,0,0,0,0,0,0,0.05,0,0,0.05,0,0.05,0.1,0.05,0,0,0,0.05,0,0,0,0,0,0,0,0,0,0,0,0,0,0.05,0,0,0,0.05,0.05,0,0,0,0,0,0,0
0.08,0,0.04,0,0.04,0,0.04,0.04,0,0,0.04,0,0.04,0.04,0.08,0.04,0.04,0,0,0.04,0.04,0.04,0,0,0,0,0.04,0,0,0,0,0,0.04,0,0,0.04,0.04,0,0,0.08,0,0,0,0,0,0,0.04,0,0,0,0,0,0,0,0,0,0.04,0,0,0,0,0,0.04,0
0,0.10526,0.052632,0,0,0,0,0,0,0,0.10526,0,0.052632,0,0.052632,0,0.052632,0.052632,0.052632,0,0,0.052632,0,0,0.052632,0,0,0,0,0,0,0,0,0,0,0,0,0,0,0,0.10526,0,0,0,0,0,0.052632,0,0.052632,0,0,0.052632,0,0.10526,0,0,0,0,0,0,0,0,0,0
0.066667,0,0,0,0.066667,0,0,0,0.066667,0,0,0.066667,0,0.066667,0,0,0,0,0.066667,0.066667,0,0,0.066667,0,0,0.066667,0,0,0,0,0,0,0,0,0.066667,0.066667,0.066667,0,0.066667,0,0,0,0,0,0,0,0,0,0,0,0,0,0,0,0,0,0.066667,0,0,0,0,0,0.066667,0
0.058824,0,0,0,0.058824,0,0,0.058824,0.058824,0,0,0,0.058824,0.058824,0,0,0,0,0,0,0.11765,0,0,0,0,0,0,0,0,0,0,0.058824,0,0,0,0,0,0.058824,0,0.058824,0,0,0,0.058824,0,0,0,0.058824,0,0,0,0,0.058824,0,0,0,0,0,0,0,0.058824,0.058824,0,0.058824
0.04,0,0.04,0.08,0,0,0,0,0.04,0,0,0.04,0,0,0,0,0.04,0,0.04,0,0.04,0,0.04,0,0.12,0,0.04,0.04,0.04,0,0.04,0.04,0,0,0,0,0,0,0,0,0,0,0,0,0,0,0,0,0.04,0.04,0.08,0,0,0,0.04,0,0,0,0,0,0,0.04,0,0.04
0,0,0,0.083333,0,0,0,0,0.083333,0,0,0,0,0,0,0,0,0,0,0.083333,0.16667,0,0,0,0,0,0,0,0,0,0,0.083333,0,0,0,0,0,0,0,0,0,0,0,0,0,0,0,0.083333,0.083333,0,0,0,0,0,0,0,0,0,0,0,0,0.083333,0,0.25
0,0,0.0625,0,0.0625,0.125,0,0,0.125,0,0,0,0,0.0625,0,0.0625,0,0,0,0,0.125,0,0.0625,0,0,0,0.0625,0,0,0,0,0.0625,0.0625,0,0,0,0,0,0,0,0,0,0,0,0,0,0.0625,0,0,0,0,0,0.0625,0,0,0,0,0,0,0,0,0,0,0
0.041667,0,0,0,0,0,0.041667,0,0.041667,0.041667,0,0,0.125,0,0,0.125,0,0,0,0,0,0,0,0,0.041667,0,0,0,0.041667,0,0,0,0,0,0,0.041667,0.125,0,0.041667,0,0,0,0,0,0,0,0.041667,0,0.041667,0,0,0.083333,0,0,0,0,0,0.041667,0,0,0.041667,0.041667,0,0
0.14286,0,0.071429,0,0,0,0,0,0.14286,0,0,0.071429,0,0,0,0,0,0,0,0,0,0,0,0,0.071429,0,0,0,0,0,0,0,0,0,0,0,0.14286,0,0.071429,0,0,0,0,0,0,0.071429,0.071429,0,0.071429,0,0,0,0,0,0,0,0,0,0,0.071429,0,0,0,0
0.035714,0.017857,0.017857,0,0.035714,0.017857,0.017857,0.017857,0,0.035714,0.017857,0,0.053571,0,0,0,0.017857,0,0.035714,0.017857,0.017857,0,0,0,0.017857,0,0.071429,0,0,0,0,0,0,0,0,0.017857,0.017857,0,0.053571,0.017857,0.053571,0.089286,0.017857,0.035714,0,0.017857,0.035714,0.053571,0.017857,0.017857,0.017857,0.017857,0,0,0,0,0,0,0,0,0.035714,0.017857,0.017857,0
0,0,0,0,0.0625,0,0,0,0,0,0,0,0,0,0,0,0,0,0,0,0.0625,0,0,0,0,0,0,0,0,0,0.0625,0,0.0625,0,0,0,0.125,0,0.0625,0.0625,0,0,0,0,0,0.0625,0.0625,0,0.0625,0,0.0625,0.0625,0,0.0625,0,0.125,0,0,0,0,0,0,0,0
0.13043,0,0,0,0.043478,0,0,0,0,0,0,0,0.043478,0,0.043478,0,0,0,0,0,0.043478,0,0,0,0.043478,0.043478,0,0.043478,0,0,0.043478,0,0,0,0,0.043478,0,0,0,0,0,0.043478,0,0,0,0,0,0,0.086957,0.043478,0.086957,0,0.043478,0,0.043478,0.043478,0,0,0,0.043478,0,0.043478,0,0
0.076923,0,0,0,0,0,0,0,0.038462,0,0,0.038462,0,0,0,0,0,0.076923,0.076923,0.038462,0,0,0,0,0,0.076923,0.038462,0,0.038462,0,0.038462,0.038462,0,0,0,0,0,0.038462,0,0,0,0,0,0,0,0.038462,0.038462,0,0.11538,0,0.038462,0,0,0.038462,0,0,0,0,0,0,0,0,0.038462,0.076923
0,0.035714,0.071429,0.071429,0,0.035714,0,0.035714,0,0,0,0.035714,0.035714,0,0.035714,0.10714,0.035714,0,0.035714,0,0.035714,0,0,0,0,0,0,0,0.10714,0,0,0,0,0,0,0,0,0,0,0.035714,0,0.035714,0,0,0.035714,0,0,0,0.035714,0,0,0,0,0.035714,0,0,0.035714,0,0,0,0.035714,0.035714,0,0.035714
0.022989,0.011494,0,0,0.045977,0,0.022989,0.011494,0,0.011494,0,0.011494,0,0.022989,0,0.022989,0.057471,0,0.034483,0.011494,0.022989,0.011494,0.011494,0,0,0.011494,0.011494,0,0,0.057471,0.011494,0.011494,0.011494,0,0.011494,0.011494,0.057471,0.011494,0.011494,0.022989,0.022989,0,0,0,0.034483,0.011494,0.022989,0.011494,0,0.022989,0.011494,0.011494,0.011494,0,0.011494,0.022989,0,0.045977,0.022989,0.034483,0.034483,0.034483,0.022989,0.034483
0.037037,0.074074,0,0,0,0,0,0,0,0,0,0,0,0,0,0.037037,0.037037,0,0,0,0.037037,0,0.037037,0,0,0.037037,0.037037,0,0,0,0.037037,0,0,0,0,0,0,0.14815,0.037037,0,0.074074,0,0,0,0.037037,0,0,0,0,0.037037,0,0,0.037037,0,0,0,0,0.074074,0,0.037037,0.037037,0.074074,0.037037,0
0.028571,0,0,0,0,0,0,0,0.028571,0.057143,0,0,0,0.028571,0.028571,0.14286,0.057143,0,0.028571,0,0.085714,0.028571,0.028571,0,0,0,0,0,0.028571,0,0,0.057143,0,0,0,0,0.028571,0,0,0,0.028571,0,0,0,0,0.028571,0.028571,0.057143,0.028571,0,0.028571,0,0.057143,0,0,0,0,0,0,0,0,0,0.085714,0
0.058824,0,0,0.058824,0.058824,0,0,0,0,0,0,0,0,0,0,0.11765,0,0.058824,0,0,0.058824,0,0,0,0,0,0,0,0,0,0,0,0,0,0,0,0,0,0.058824,0.058824,0,0.058824,0.058824,0.058824,0,0,0,0,0,0,0,0,0.058824,0,0,0.11765,0.058824,0,0,0,0,0,0.058824,0
0.030303,0,0,0,0.090909,0.030303,0,0,0,0,0,0.030303,0,0,0.030303,0,0,0,0,0,0.060606,0,0,0,0,0.030303,0,0,0,0,0,0,0,0,0,0,0,0,0,0.030303,0.030303,0,0,0,0.060606,0,0,0.090909,0,0.030303,0,0.060606,0.030303,0,0.030303,0,0.060606,0.060606,0,0.090909,0,0.090909,0,0.030303
0.095238,0.095238,0.047619,0.095238,0.047619,0,0,0.047619,0,0,0,0,0,0,0,0,0,0,0.047619,0,0.095238,0,0,0,0,0,0,0,0,0,0.095238,0,0,0,0,0,0,0,0,0.047619,0.047619,0,0,0,0.047619,0,0,0.047619,0,0,0,0,0,0,0,0,0,0.095238,0.047619,0,0,0,0,0
0.1,0,0,0,0,0,0,0.1,0,0,0,0,0,0,0,0,0.1,0,0,0,0,0,0,0,0,0,0.1,0,0,0,0,0,0,0,0,0,0.2,0,0,0,0,0,0,0,0,0,0,0,0.2,0,0,0,0.1,0,0,0,0,0,0,0,0,0.1,0,0
0.14286,0,0.047619,0,0.047619,0,0,0,0,0,0,0.047619,0.047619,0,0,0.095238,0.047619,0,0,0,0.047619,0,0,0,0,0,0,0,0,0,0,0.047619,0,0,0,0,0,0,0,0,0,0.047619,0,0.047619,0,0,0,0,0,0,0.047619,0.047619,0.047619,0,0.047619,0,0,0,0,0.047619,0,0.095238,0,0
0,0.022727,0,0,0,0,0,0.022727,0,0,0,0,0.022727,0,0,0.045455,0,0,0,0.045455,0,0,0.022727,0,0,0.068182,0,0,0.022727,0.022727,0.022727,0,0,0,0,0,0,0,0,0.022727,0,0.022727,0,0,0,0,0.045455,0.068182,0,0.022727,0,0.045455,0.022727,0.068182,0.068182,0.045455,0,0.045455,0,0.022727,0,0.045455,0.068182,0.068182
0,0,0.066667,0.066667,0,0,0,0,0.13333,0,0,0,0.066667,0,0,0,0.066667,0,0,0,0.066667,0,0,0,0.13333,0,0,0,0,0,0,0,0,0,0.066667,0,0.066667,0,0.066667,0,0,0,0,0,0,0,0,0,0.066667,0,0,0,0,0,0.066667,0,0,0.066667,0,0,0,0,0,0
0.1,0.033333,0.05,0.033333,0.1,0,0.016667,0,0.033333,0,0.033333,0,0.033333,0.033333,0,0,0.05,0,0.033333,0,0,0,0.016667,0,0,0.016667,0.033333,0,0,0,0,0,0.066667,0.033333,0,0,0.11667,0.016667,0.016667,0.016667,0,0.016667,0.016667,0,0.016667,0,0,0,0,0,0,0,0,0,0,0.016667,0,0.016667,0,0,0,0,0.016667,0.016667
0.025641,0,0.025641,0.025641,0,0.025641,0,0,0,0,0,0,0.051282,0.025641,0.025641,0,0,0.025641,0.025641,0,0.025641,0,0.025641,0,0,0,0,0,0,0.025641,0.025641,0.051282,0,0,0,0.025641,0.051282,0,0,0.025641,0,0.025641,0.025641,0,0,0.025641,0.025641,0,0.025641,0,0.025641,0.025641,0.025641,0,0,0,0.051282,0.025641,0.10256,0.051282,0,0,0.025641,0.025641
0.016667,0,0,0.016667,0,0,0.016667,0,0,0,0,0,0,0,0,0.1,0,0.05,0,0.016667,0.05,0.016667,0.016667,0.016667,0.033333,0,0.033333,0,0.016667,0.05,0.016667,0.033333,0,0,0,0.016667,0.033333,0,0.016667,0.016667,0.016667,0,0.016667,0.016667,0,0,0.016667,0.033333,0,0,0,0,0,0,0.016667,0,0,0.033333,0.016667,0.016667,0.016667,0.05,0.016667,0.15
0,0,0,0.052632,0,0,0.052632,0.052632,0,0.052632,0,0,0,0,0,0,0,0.052632,0,0.10526,0,0,0,0.052632,0,0,0.052632,0.052632,0,0,0,0,0,0,0,0,0,0,0,0,0,0,0,0,0.15789,0,0.10526,0,0.052632,0,0,0,0,0,0,0.052632,0,0,0,0,0.10526,0,0,0
0,0,0,0,0,0,0.035714,0,0,0,0,0,0.035714,0,0,0,0.071429,0.071429,0.071429,0.035714,0,0.035714,0.035714,0,0.035714,0.071429,0.071429,0,0,0.035714,0.035714,0,0,0,0,0.035714,0,0.035714,0,0,0,0,0,0,0,0,0,0,0,0,0,0.14286,0,0,0.071429,0,0,0,0,0,0,0.035714,0,0.035714
0.090909,0,0,0,0,0,0,0,0.090909,0,0,0,0.090909,0.090909,0,0.090909,0,0.090909,0,0,0,0,0,0,0,0,0,0,0,0,0,0,0,0,0,0,0,0,0,0,0,0,0,0,0,0,0,0,0.090909,0.090909,0.090909,0,0,0,0,0,0,0,0.090909,0,0,0,0,0.090909
0.043478,0.043478,0,0,0,0.043478,0,0,0,0.043478,0,0,0,0.043478,0,0,0,0,0.043478,0,0.086957,0.043478,0,0,0,0.043478,0,0,0,0,0,0,0,0,0,0,0,0.043478,0,0,0,0,0,0,0,0.043478,0.043478,0.086957,0.043478,0,0,0,0,0.043478,0.043478,0.043478,0,0.043478,0.043478,0,0,0,0.043478,0.043478
0.047619,0,0.047619,0,0,0.047619,0,0,0.047619,0,0,0.047619,0,0,0.047619,0.047619,0,0,0.047619,0,0,0,0,0,0.047619,0,0,0,0.095238,0,0.047619,0,0,0,0,0,0.047619,0,0,0,0.095238,0,0.047619,0.095238,0,0,0,0,0,0,0.047619,0,0,0,0,0,0.047619,0,0,0,0,0,0,0.047619
0.076923,0,0,0.076923,0,0,0,0,0,0.076923,0,0,0,0,0,0.076923,0,0,0,0,0.15385,0,0.076923,0,0,0.076923,0.076923,0,0,0,0,0,0,0,0,0,0,0.076923,0,0,0,0,0,0,0,0,0,0,0,0,0,0,0,0,0.076923,0,0,0,0.076923,0,0,0.076923,0,0
0.037037,0.14815,0.037037,0,0,0.074074,0,0,0,0.037037,0,0,0,0.037037,0.037037,0,0.14815,0.074074,0.11111,0,0.037037,0,0,0,0,0,0,0,0,0,0.037037,0.037037,0,0,0.11111,0,0,0,0,0,0,0,0,0,0,0,0,0,0,0,0,0,0,0,0,0,0,0,0,0,0,0.037037,0,0
0.088235,0.029412,0.029412,0,0.17647,0.029412,0,0.029412,0,0.088235,0,0,0.11765,0,0.029412,0,0,0.029412,0,0,0.058824,0,0,0,0,0,0,0,0.029412,0.029412,0,0,0.029412,0,0,0,0,0,0.029412,0,0,0,0,0,0.029412,0,0,0,0,0,0,0,0.029412,0,0,0,0.029412,0,0,0,0,0.029412,0.029412,0.029412
0.051282,0.051282,0.051282,0,0.051282,0,0.025641,0,0,0,0,0,0.051282,0,0.051282,0,0.025641,0,0.025641,0.025641,0,0.025641,0.025641,0,0,0,0.025641,0,0,0,0,0.025641,0,0,0.025641,0,0,0,0,0,0,0.025641,0,0.025641,0,0,0,0,0.076923,0,0,0.076923,0,0,0,0,0.025641,0,0.025641,0.025641,0.025641,0.025641,0.076923,0.051282
0,0,0,0,0,0,0,0.05,0,0,0,0,0.05,0.05,0.1,0.2,0,0,0,0,0,0,0,0.05,0,0,0,0,0,0,0,0,0,0,0,0.05,0.05,0,0,0.05,0,0,0,0,0,0,0,0,0,0,0,0,0,0,0,0.1,0,0.1,0,0,0.05,0.05,0,0.05
0.095238,0,0.047619,0,0,0,0,0,0,0,0,0,0,0,0,0,0,0,0,0.047619,0.047619,0,0,0,0,0,0,0,0.19048,0,0.047619,0,0.047619,0,0,0,0.047619,0,0,0.095238,0,0,0,0,0,0,0,0,0.047619,0,0,0,0.047619,0,0,0,0.047619,0,0,0,0.047619,0,0,0.14286
0,0.1,0,0,0,0,0,0,0,0,0,0,0.1,0,0,0,0,0,0,0,0.1,0,0,0,0,0,0,0.1,0,0,0,0,0,0,0,0,0,0,0.1,0,0,0,0,0,0,0,0,0.1,0,0,0,0,0,0,0,0,0,0.1,0.2,0,0,0.1,0,0
0.052632,0,0,0,0,0.052632,0,0,0,0,0,0,0.10526,0,0.052632,0.052632,0,0,0.052632,0,0.052632,0,0,0,0.052632,0.052632,0,0,0,0,0,0,0.052632,0,0,0.052632,0,0,0,0,0,0.052632,0.052632,0.052632,0,0,0,0,0,0,0,0.052632,0,0.052632,0,0,0,0.052632,0,0.052632,0,0,0,0
0.1,0,0,0,0,0,0,0,0,0.1,0,0,0.1,0,0,0,0.1,0,0,0,0,0,0,0,0,0,0,0,0,0,0.1,0,0,0,0,0,0,0,0,0,0,0,0,0,0,0,0.1,0,0,0,0,0.1,0.1,0,0,0,0,0,0,0,0,0.2,0,0
0.045455,0.045455,0,0,0.045455,0.045455,0,0,0,0,0,0,0.045455,0,0,0.045455,0.045455,0,0.045455,0,0,0,0.045455,0,0.045455,0,0.045455,0,0.045455,0,0.090909,0,0,0,0,0,0.045455,0,0,0,0,0,0,0,0,0,0,0.045455,0,0,0,0.045455,0,0,0,0,0,0.045455,0,0,0.045455,0,0.090909,0.045455
0,0,0,0.083333,0.083333,0,0,0,0,0,0,0,0,0,0,0.041667,0,0.041667,0,0.041667,0,0,0.041667,0,0,0.041667,0,0,0,0,0,0,0.083333,0,0,0.041667,0,0,0.041667,0,0,0,0,0,0,0.041667,0,0,0.041667,0.041667,0,0,0,0.20833,0,0,0,0,0,0,0,0.083333,0,0.041667
0.051724,0.017241,0,0,0,0,0.017241,0,0,0.068966,0.017241,0,0,0,0.017241,0.034483,0.017241,0,0.034483,0.034483,0,0,0,0,0.017241,0,0.017241,0.017241,0.034483,0,0,0,0.034483,0,0,0.017241,0.034483,0.017241,0,0.034483,0,0,0,0,0,0,0.017241,0.051724,0.034483,0,0.034483,0.017241,0,0,0.034483,0,0.017241,0.051724,0,0.051724,0,0.034483,0.051724,0.068966
0.058824,0.029412,0.029412,0.029412,0.029412,0.058824,0,0,0.058824,0.029412,0,0.029412,0,0.029412,0,0,0,0,0,0,0.058824,0,0.029412,0,0,0.029412,0,0.058824,0,0,0,0,0.029412,0.029412,0,0,0.029412,0.058824,0,0,0,0,0,0,0,0,0,0,0.088235,0,0,0,0,0,0,0,0.058824,0.029412,0,0,0.088235,0.029412,0,0
0,0,0,0,0,0,0,0,0.055556,0,0,0.055556,0,0.11111,0,0.055556,0,0,0,0,0,0,0,0.11111,0.055556,0,0.055556,0,0,0,0,0,0,0,0,0,0,0,0,0,0,0,0,0,0,0,0.055556,0.11111,0.055556,0.055556,0,0,0,0,0.055556,0,0,0,0,0,0.055556,0,0,0.11111
0,0.043478,0.043478,0,0.086957,0,0,0,0.043478,0,0,0,0.043478,0,0,0,0.043478,0,0.043478,0,0.043478,0,0,0,0,0,0,0,0,0,0,0,0.086957,0,0,0,0.043478,0,0,0.043478,0.043478,0,0,0,0,0.043478,0,0,0.21739,0,0,0,0,0,0.043478,0,0,0,0.043478,0,0,0.043478,0,0
0,0,0.055556,0,0,0,0,0,0,0.11111,0,0,0,0,0,0,0.11111,0,0,0,0,0,0,0.055556,0,0,0,0,0,0,0,0,0.055556,0,0,0,0,0,0,0,0.055556,0,0,0,0,0.055556,0.055556,0,0.055556,0,0.055556,0.055556,0,0,0,0,0.055556,0,0.055556,0.11111,0,0,0.055556,0
0.024096,0,0.048193,0.012048,0,0,0.012048,0,0,0.012048,0.012048,0.012048,0,0.012048,0.048193,0.024096,0.012048,0.024096,0,0,0.036145,0.024096,0,0,0,0.072289,0.024096,0.012048,0,0.012048,0.012048,0.012048,0.036145,0,0.024096,0.012048,0.060241,0.012048,0.024096,0,0.012048,0.012048,0.036145,0,0,0,0.012048,0.024096,0.036145,0.012048,0,0,0.024096,0,0.012048,0,0.036145,0.012048,0.024096,0.024096,0.024096,0,0.036145,0.036145
0.047619,0.047619,0,0,0.047619,0,0,0,0,0,0,0,0,0.047619,0,0,0.047619,0,0,0,0,0.047619,0,0,0,0.047619,0.095238,0,0,0.047619,0,0,0.047619,0.047619,0,0,0,0,0,0,0,0.095238,0,0,0,0.047619,0,0.047619,0,0,0,0,0.095238,0,0,0,0,0.047619,0.095238,0,0,0,0,0
0.066667,0,0,0.2,0,0,0,0,0,0,0,0,0.066667,0,0.066667,0,0,0.066667,0,0,0,0,0,0,0,0,0,0,0,0,0,0,0.066667,0,0,0,0.13333,0,0,0,0,0.066667,0,0,0,0,0,0,0,0.066667,0,0,0,0,0,0,0.066667,0,0,0,0.066667,0,0.066667,0
0.1,0,0.1,0,0.1,0.1,0.1,0,0,0,0,0,0,0,0,0,0,0,0,0,0.1,0,0,0,0,0,0,0,0,0,0,0.1,0,0,0,0,0,0,0,0,0,0,0,0,0.1,0,0,0,0,0,0,0.1,0,0,0,0,0,0,0,0,0,0,0,0.1
0.025,0,0,0,0,0,0,0.025,0,0,0,0.05,0,0,0,0.025,0,0.05,0,0,0,0.05,0,0.025,0,0.025,0,0.025,0,0.1,0.025,0,0.025,0,0,0,0,0.05,0.05,0.025,0,0.025,0,0,0,0,0.025,0,0.025,0.05,0,0.025,0.025,0,0.075,0.1,0.025,0,0,0,0,0.025,0,0.025
0,0.066667,0.066667,0,0.066667,0,0,0,0,0.066667,0,0,0.066667,0,0,0,0,0,0,0,0.13333,0.13333,0.066667,0,0,0,0,0.066667,0,0,0,0,0,0.066667,0,0,0,0,0,0,0,0,0,0,0,0,0.066667,0,0.066667,0,0,0.066667,0,0,0,0,0,0,0,0,0,0,0,0
0.058824,0,0,0,0,0,0,0,0,0.17647,0,0.058824,0,0,0,0,0,0,0,0,0,0.058824,0,0,0,0.058824,0,0,0,0,0,0,0,0.058824,0.058824,0.058824,0,0,0.058824,0.058824,0,0,0.058824,0,0,0,0.058824,0,0,0,0,0,0.058824,0,0,0.058824,0,0,0,0,0,0,0,0.058824
0,0,0,0,0,0.058824,0,0.058824,0,0.11765,0.058824,0,0.11765,0,0,0,0,0,0.058824,0,0,0,0,0,0,0.058824,0,0,0,0,0,0,0,0,0.058824,0,0,0,0,0,0,0.11765,0,0,0,0,0,0,0,0.058824,0,0,0,0,0,0,0.058824,0.11765,0,0,0,0,0.058824,0
0,0.03125,0.03125,0,0.03125,0.03125,0,0.03125,0,0.0625,0,0,0.0625,0.0625,0,0.03125,0,0,0.03125,0.0625,0,0,0,0,0,0,0,0,0,0,0,0,0,0,0,0.0625,0.03125,0,0,0,0,0,0,0,0,0,0,0,0.0625,0.03125,0.03125,0.03125,0,0,0,0.03125,0.0625,0.03125,0,0.03125,0.03125,0,0.0625,0.03125
0,0,0,0,0,0,0,0,0,0,0,0,0,0,0.18182,0,0.18182,0,0,0,0,0.090909,0,0,0,0,0,0,0,0.090909,0,0,0,0,0,0.090909,0,0.090909,0,0,0,0,0,0,0,0,0,0.090909,0,0,0,0,0,0.090909,0,0,0,0,0.090909,0,0,0,0,0
0.066667,0,0.066667,0,0.066667,0,0,0,0,0,0,0,0,0,0,0,0.066667,0,0.066667,0.066667,0,0,0,0,0,0.066667,0.066667,0.066667,0,0.066667,0,0.066667,0,0,0,0,0,0,0,0.066667,0,0,0,0,0,0,0,0,0,0,0,0,0,0.066667,0,0,0,0,0.066667,0,0,0.066667,0,0
0.05,0,0,0.05,0.05,0,0.05,0,0,0,0.05,0,0.1,0.1,0,0,0.05,0,0,0,0,0,0,0,0.1,0,0,0,0,0,0,0,0.05,0,0,0.05,0.05,0,0.05,0,0,0.1,0,0,0,0.05,0.05,0,0,0,0,0,0,0,0,0,0,0,0,0,0,0,0,0
0.047619,0,0.095238,0,0.047619,0,0,0,0,0.047619,0.047619,0,0,0,0,0,0.047619,0,0,0,0.047619,0,0.047619,0,0,0,0,0,0,0,0.047619,0,0,0,0.047619,0.047619,0,0,0,0.047619,0,0.14286,0,0,0,0.095238,0,0,0,0,0,0,0.047619,0,0,0.047619,0,0,0,0,0,0,0.047619,0
0,0.055556,0,0.055556,0,0,0.055556,0.055556,0,0,0,0,0,0.055556,0,0.055556,0.055556,0,0,0.055556,0.055556,0,0,0,0,0,0,0.055556,0,0,0,0,0.055556,0,0,0,0,0.055556,0.055556,0,0,0,0,0,0,0,0.055556,0.055556,0,0,0.055556,0,0,0,0,0,0.055556,0,0,0,0.055556,0,0,0
0.029412,0.058824,0,0.029412,0,0,0,0.058824,0,0.058824,0,0,0,0,0,0,0.029412,0,0.029412,0,0.029412,0,0,0,0,0,0,0,0,0.029412,0.088235,0.029412,0.029412,0,0,0.029412,0,0.029412,0.029412,0,0,0.11765,0,0,0,0,0,0.029412,0,0,0,0,0.029412,0.029412,0.029412,0,0,0,0.088235,0,0.029412,0.029412,0.029412,0
0.052632,0.052632,0,0,0.052632,0,0.10526,0.052632,0,0.10526,0,0,0,0,0.052632,0,0.052632,0.052632,0,0,0,0,0.052632,0,0,0,0,0,0,0,0,0,0,0,0,0,0,0,0.052632,0,0,0,0,0,0,0,0,0,0,0,0,0,0,0,0.10526,0,0.15789,0.052632,0,0,0,0,0,0
0.037037,0.037037,0.037037,0.037037,0,0,0,0,0.037037,0,0,0,0,0.037037,0.037037,0,0,0,0,0.037037,0.11111,0,0,0,0,0.037037,0.037037,0.037037,0,0,0.037037,0,0.037037,0,0.037037,0,0,0.037037,0,0,0,0.074074,0.037037,0,0,0,0,0,0,0,0,0,0,0.074074,0,0.074074,0,0,0,0,0,0.037037,0,0.037037
0,0.034483,0,0,0.034483,0,0.034483,0.034483,0.034483,0,0.034483,0,0,0,0.034483,0,0,0.034483,0.034483,0,0,0,0.034483,0,0.068966,0.034483,0,0,0,0.034483,0,0,0,0.034483,0,0.034483,0,0,0.034483,0,0.034483,0.034483,0.034483,0.034483,0,0,0,0,0,0,0,0,0,0,0,0.034483,0,0.068966,0,0.068966,0,0.034483,0,0.068966
0,0,0,0,0.055556,0,0.055556,0,0,0,0,0.055556,0.055556,0,0,0,0,0,0,0,0,0,0,0,0,0,0.055556,0.055556,0,0,0,0.055556,0,0,0.055556,0,0,0.055556,0.055556,0,0,0,0.055556,0.055556,0,0,0.055556,0,0,0.055556,0,0.055556,0,0,0,0,0,0,0.055556,0.055556,0,0,0.055556,0
0,0,0,0.2,0,0,0,0.1,0,0,0,0,0,0,0,0.1,0,0,0,0,0,0,0,0,0,0,0,0,0,0,0.1,0,0,0.1,0,0,0,0,0.1,0,0,0,0,0,0.1,0,0,0,0.1,0,0,0,0.1,0,0,0,0,0,0,0,0,0,0,0
0.096774,0,0.032258,0,0,0,0,0.032258,0.064516,0,0.032258,0,0,0.032258,0,0,0,0.032258,0,0,0.064516,0,0,0,0.032258,0,0,0,0.064516,0,0.032258,0,0.064516,0,0,0,0.032258,0.064516,0,0.032258,0,0,0.032258,0,0,0,0,0.032258,0.064516,0,0,0,0,0,0.032258,0.032258,0.032258,0,0.032258,0,0,0,0.032258,0
0,0,0,0.10526,0,0,0,0,0,0.052632,0,0,0.052632,0,0.15789,0,0,0,0,0.052632,0,0.10526,0,0,0.052632,0,0.052632,0.052632,0,0,0,0,0,0,0,0,0,0,0.052632,0,0.052632,0,0,0,0,0,0,0,0,0,0,0,0.052632,0,0.052632,0,0,0,0,0,0,0.052632,0.052632,0
0.028571,0.014286,0.014286,0.014286,0.014286,0,0,0,0.028571,0.014286,0.014286,0.014286,0.014286,0,0.042857,0.085714,0,0.028571,0.014286,0,0.014286,0.057143,0.028571,0,0.014286,0.014286,0,0,0,0,0,0.028571,0,0.042857,0.014286,0,0.028571,0,0,0,0.014286,0.014286,0.014286,0,0.014286,0,0,0.028571,0,0.028571,0,0,0.057143,0,0.014286,0,0.042857,0.071429,0.028571,0.028571,0,0.014286,0.028571,0.014286
0,0.11111,0,0,0,0,0,0,0,0,0,0.11111,0.055556,0,0,0,0,0.055556,0.055556,0,0,0,0,0,0,0,0,0,0,0,0,0,0,0,0,0,0,0,0,0,0,0.055556,0,0,0,0,0.11111,0,0,0.055556,0,0.055556,0.055556,0,0.11111,0,0,0,0,0.055556,0.055556,0,0.055556,0
0,0,0,0,0.05,0.05,0,0.05,0,0,0,0,0.05,0.05,0,0,0,0,0,0.05,0,0,0.05,0,0.15,0,0,0,0.05,0,0,0,0.05,0,0.1,0.05,0.05,0.05,0.05,0,0,0,0,0,0,0,0,0,0.05,0,0,0,0,0,0,0,0,0.05,0,0,0,0,0,0
0,0,0,0,0,0,0,0,0.0625,0.0625,0,0,0.0625,0,0,0,0.0625,0,0.125,0,0,0,0.0625,0,0,0,0,0,0,0,0,0,0,0,0,0,0,0,0,0,0,0,0,0,0,0,0.0625,0,0.125,0.0625,0,0,0,0,0,0,0.0625,0,0,0,0,0.125,0.0625,0.0625
0.16667,0,0,0,0,0,0,0,0,0,0,0,0.083333,0,0.041667,0.083333,0,0.041667,0.041667,0,0,0,0,0.041667,0,0,0,0,0,0,0,0,0.041667,0,0,0,0,0,0.041667,0,0,0,0,0.041667,0,0,0.041667,0,0.041667,0,0,0.041667,0.041667,0,0,0,0,0.041667,0,0.041667,0.083333,0,0.041667,0
0.060606,0,0.030303,0.090909,0.030303,0,0,0,0,0,0,0,0,0,0.090909,0,0.030303,0.030303,0,0,0.030303,0,0.030303,0.060606,0,0.030303,0,0,0.030303,0.030303,0,0,0.030303,0,0,0,0.030303,0,0,0,0,0,0,0,0,0,0.030303,0.030303,0.060606,0.030303,0.030303,0,0,0.030303,0.12121,0,0,0,0.030303,0,0,0,0,0
0,0,0.055556,0,0,0,0,0,0,0,0,0.055556,0,0.055556,0,0,0.055556,0,0.055556,0,0.055556,0,0,0,0,0,0.055556,0,0,0,0.055556,0,0.11111,0,0,0,0,0,0.055556,0,0,0,0.11111,0,0.055556,0,0,0,0,0,0,0,0,0,0,0,0,0.11111,0.11111,0,0,0,0,0
0,0.14286,0,0,0,0,0,0.071429,0,0,0,0.071429,0,0,0,0,0.071429,0.071429,0,0,0,0,0,0,0,0,0,0,0.071429,0,0,0,0,0,0,0,0.21429,0,0,0,0,0.071429,0,0,0,0,0,0,0,0,0,0,0,0,0,0,0,0,0.071429,0.071429,0,0,0.071429,0
0,0,0,0,0,0,0,0,0,0,0,0,0,0,0,0.076923,0,0,0.076923,0,0,0,0,0,0,0,0.076923,0.076923,0,0.076923,0,0,0.076923,0,0,0,0,0,0,0,0,0,0.15385,0,0,0,0,0.076923,0,0,0.076923,0,0,0,0.15385,0,0.076923,0,0,0,0,0,0,0
0.083333,0.083333,0.041667,0.041667,0.083333,0,0,0,0.083333,0.041667,0,0,0,0,0,0,0.041667,0.083333,0,0,0,0,0,0,0,0,0,0,0,0,0,0,0,0,0,0,0.125,0,0,0,0,0,0,0,0,0,0,0.041667,0.125,0,0,0,0,0,0,0,0,0.041667,0,0.041667,0.041667,0,0,0
0.042553,0.021277,0,0.021277,0.10638,0,0,0,0.021277,0,0,0.042553,0.021277,0,0.021277,0.021277,0.17021,0,0.021277,0,0.021277,0,0,0,0,0.021277,0.042553,0.021277,0,0,0.042553,0,0,0,0,0,0.17021,0.021277,0,0,0,0,0,0,0,0,0,0.042553,0.042553,0,0,0,0.021277,0,0.021277,0,0,0,0,0,0,0,0.021277,0
0.16667,0,0,0,0,0,0,0,0.041667,0.041667,0,0.041667,0,0,0.041667,0,0.083333,0,0,0,0,0,0,0,0,0,0,0,0,0,0,0,0.041667,0,0.041667,0,0,0,0,0,0,0.041667,0,0,0,0,0.041667,0.041667,0.041667,0,0,0,0,0,0.083333,0,0,0,0.041667,0.041667,0.041667,0.083333,0,0.041667
0.16667,0,0.055556,0.11111,0,0.055556,0,0,0,0,0,0,0,0,0,0,0,0,0,0,0,0,0,0,0.055556,0,0,0.055556,0.055556,0,0,0,0.055556,0,0,0,0,0,0,0,0,0,0,0,0,0,0,0,0,0,0,0,0,0,0.11111,0,0,0,0,0,0.11111,0,0,0.16667
0,0,0.083333,0,0.083333,0,0,0,0.041667,0,0.041667,0,0,0.041667,0,0,0.041667,0,0,0.041667,0.041667,0,0,0,0,0,0,0,0,0.041667,0.041667,0,0.041667,0.041667,0,0,0.083333,0,0,0,0.041667,0,0,0,0.083333,0,0,0,0,0,0.041667,0.041667,0,0.041667,0,0,0,0.041667,0,0.041667,0,0,0,0
0.10526,0.052632,0.026316,0.026316,0.026316,0,0,0,0,0.052632,0.052632,0,0.052632,0,0.052632,0,0.026316,0,0,0,0,0,0,0,0,0,0.026316,0.026316,0.052632,0,0,0,0.026316,0,0.026316,0,0,0,0,0,0,0,0,0.026316,0.026316,0,0.078947,0,0,0,0.026316,0,0,0,0,0,0.026316,0.026316,0,0.052632,0,0,0.026316,0.078947
0.057143,0,0.028571,0,0.057143,0,0.028571,0,0.085714,0,0,0,0,0,0.028571,0,0,0,0.057143,0,0.057143,0,0.028571,0,0.028571,0,0,0.028571,0,0,0.028571,0,0.028571,0.028571,0.085714,0.028571,0,0,0,0,0,0.057143,0.057143,0.028571,0.028571,0,0,0.028571,0,0,0.028571,0,0,0,0,0,0,0,0.028571,0,0,0.028571,0.028571,0
0,0.019608,0,0,0.019608,0.078431,0.019608,0,0,0.019608,0,0,0.019608,0.039216,0.078431,0,0,0.019608,0,0,0.039216,0.039216,0.019608,0.019608,0.039216,0.039216,0,0.019608,0.039216,0,0.019608,0,0.019608,0,0,0.019608,0,0.019608,0,0,0.039216,0,0,0,0.058824,0,0.019608,0,0.019608,0,0,0.078431,0.019608,0,0,0,0,0.039216,0,0.039216,0,0.019608,0.019608,0
0.032258,0.064516,0,0.064516,0,0,0.032258,0,0,0.064516,0,0,0,0.032258,0,0.032258,0,0.096774,0,0.032258,0,0,0,0,0,0.032258,0,0,0,0,0,0,0.032258,0.032258,0,0,0.032258,0.032258,0.032258,0.064516,0,0.032258,0,0,0,0.032258,0.032258,0,0.032258,0,0.032258,0,0,0,0,0.032258,0,0,0.032258,0.032258,0.032258,0,0,0
0.031746,0.031746,0.031746,0,0.015873,0,0.015873,0,0,0.031746,0.015873,0.015873,0.015873,0.015873,0.015873,0.031746,0.015873,0.015873,0,0,0.031746,0.015873,0,0,0,0,0,0.063492,0,0.015873,0,0.031746,0,0,0.015873,0.015873,0.015873,0.031746,0.031746,0,0,0.015873,0.015873,0.015873,0.015873,0,0.015873,0.015873,0.015873,0.031746,0,0,0,0.031746,0.015873,0,0.031746,0.015873,0,0.015873,0,0,0,0.1746
0,0,0,0,0,0,0,0,0,0,0,0,0,0,0,0,0,0,0,0.090909,0.090909,0,0,0,0,0.090909,0,0,0,0,0,0.090909,0,0,0,0,0.090909,0,0.090909,0,0,0,0,0.090909,0,0,0,0,0.18182,0,0,0,0,0,0,0,0,0,0,0,0.090909,0,0.090909,0
0.11111,0,0,0,0.074074,0,0,0,0,0,0,0.074074,0,0,0,0.037037,0.037037,0.037037,0.037037,0,0,0,0,0,0,0,0,0,0,0,0,0,0.037037,0,0,0,0,0,0,0.037037,0,0.037037,0.037037,0,0,0,0,0,0.074074,0,0,0,0,0,0.074074,0.037037,0.037037,0.074074,0.037037,0.037037,0,0,0.037037,0.037037
0.076923,0,0.15385,0,0,0,0,0,0,0.076923,0,0,0,0,0.076923,0,0.076923,0,0,0.076923,0,0,0,0,0,0,0.15385,0,0,0,0,0,0.076923,0,0,0,0.076923,0,0,0,0,0,0,0.076923,0,0,0,0,0.076923,0,0,0,0,0,0,0,0,0,0,0,0,0,0,0
0.36,0.04,0.04,0,0,0,0,0.04,0.04,0,0,0.04,0,0,0,0,0.04,0,0,0,0,0,0,0,0,0,0,0,0,0,0,0,0.04,0.04,0,0,0,0,0,0,0,0,0,0,0.04,0,0.04,0,0.04,0,0,0,0,0,0,0,0,0.04,0,0,0.04,0,0.12,0
0,0.055556,0.055556,0,0,0,0,0,0.055556,0,0,0.055556,0,0.055556,0,0.055556,0,0,0,0,0,0,0,0,0.055556,0,0,0,0,0,0,0,0,0,0,0,0.055556,0,0.055556,0,0,0,0,0,0.055556,0.055556,0,0,0.055556,0,0,0.055556,0.055556,0,0,0,0,0.11111,0,0.055556,0,0,0,0.055556
0.030303,0,0.030303,0.030303,0.060606,0.030303,0.060606,0,0.030303,0,0,0,0.15152,0,0,0,0.090909,0.030303,0,0,0,0,0,0,0,0.030303,0,0,0,0,0,0,0.030303,0,0,0,0.030303,0.030303,0.030303,0,0.030303,0.030303,0,0,0.060606,0,0.030303,0,0,0,0.030303,0.030303,0,0,0,0,0,0,0,0,0.030303,0.030303,0,0.030303
0.030303,0,0.060606,0,0.060606,0,0,0,0,0,0,0.030303,0.030303,0,0.030303,0,0.030303,0,0.030303,0,0.030303,0,0.030303,0.030303,0.060606,0.030303,0.030303,0,0,0,0,0,0,0.030303,0.030303,0,0,0,0.030303,0,0,0.030303,0,0,0.030303,0.030303,0,0,0,0.030303,0.030303,0.060606,0,0.030303,0,0.030303,0.030303,0.060606,0,0,0,0.030303,0,0
0.083333,0.016667,0.016667,0.016667,0.016667,0.016667,0.016667,0,0,0.016667,0,0.05,0.033333,0.016667,0,0,0.083333,0.066667,0,0,0.016667,0.033333,0.016667,0,0.05,0,0,0,0.033333,0,0.016667,0,0.016667,0,0.05,0,0.016667,0.016667,0.016667,0,0,0.033333,0,0,0,0.016667,0.016667,0.033333,0,0,0.033333,0.016667,0,0,0.016667,0.016667,0,0,0.016667,0.016667,0.033333,0,0.016667,0
0,0,0,0.055556,0,0,0,0,0.055556,0.055556,0,0,0,0.055556,0.11111,0.11111,0.055556,0,0,0.055556,0,0,0,0,0.055556,0,0,0,0,0,0,0,0,0,0,0,0,0.055556,0,0,0.055556,0,0,0,0,0,0,0,0.11111,0,0,0.055556,0,0.055556,0.055556,0,0,0,0,0,0,0,0,0
0.088235,0.029412,0.029412,0.058824,0,0,0,0,0,0.029412,0,0,0.029412,0.029412,0,0.029412,0.029412,0,0,0.029412,0.029412,0,0.029412,0,0.029412,0,0,0.058824,0.029412,0,0,0,0,0,0.029412,0,0.029412,0,0.11765,0,0,0.029412,0,0,0,0,0,0.029412,0.058824,0,0,0.029412,0,0,0.029412,0,0,0,0.029412,0,0,0.029412,0.029412,0
0,0.090909,0,0,0.090909,0,0,0,0,0,0,0.090909,0,0,0,0,0,0,0,0,0,0,0,0,0,0,0.090909,0,0,0,0,0.090909,0,0,0,0.090909,0,0,0,0,0,0,0.090909,0.090909,0.090909,0,0,0,0,0,0,0,0,0.090909,0.090909,0,0,0,0,0,0,0,0,0
0.11111,0,0,0,0,0.055556,0,0,0.055556,0,0,0,0.055556,0,0.055556,0,0.11111,0,0,0.055556,0,0,0,0,0,0,0,0,0.055556,0,0,0.055556,0,0.055556,0,0,0,0,0,0,0.055556,0,0,0,0,0,0.11111,0,0,0,0,0.055556,0.055556,0,0.055556,0,0,0,0,0,0,0,0,0
0.090909,0,0,0,0.090909,0,0,0,0,0.090909,0,0.090909,0.090909,0,0,0.090909,0.090909,0,0,0,0,0,0,0,0.18182,0,0,0,0,0,0,0,0,0,0,0,0,0.090909,0,0,0,0,0,0,0,0,0,0,0.090909,0,0,0,0,0,0,0,0,0,0,0,0,0,0,0
0.13793,0.068966,0,0,0.10345,0,0,0,0,0.034483,0,0,0.034483,0,0,0.068966,0.10345,0,0.068966,0,0,0,0,0,0.068966,0,0,0,0,0,0,0,0.034483,0,0,0,0,0,0,0,0,0,0,0,0.034483,0,0,0,0.068966,0,0.034483,0,0.034483,0,0,0,0.034483,0,0,0,0.034483,0.034483,0,0
0,0,0,0.083333,0,0,0,0,0,0,0,0,0,0,0,0.16667,0,0,0,0,0.083333,0,0,0,0.083333,0,0.083333,0,0,0,0.083333,0,0,0,0,0,0,0,0,0,0,0,0,0,0,0,0,0.083333,0,0,0,0,0.083333,0,0,0,0,0.083333,0,0,0,0,0,0.16667
0,0,0,0,0,0,0,0,0,0,0,0,0,0.2,0,0,0,0,0,0,0,0,0,0,0.1,0,0,0,0,0,0,0,0,0,0,0.1,0,0,0,0,0,0,0,0.1,0,0,0,0,0,0,0,0.1,0,0,0,0,0,0,0.1,0,0,0.1,0.2,0
0.02381,0.047619,0,0.02381,0,0,0.02381,0,0,0.02381,0,0,0.11905,0,0.071429,0,0.02381,0,0.02381,0,0,0,0.071429,0,0,0,0.047619,0,0,0.02381,0.02381,0.02381,0.02381,0,0,0,0.02381,0,0,0,0,0.02381,0,0.02381,0.071429,0,0,0.02381,0.02381,0,0.02381,0.095238,0,0,0,0,0.02381,0,0,0,0,0,0.02381,0.047619
0,0.076923,0,0,0,0,0,0,0,0,0,0,0.15385,0,0,0,0,0,0.076923,0,0.076923,0,0.076923,0,0,0,0,0,0,0,0,0,0.15385,0,0,0.076923,0.076923,0,0,0,0,0,0,0,0,0,0,0,0,0,0.076923,0.076923,0,0,0,0,0,0,0.076923,0,0,0,0,0
0.09375,0.0625,0.03125,0.03125,0.0625,0,0,0,0,0.03125,0,0,0,0.03125,0,0,0.03125,0,0,0,0,0,0.03125,0,0.03125,0,0.03125,0,0.03125,0,0.03125,0,0.03125,0,0.03125,0.03125,0,0,0.03125,0,0,0,0,0,0,0,0.03125,0.03125,0,0,0,0,0,0.0625,0.03125,0.0625,0,0,0.03125,0.03125,0,0.03125,0,0.03125
0.3125,0,0,0,0,0,0.0625,0,0.125,0,0,0,0.1875,0,0.0625,0,0,0,0,0,0,0,0,0,0,0,0,0,0,0,0,0,0.0625,0,0,0,0,0,0,0,0.0625,0,0,0,0,0,0,0,0,0,0.0625,0,0.0625,0,0,0,0,0,0,0,0,0,0,0
0.027027,0,0.027027,0,0,0.027027,0.027027,0,0,0.027027,0,0.027027,0.054054,0.027027,0,0,0,0.027027,0,0,0,0.081081,0.027027,0.054054,0,0,0.027027,0,0,0.027027,0,0,0,0.027027,0,0.10811,0.027027,0.054054,0,0,0.027027,0.027027,0,0,0.054054,0,0.054054,0,0,0,0,0.054054,0,0,0.027027,0,0.027027,0.027027,0,0,0,0,0,0
0,0,0,0,0,0,0.058824,0,0.058824,0,0,0.11765,0,0,0,0.11765,0,0,0,0,0,0,0,0,0,0.11765,0,0,0,0,0,0,0.058824,0,0.058824,0,0.058824,0,0.058824,0,0,0,0,0,0.11765,0.058824,0,0,0,0,0,0,0.058824,0,0,0,0,0,0,0.058824,0,0,0,0
0.047619,0,0.02381,0,0.02381,0,0.02381,0.02381,0,0.02381,0,0,0.047619,0.02381,0.02381,0.047619,0.02381,0,0,0.02381,0.071429,0,0.02381,0,0.02381,0,0,0,0.02381,0,0,0,0,0,0.02381,0,0.02381,0,0,0,0.071429,0,0,0,0.047619,0.02381,0,0,0.02381,0.047619,0.02381,0.047619,0,0.02381,0.02381,0,0,0,0.02381,0.071429,0,0,0.02381,0
0.031746,0.031746,0,0.031746,0.031746,0.015873,0.031746,0.047619,0.047619,0.015873,0,0,0.047619,0.031746,0.031746,0.015873,0.031746,0,0.015873,0.031746,0,0.015873,0,0,0,0,0,0.015873,0.015873,0.015873,0.015873,0.015873,0.031746,0,0,0.015873,0.015873,0.015873,0,0,0.031746,0,0,0.015873,0.015873,0,0.031746,0.031746,0,0.031746,0,0.031746,0,0.015873,0.015873,0,0.031746,0,0.015873,0,0.031746,0.015873,0,0.015873
0.054054,0.027027,0,0.027027,0,0.027027,0,0,0,0,0,0,0,0,0.054054,0.081081,0.027027,0,0,0.027027,0,0.027027,0,0,0,0,0,0,0.027027,0,0.027027,0,0,0,0,0,0,0.054054,0,0.027027,0,0.027027,0,0,0.027027,0,0,0,0.027027,0,0.027027,0.081081,0,0.027027,0.054054,0,0,0,0.027027,0.10811,0,0,0.027027,0.081081
0,0,0.030303,0.030303,0.090909,0.030303,0.030303,0,0,0,0,0,0.030303,0,0.030303,0,0.060606,0.15152,0,0.060606,0,0,0,0,0,0,0,0,0,0.030303,0,0.030303,0,0,0,0,0.030303,0,0,0.030303,0.030303,0,0.030303,0,0,0,0,0,0,0.030303,0,0,0.090909,0,0.030303,0,0,0,0.030303,0,0.030303,0.030303,0,0.030303
0.02,0,0.04,0.06,0.06,0.04,0.04,0.06,0.02,0,0,0,0.02,0,0,0.02,0,0.14,0.02,0.04,0,0,0.02,0,0.02,0,0,0,0,0,0.06,0.02,0,0.02,0,0,0,0,0,0,0,0.02,0,0,0,0,0,0,0.04,0,0,0.02,0.02,0.02,0.02,0,0,0.02,0,0,0.06,0,0,0.06
0.16667,0.030303,0.030303,0.015152,0.060606,0,0,0,0.015152,0.015152,0.030303,0.015152,0.075758,0,0,0,0,0.015152,0.030303,0,0.030303,0,0,0,0.015152,0,0,0.030303,0.015152,0.030303,0,0,0,0,0.060606,0,0.015152,0.030303,0.015152,0.015152,0.030303,0,0.030303,0,0,0,0.045455,0,0.030303,0.015152,0.030303,0,0.015152,0,0.015152,0,0,0,0,0,0,0,0.015152,0.015152
0,0,0.025,0,0,0,0,0,0,0,0,0,0.025,0,0,0.025,0,0.025,0,0.1,0.025,0,0,0.025,0,0.025,0,0.025,0,0.025,0.075,0.05,0,0,0,0,0.025,0,0,0.025,0,0.075,0.025,0,0.05,0.025,0.025,0,0.05,0,0,0,0,0,0,0.025,0.025,0.025,0.025,0,0.025,0.05,0.075,0
0.14286,0,0,0.14286,0,0,0.071429,0,0,0,0,0,0,0,0,0,0,0,0,0,0.071429,0,0,0,0,0,0,0,0,0,0,0,0,0,0,0.071429,0,0,0,0.071429,0,0,0,0,0,0,0,0,0.21429,0.071429,0,0.071429,0,0,0,0,0,0,0,0,0.071429,0,0,0
0,0,0.058824,0.058824,0,0,0,0,0,0,0,0,0.17647,0,0,0,0.058824,0,0,0,0,0,0,0.058824,0.058824,0,0,0,0,0.058824,0.11765,0,0,0,0,0,0,0,0.058824,0,0.058824,0,0,0,0,0,0,0,0,0,0,0.11765,0,0,0,0.058824,0,0,0,0,0,0,0,0.058824
0.064516,0.032258,0,0,0.032258,0,0,0.064516,0.064516,0,0,0.032258,0,0,0.032258,0.032258,0.12903,0,0.032258,0,0,0,0,0,0,0.032258,0,0,0,0,0,0.064516,0,0,0,0,0,0.032258,0,0,0.032258,0,0.064516,0,0.032258,0,0,0,0.032258,0,0,0.032258,0.032258,0,0.032258,0,0,0,0,0,0,0,0,0.096774
0,0.034483,0,0.034483,0,0.034483,0,0,0,0,0,0,0,0.034483,0,0.13793,0,0,0,0,0.068966,0,0,0,0,0,0,0,0.034483,0,0.068966,0,0,0,0,0,0.034483,0,0,0.034483,0.034483,0.034483,0,0.068966,0.034483,0,0,0.034483,0.034483,0,0,0,0.034483,0,0,0,0,0.034483,0,0,0,0.034483,0.068966,0.068966
0,0,0,0.055556,0,0,0,0.055556,0.055556,0,0,0,0,0,0,0.11111,0,0,0,0.055556,0,0,0,0,0,0.055556,0,0,0,0,0,0.11111,0,0,0,0,0,0,0,0,0,0,0,0,0.055556,0,0.055556,0,0.16667,0,0,0,0,0,0,0,0.055556,0.055556,0,0,0,0,0.055556,0.055556
0.083333,0,0.041667,0.041667,0.041667,0,0.041667,0.041667,0.041667,0,0,0,0.083333,0,0,0,0.041667,0,0,0,0,0,0,0,0,0,0.041667,0.041667,0,0,0,0,0.041667,0,0.041667,0.041667,0,0,0,0,0,0,0,0,0,0,0.083333,0,0,0.083333,0,0,0.041667,0,0,0.041667,0,0,0,0,0,0.041667,0,0.041667
0.21429,0,0,0,0.071429,0,0,0,0,0.071429,0,0,0.071429,0,0,0,0.071429,0,0,0,0.071429,0,0,0,0,0,0,0,0,0,0,0,0,0,0,0,0,0,0,0,0.071429,0,0,0,0,0,0,0,0.071429,0.071429,0,0,0.071429,0,0,0,0,0,0,0,0,0,0.14286,0
0,0,0,0.076923,0.076923,0,0.076923,0,0,0,0,0.076923,0,0.076923,0,0,0,0,0,0,0,0.076923,0,0,0,0.076923,0,0,0,0,0,0,0.076923,0,0,0,0,0,0,0.076923,0,0,0,0.076923,0,0,0,0,0,0,0,0,0,0,0,0.076923,0,0,0,0.076923,0,0,0.076923,0
0,0,0,0,0.043478,0,0,0,0,0.043478,0,0,0,0,0.043478,0,0.043478,0,0,0,0,0.043478,0,0,0,0.043478,0,0.043478,0.043478,0.043478,0,0.043478,0,0.043478,0,0.043478,0,0.043478,0,0,0.086957,0,0,0,0,0,0,0.043478,0,0,0.043478,0.043478,0.043478,0,0,0,0,0,0.043478,0,0.043478,0.043478,0,0.043478
0,0,0,0,0,0,0,0,0.058824,0,0,0,0,0,0,0,0,0.058824,0,0,0.058824,0.058824,0.058824,0,0,0,0.058824,0,0,0.11765,0,0,0,0,0,0.058824,0,0,0.058824,0,0,0,0,0,0,0.058824,0,0,0,0,0,0,0.058824,0.058824,0.058824,0.058824,0.058824,0,0,0,0,0.058824,0,0
0.031746,0,0.031746,0.015873,0.063492,0.015873,0.031746,0,0.015873,0.031746,0,0,0,0.031746,0.031746,0,0,0,0.079365,0.015873,0.063492,0.063492,0.047619,0.015873,0,0.047619,0,0,0.015873,0.015873,0.015873,0,0,0,0.015873,0.015873,0,0,0,0.015873,0,0,0.015873,0,0,0.031746,0,0.031746,0.031746,0.015873,0,0,0.031746,0.031746,0,0,0.031746,0.015873,0,0,0,0,0.015873,0.015873
0.015385,0,0.015385,0.092308,0,0,0,0.046154,0,0,0,0,0.030769,0,0.015385,0,0.046154,0,0.061538,0,0.030769,0.046154,0,0.015385,0.046154,0.030769,0.015385,0.030769,0.015385,0.015385,0,0,0.015385,0,0,0,0,0.046154,0.030769,0,0,0,0.030769,0,0.015385,0.046154,0,0.015385,0.046154,0,0,0,0.046154,0.015385,0,0,0.030769,0.015385,0,0.015385,0.015385,0.030769,0,0.015385
0.033898,0,0,0.016949,0.016949,0,0.016949,0,0,0,0,0,0.10169,0.016949,0.050847,0,0.033898,0,0.033898,0.016949,0,0,0.033898,0,0.033898,0.033898,0.050847,0.016949,0,0.050847,0.016949,0.016949,0.016949,0,0.016949,0.016949,0.050847,0.016949,0,0.033898,0.050847,0,0,0.016949,0,0.016949,0.016949,0.016949,0.016949,0,0,0,0.016949,0,0.016949,0,0.033898,0,0,0.016949,0,0.016949,0,0.016949
0.04,0,0,0.04,0.04,0,0,0,0.08,0,0,0,0.08,0,0,0,0.04,0,0.04,0,0.04,0,0,0,0,0,0,0,0,0,0,0,0.04,0,0,0,0,0,0,0,0.04,0,0,0.04,0.04,0,0,0,0.04,0.08,0,0.08,0,0,0,0,0,0.04,0.04,0,0.08,0.04,0,0.04
0.028571,0.028571,0,0.057143,0.085714,0,0,0.028571,0,0.028571,0,0,0.085714,0,0,0.028571,0.028571,0,0,0,0,0.028571,0,0,0,0,0,0,0,0,0.028571,0.028571,0.028571,0,0,0,0,0,0,0,0,0.057143,0,0,0.028571,0,0,0,0.028571,0.028571,0,0.085714,0,0.057143,0,0,0.085714,0,0,0.057143,0.057143,0,0,0
0,0,0,0,0.076923,0,0,0,0,0,0,0,0,0,0,0.076923,0,0,0,0,0,0,0,0,0,0.076923,0,0,0,0,0.076923,0,0,0,0,0,0.076923,0,0,0,0,0,0,0,0,0,0.076923,0,0,0,0,0,0,0,0,0,0,0.076923,0,0.15385,0.076923,0.076923,0.076923,0.076923
0.052632,0,0,0,0,0,0.052632,0.052632,0,0,0,0.052632,0.052632,0,0.10526,0.052632,0.052632,0,0,0,0,0,0.052632,0,0,0.052632,0,0,0,0,0,0.052632,0.052632,0.052632,0,0,0,0,0,0,0,0.052632,0,0,0,0,0,0,0.052632,0,0,0,0,0,0,0,0,0,0.10526,0,0,0.052632,0,0
0,0,0,0,0.04,0,0,0,0,0.08,0.04,0,0.08,0.04,0.04,0.04,0.04,0,0,0.08,0,0,0,0.04,0.04,0,0,0,0,0.04,0,0,0,0,0,0,0,0,0,0,0.04,0.04,0,0,0.04,0,0,0,0.04,0,0,0.04,0.04,0,0,0,0.04,0.04,0,0,0,0,0,0.08
0.083333,0.083333,0,0,0,0.083333,0,0,0,0,0,0,0.083333,0,0.16667,0,0,0,0.083333,0,0.083333,0,0,0,0,0,0,0,0,0,0,0,0,0,0,0.083333,0,0,0,0,0.083333,0,0,0,0,0,0,0.083333,0.083333,0,0,0,0,0,0,0,0,0,0,0,0,0,0,0
0.2,0.125,0.075,0,0.05,0,0,0,0,0,0.025,0,0,0,0.025,0,0.05,0,0,0.025,0.025,0,0.025,0,0,0,0,0,0,0,0,0,0.025,0,0.025,0,0,0,0,0,0,0.025,0.025,0,0,0.025,0,0,0.05,0,0,0,0,0.025,0,0,0.075,0.025,0.025,0,0.025,0,0,0.025
0,0,0,0,0,0,0,0,0,0,0,0,0,0,0,0,0,0,0.066667,0,0,0,0.13333,0,0,0,0,0,0,0,0.066667,0.066667,0,0,0,0,0,0,0,0,0,0,0,0.066667,0,0,0.13333,0,0,0,0,0,0,0,0.066667,0.066667,0,0,0,0,0,0.066667,0.066667,0.2
0,0.018182,0,0.018182,0,0.018182,0,0,0,0.018182,0,0.018182,0,0.018182,0.018182,0.036364,0.018182,0.054545,0.018182,0.018182,0,0,0,0.036364,0,0.072727,0,0.018182,0,0,0.018182,0.018182,0,0,0.018182,0,0.036364,0.036364,0.018182,0.036364,0,0,0,0.018182,0,0,0.018182,0.018182,0,0,0,0.018182,0.036364,0.072727,0.018182,0.018182,0.036364,0.018182,0.036364,0.018182,0,0.036364,0.018182,0.036364
0,0,0,0,0,0,0,0,0,0.045455,0,0,0,0,0,0,0,0.045455,0,0.045455,0,0,0,0.045455,0,0,0,0,0,0.090909,0,0.090909,0.045455,0,0,0,0.045455,0,0,0,0,0,0,0,0,0,0,0.090909,0,0,0.045455,0.090909,0.045455,0,0,0,0,0,0.045455,0.045455,0.045455,0.090909,0,0.045455
0,0.0625,0,0,0,0.0625,0,0,0,0,0,0,0,0,0,0,0,0,0,0,0,0.0625,0,0,0.0625,0.125,0,0,0.0625,0.0625,0,0.0625,0,0,0,0,0.125,0,0,0,0,0,0,0,0,0,0,0,0,0,0,0,0,0.0625,0,0,0.0625,0,0,0,0,0,0.125,0.0625
0,0.025641,0.025641,0,0.025641,0,0,0,0.025641,0,0,0.025641,0.051282,0,0.025641,0.025641,0,0.025641,0.025641,0,0,0,0,0.051282,0.025641,0,0,0,0.025641,0,0,0.051282,0.025641,0,0,0.025641,0,0,0.051282,0.051282,0.051282,0.051282,0,0,0,0,0.025641,0,0,0,0,0.051282,0.025641,0.025641,0.025641,0,0,0.025641,0,0.025641,0,0.051282,0.051282,0
0,0.0625,0,0,0,0,0,0.0625,0,0,0,0,0,0.0625,0,0,0,0.0625,0.0625,0,0,0,0,0,0.0625,0,0,0,0.125,0,0,0,0,0,0,0,0,0,0.0625,0,0,0,0.0625,0.0625,0,0,0.0625,0,0.0625,0,0,0,0,0,0,0.0625,0,0.0625,0,0,0,0.0625,0,0
0.032258,0,0,0,0,0,0,0,0.032258,0,0,0.032258,0,0.032258,0.032258,0,0,0.064516,0.032258,0,0,0,0,0.032258,0.032258,0,0,0,0,0,0,0.064516,0.032258,0,0,0,0,0,0,0,0,0.032258,0,0,0.064516,0,0,0,0.032258,0.032258,0.032258,0.032258,0.032258,0,0.032258,0.032258,0,0.032258,0.032258,0.032258,0.096774,0.032258,0,0.032258
0,0,0,0,0.052632,0,0,0,0.052632,0,0,0,0.10526,0,0.052632,0,0,0,0,0,0,0,0.052632,0,0.10526,0,0,0,0,0.052632,0,0,0.052632,0,0,0,0,0,0,0.052632,0,0,0,0.052632,0,0,0,0,0.052632,0.10526,0,0,0,0.052632,0,0,0,0,0.052632,0,0,0,0.052632,0.052632
0,0,0,0,0.22222,0,0,0,0,0,0,0,0,0,0,0,0,0,0,0,0,0,0,0.11111,0,0,0,0.11111,0,0,0,0,0,0.11111,0,0,0,0,0,0,0,0,0,0,0,0,0,0,0.11111,0,0,0,0,0.11111,0,0.11111,0,0,0,0,0,0,0.11111,0
0,0,0,0,0,0,0,0.14286,0,0,0,0,0,0,0,0,0,0,0,0.071429,0,0.071429,0.071429,0,0,0.071429,0,0,0,0,0,0.071429,0,0,0,0,0,0,0.071429,0.071429,0,0,0.071429,0,0,0,0,0,0.071429,0,0,0,0.071429,0,0,0,0,0.071429,0,0,0,0,0,0.071429
0.074074,0,0.074074,0.037037,0,0,0,0.037037,0,0,0.037037,0,0.037037,0.037037,0,0.037037,0.037037,0.037037,0,0,0,0,0,0,0,0,0.037037,0,0,0,0.037037,0,0.11111,0,0,0.037037,0.074074,0,0.11111,0,0.037037,0,0,0,0,0,0,0.037037,0,0,0,0,0.037037,0,0,0,0,0,0,0,0,0.037037,0,0
0,0.14286,0,0,0.071429,0,0,0,0,0,0,0,0.071429,0,0,0.071429,0,0,0,0,0,0,0,0,0,0,0,0.071429,0.071429,0.071429,0,0,0,0,0,0,0,0,0,0,0,0,0,0,0,0,0,0,0.28571,0,0,0.071429,0,0.071429,0,0,0,0,0,0,0,0,0,0
0.13333,0,0,0,0,0,0,0,0,0,0,0.066667,0,0,0,0,0.13333,0,0,0,0,0,0,0.066667,0,0.066667,0,0,0,0,0,0,0,0,0,0,0.066667,0.13333,0,0,0,0,0,0.066667,0,0,0,0,0,0,0,0,0,0,0,0,0.066667,0,0,0,0,0.066667,0.13333,0
0,0,0,0.020833,0,0,0,0,0.020833,0.020833,0,0,0,0.0625,0,0.020833,0.020833,0.041667,0.020833,0,0,0,0.020833,0,0.020833,0.020833,0.041667,0.041667,0.041667,0.0625,0.0625,0,0.041667,0.020833,0,0.041667,0.020833,0,0.020833,0.020833,0,0,0,0,0.020833,0,0.020833,0,0.020833,0,0,0.020833,0,0.020833,0.0625,0,0,0,0,0.020833,0.041667,0.041667,0,0.020833
0,0,0.043478,0.086957,0,0,0,0,0,0,0,0,0.086957,0.043478,0,0.086957,0.086957,0,0,0.043478,0.043478,0,0,0,0,0,0.043478,0,0,0,0.043478,0,0,0.043478,0,0,0.086957,0,0,0,0,0,0,0,0,0.043478,0,0,0.13043,0,0,0,0,0,0,0,0,0,0,0,0.043478,0,0,0.043478
0,0.02381,0,0,0,0,0,0,0,0.02381,0,0.047619,0,0.02381,0,0,0.071429,0,0,0.071429,0.047619,0.02381,0,0,0.02381,0,0.02381,0,0,0.02381,0,0.047619,0,0,0,0,0.02381,0.047619,0,0.02381,0,0,0,0.047619,0,0.047619,0,0,0,0.047619,0,0,0.047619,0.047619,0.02381,0.02381,0,0.02381,0,0,0.02381,0.02381,0.02381,0.071429
0,0,0,0.076923,0,0,0,0,0,0,0,0,0,0,0,0,0,0,0,0,0,0.076923,0,0,0,0.076923,0,0,0,0.076923,0,0,0,0,0,0.15385,0.076923,0,0,0,0,0,0,0,0,0,0,0.076923,0.076923,0,0,0,0,0,0.076923,0,0,0,0,0,0,0.076923,0,0.15385
0,0,0.0625,0.0625,0.0625,0,0,0,0,0,0,0,0,0,0,0.0625,0,0,0.125,0,0,0.125,0,0,0,0,0,0,0,0,0,0,0.0625,0,0,0,0,0,0,0,0,0,0.0625,0,0,0,0,0.0625,0.0625,0.0625,0.0625,0,0.0625,0,0,0,0,0,0,0,0,0.0625,0,0
0.10811,0,0,0.027027,0.054054,0,0,0,0,0,0,0.027027,0.027027,0.027027,0,0,0.027027,0.027027,0.027027,0.027027,0,0,0,0,0,0,0,0,0,0.027027,0,0,0,0.054054,0,0,0,0,0,0.10811,0.027027,0,0,0,0.027027,0,0,0.027027,0.027027,0,0.027027,0.027027,0,0,0,0,0.054054,0,0.027027,0,0.054054,0.054054,0.054054,0.027027
0.090909,0.030303,0,0,0.060606,0.060606,0,0.030303,0,0,0.030303,0,0.030303,0,0,0,0,0,0.060606,0,0.030303,0.060606,0,0,0.060606,0,0,0.030303,0,0.030303,0.030303,0,0,0,0,0.030303,0,0,0,0,0,0,0,0,0,0,0.030303,0,0,0,0,0.030303,0.030303,0,0,0.030303,0.060606,0,0.030303,0,0.030303,0,0.030303,0.060606
0,0,0,0,0,0,0,0,0.083333,0.16667,0,0.083333,0,0,0,0,0,0,0,0,0,0,0,0,0,0,0,0,0,0.083333,0.083333,0.083333,0,0,0,0,0,0,0,0,0,0,0,0,0,0,0,0,0,0.083333,0,0,0,0,0,0,0.16667,0,0.083333,0,0,0.083333,0,0
0.055556,0,0,0.055556,0,0,0.055556,0,0,0,0,0,0.055556,0,0.055556,0.055556,0.055556,0.055556,0.055556,0.055556,0,0.055556,0,0,0,0,0,0,0.055556,0,0.055556,0,0.055556,0,0,0,0.055556,0.11111,0,0,0,0,0,0,0,0,0,0,0.055556,0,0,0,0,0,0,0,0,0,0,0,0,0,0,0
0.058824,0,0,0,0,0.058824,0,0,0,0,0,0,0.058824,0,0,0.058824,0.11765,0.11765,0,0,0.058824,0.058824,0,0.058824,0,0,0,0,0,0,0.058824,0,0,0,0,0,0,0,0,0,0,0,0,0,0.058824,0,0,0,0.058824,0.058824,0,0.058824,0,0,0,0,0,0.058824,0,0,0,0,0,0
0,0,0,0.071429,0,0,0,0,0,0,0,0,0,0,0,0,0,0,0,0,0,0,0,0,0,0,0,0,0,0,0,0,0,0,0,0,0.071429,0.071429,0.071429,0,0,0,0,0,0,0,0.14286,0.071429,0,0.071429,0,0.071429,0,0,0.071429,0,0,0,0,0,0,0,0.071429,0.21429
0.1,0,0,0,0,0,0,0,0,0,0,0.1,0,0,0,0.1,0,0,0,0,0,0,0.1,0,0,0.2,0,0,0.1,0,0,0,0,0,0,0,0,0.1,0,0,0,0,0,0,0.1,0,0,0,0,0,0,0,0,0,0,0,0,0,0.1,0,0,0,0,0
0,0,0,0,0,0,0,0,0,0,0,0,0,0,0,0,0,0,0.022727,0,0,0.022727,0,0,0,0,0,0.045455,0,0,0,0.022727,0,0,0,0,0,0,0,0.045455,0,0.090909,0,0.022727,0.090909,0.045455,0.11364,0.11364,0,0,0,0,0,0,0.045455,0.045455,0.022727,0.022727,0,0,0.022727,0,0.18182,0.022727
0,0,0,0,0,0,0,0.043478,0,0,0,0,0,0,0,0,0,0,0.043478,0.043478,0,0,0,0,0,0.043478,0,0.043478,0,0.043478,0,0,0,0,0,0.043478,0.086957,0,0.043478,0.043478,0.043478,0.043478,0,0.043478,0,0,0.13043,0,0,0,0,0,0,0,0.043478,0,0,0,0,0.13043,0,0,0,0.086957
0,0,0,0,0.068966,0,0,0,0,0.068966,0,0.034483,0,0.034483,0,0.068966,0.034483,0.034483,0.034483,0,0.034483,0,0.034483,0,0,0.034483,0,0,0,0,0,0,0,0.034483,0,0,0,0.034483,0.034483,0,0,0.068966,0,0,0,0.034483,0,0.034483,0.034483,0,0,0,0,0,0,0,0.034483,0.034483,0.13793,0,0,0,0.034483,0
0.013333,0.026667,0,0.013333,0,0.026667,0.026667,0,0.026667,0.053333,0.013333,0.013333,0,0.013333,0,0.013333,0.04,0.066667,0,0,0.013333,0.066667,0.026667,0,0,0.013333,0.026667,0.013333,0.013333,0,0.013333,0.04,0.013333,0.026667,0.026667,0,0,0.093333,0.013333,0.013333,0.013333,0.053333,0.013333,0.026667,0,0,0,0,0,0,0,0.013333,0,0,0.026667,0.04,0,0.026667,0,0,0.013333,0,0.013333,0
0,0,0.052632,0,0,0,0,0.052632,0,0,0,0,0.052632,0.15789,0.052632,0,0.052632,0.052632,0,0,0,0,0.052632,0,0,0,0.10526,0,0,0,0,0,0.052632,0,0,0,0.052632,0.052632,0.052632,0,0,0,0,0,0.052632,0,0,0,0,0,0,0,0,0,0.052632,0,0,0,0,0.052632,0,0,0,0
0.14286,0,0,0.071429,0,0,0,0,0,0.14286,0,0,0.071429,0,0,0,0.071429,0,0,0,0,0,0.071429,0,0,0,0.071429,0,0,0,0,0,0,0,0,0,0.071429,0,0,0,0,0,0,0,0,0,0,0,0,0,0,0,0.071429,0,0,0,0,0.071429,0,0,0.071429,0,0,0.071429
0,0,0.052632,0,0.052632,0,0,0,0,0,0,0,0,0,0,0.052632,0,0.052632,0,0,0,0,0,0,0,0,0,0,0,0,0,0,0,0,0,0,0,0,0.052632,0,0,0,0,0.052632,0,0,0,0,0,0.052632,0,0.052632,0,0,0,0,0.10526,0,0.052632,0.10526,0,0.10526,0.052632,0.15789
0,0.032258,0.032258,0,0,0,0,0.032258,0,0.064516,0,0,0,0,0.032258,0,0,0.032258,0.032258,0,0.064516,0,0,0,0,0,0.032258,0.032258,0,0.032258,0,0,0.032258,0,0,0,0,0.032258,0,0,0,0,0,0.064516,0,0.032258,0.032258,0.064516,0.032258,0,0,0,0,0,0.064516,0,0,0.032258,0,0,0,0.032258,0.064516,0.096774
0,0.055556,0,0.055556,0,0.11111,0,0,0,0,0,0.055556,0,0,0,0.055556,0,0.055556,0,0.055556,0,0,0,0.055556,0.055556,0,0,0,0,0,0,0,0.055556,0,0.055556,0,0,0.055556,0,0,0,0,0,0,0,0.055556,0,0,0,0,0.055556,0,0,0.11111,0,0.055556,0,0,0,0,0,0,0,0
0.035714,0,0,0,0,0,0,0,0.035714,0.035714,0,0.035714,0.035714,0,0.035714,0.035714,0,0.035714,0.071429,0,0,0,0,0,0.035714,0,0,0,0,0.071429,0,0,0.071429,0,0,0,0,0.035714,0,0,0,0,0,0,0,0.035714,0,0.035714,0.071429,0,0,0,0,0,0.071429,0,0,0,0.035714,0.035714,0.035714,0.035714,0.035714,0.035714
0.052632,0,0,0,0,0,0,0,0,0.052632,0.052632,0.052632,0.052632,0,0,0,0.10526,0.052632,0.052632,0,0.052632,0,0,0,0,0,0,0,0.052632,0,0.052632,0.052632,0,0,0,0,0,0,0.052632,0.052632,0.052632,0.052632,0,0,0,0,0,0,0,0,0,0,0,0,0,0,0,0,0.052632,0,0,0.052632,0,0
0,0,0,0,0.038462,0,0,0,0.11538,0,0,0,0.038462,0,0,0.076923,0.076923,0,0,0,0,0,0.038462,0,0,0,0.038462,0.038462,0,0.038462,0,0,0,0,0.038462,0.038462,0,0,0.076923,0.038462,0,0,0.038462,0,0.038462,0.038462,0.038462,0,0.038462,0.076923,0,0,0,0,0,0,0,0.038462,0,0,0,0,0,0
0.14286,0.071429,0,0,0.071429,0,0,0,0.071429,0,0,0,0.21429,0.071429,0,0,0,0,0.071429,0,0,0,0.071429,0,0,0,0,0,0,0,0,0,0,0,0,0,0,0,0,0,0,0,0,0,0,0,0,0,0.071429,0,0,0,0,0,0,0,0,0,0,0,0.14286,0,0,0
0.026316,0,0,0.026316,0,0,0,0.026316,0.026316,0.026316,0,0.026316,0,0.026316,0,0.026316,0,0.026316,0,0,0,0,0,0.026316,0,0.026316,0.052632,0.052632,0,0,0,0.052632,0,0,0,0,0.026316,0.026316,0.026316,0,0,0.078947,0.026316,0.026316,0.078947,0.026316,0,0,0,0,0.026316,0.026316,0.026316,0.026316,0,0,0,0.026316,0.026316,0,0.052632,0,0.026316,0
0.088889,0.044444,0,0,0.044444,0,0,0,0.022222,0.044444,0,0,0,0,0,0.022222,0.044444,0,0,0,0.044444,0.022222,0,0.022222,0,0,0.022222,0,0,0,0,0.022222,0,0,0,0,0.022222,0.022222,0.022222,0.044444,0,0,0.044444,0,0,0.066667,0,0.044444,0,0,0,0,0,0.022222,0,0,0.022222,0,0.044444,0.022222,0.044444,0.022222,0.044444,0.066667
0.045455,0,0.022727,0,0,0,0,0,0,0.022727,0,0,0,0,0,0,0.11364,0,0.090909,0,0.022727,0.022727,0,0,0.022727,0,0,0,0.022727,0.022727,0.022727,0.022727,0,0,0,0,0,0,0,0.045455,0,0,0,0,0,0,0.045455,0,0.068182,0,0,0.022727,0,0,0.045455,0,0,0.045455,0.022727,0.068182,0,0.022727,0.090909,0.068182
0,0,0,0,0,0,0.03125,0,0,0,0,0,0,0.03125,0,0.03125,0,0.03125,0,0,0,0,0.03125,0,0,0,0,0,0,0.03125,0.03125,0.03125,0.03125,0,0,0,0.03125,0,0,0.09375,0,0,0,0,0.0625,0.03125,0,0.09375,0.03125,0,0,0.0625,0.03125,0.03125,0,0.03125,0,0,0,0.1875,0,0,0,0.03125
0.1,0,0,0,0,0.1,0,0,0,0.1,0,0,0,0,0,0,0,0,0,0,0,0,0,0,0,0,0,0,0,0,0,0,0,0.1,0,0,0,0,0,0,0,0,0,0.1,0,0,0,0.1,0.1,0,0,0,0,0,0,0,0,0,0.2,0,0.1,0,0,0
0.057143,0,0,0.028571,0.028571,0,0.028571,0,0,0,0,0.057143,0,0.028571,0.028571,0,0.057143,0.057143,0.028571,0,0,0,0.028571,0,0.028571,0,0.028571,0.028571,0,0,0,0.028571,0.028571,0,0,0,0.028571,0,0.028571,0,0.028571,0,0,0,0.057143,0.057143,0.028571,0,0,0,0,0,0.057143,0.028571,0,0,0.057143,0,0,0,0.028571,0,0,0.028571
0.027027,0.054054,0,0,0.054054,0,0,0,0.027027,0,0,0.054054,0.027027,0.027027,0.054054,0.054054,0,0,0.027027,0.027027,0,0,0,0.027027,0.027027,0,0,0,0.027027,0,0.027027,0,0.027027,0,0,0,0,0.027027,0,0,0.027027,0,0,0,0,0,0.027027,0.027027,0.027027,0,0.027027,0.027027,0.027027,0.054054,0,0,0.027027,0,0,0.027027,0,0.027027,0.027027,0.054054
0.095238,0,0,0,0,0,0,0,0,0,0,0,0,0,0,0,0,0,0,0,0,0,0,0.047619,0.047619,0.047619,0.14286,0.047619,0,0,0,0,0,0,0,0,0,0.047619,0,0.047619,0.047619,0,0,0,0.047619,0,0.095238,0.095238,0,0,0,0,0,0,0,0,0,0,0,0.095238,0.047619,0,0.047619,0
0.125,0.03125,0.03125,0.03125,0.03125,0,0,0,0,0.03125,0,0,0,0,0,0,0,0.03125,0.03125,0,0,0,0,0,0,0,0,0,0.03125,0,0.03125,0.03125,0.0625,0,0,0,0.0625,0,0.0625,0,0,0.03125,0.0625,0.0625,0,0,0,0,0,0.03125,0.03125,0,0,0,0,0,0.03125,0.03125,0.03125,0,0.03125,0,0.03125,0
0,0.037037,0.037037,0,0.074074,0,0,0,0,0,0,0,0,0,0,0,0,0.037037,0,0,0.037037,0,0,0,0,0.037037,0,0,0.037037,0.037037,0,0.074074,0.037037,0,0.11111,0,0,0,0,0,0,0.037037,0,0,0,0.037037,0.037037,0.037037,0,0,0,0,0.11111,0.037037,0,0,0,0,0,0,0.037037,0.074074,0,0.037037
0.083333,0,0,0,0,0,0,0,0,0,0,0,0,0,0,0.041667,0,0,0.041667,0.083333,0,0,0,0,0,0,0,0,0,0,0,0,0,0,0,0,0,0,0.041667,0,0,0.041667,0,0,0,0,0.25,0.041667,0,0,0,0.041667,0,0,0,0,0.041667,0,0,0.20833,0.041667,0,0.041667,0
0,0.090909,0,0,0.090909,0.090909,0,0,0,0,0,0,0,0,0,0.090909,0,0,0,0,0,0,0,0,0.090909,0,0,0,0,0.090909,0,0,0,0,0,0,0,0,0,0,0,0,0,0.18182,0,0,0.090909,0.090909,0.090909,0,0,0,0,0,0,0,0,0,0,0,0,0,0,0
0.2069,0.068966,0,0.068966,0,0,0.034483,0,0.034483,0,0,0,0.034483,0,0.034483,0,0.034483,0.068966,0,0.034483,0.034483,0,0,0,0.034483,0,0,0,0.068966,0,0,0,0.10345,0,0,0,0,0,0,0,0.034483,0,0,0,0,0,0,0,0,0.034483,0,0,0.034483,0,0,0,0,0,0.034483,0,0,0,0,0
0,0,0,0.11765,0,0.058824,0.058824,0.058824,0,0,0,0,0,0,0,0,0.11765,0,0,0,0.058824,0,0.058824,0,0,0.058824,0,0,0,0,0,0,0.058824,0,0,0,0.058824,0.11765,0,0,0,0,0,0,0,0,0,0,0,0,0,0,0,0,0,0,0.058824,0,0,0.058824,0.058824,0,0,0
0.047619,0.02381,0,0.02381,0.02381,0,0.047619,0,0.047619,0.02381,0,0,0.047619,0,0,0,0,0.02381,0,0,0,0,0,0,0.02381,0.02381,0.02381,0,0.02381,0,0,0,0.071429,0,0,0.02381,0.02381,0,0.047619,0.047619,0,0.02381,0.02381,0,0,0,0,0.02381,0.047619,0.02381,0.047619,0.02381,0,0,0.02381,0,0,0.02381,0.02381,0.02381,0,0.02381,0.02381,0.02381
0,0.05,0,0,0.05,0,0,0,0,0,0,0,0,0,0,0,0,0.05,0,0,0.05,0.1,0.05,0.05,0,0.05,0,0,0,0.05,0,0.05,0,0.05,0,0,0,0,0,0,0,0,0,0,0,0.05,0,0.05,0.05,0,0,0,0,0.05,0,0.05,0,0,0,0.05,0,0.05,0.05,0
0.036364,0,0.018182,0,0.018182,0,0.018182,0.018182,0,0,0,0.018182,0.018182,0.018182,0.036364,0,0,0.018182,0.036364,0.018182,0.018182,0.018182,0.018182,0.036364,0,0.018182,0,0,0,0.054545,0.036364,0,0,0,0,0.018182,0.036364,0.090909,0.018182,0.036364,0,0.036364,0,0,0,0,0.018182,0,0,0,0,0,0,0.036364,0.090909,0,0,0.036364,0,0,0,0,0.054545,0.054545
0,0.023256,0,0,0,0,0,0.023256,0,0.023256,0,0,0,0,0.046512,0.023256,0,0,0,0,0.023256,0.023256,0.023256,0.046512,0.023256,0.023256,0.023256,0,0,0,0.023256,0,0,0,0,0,0.023256,0,0.046512,0.023256,0,0.023256,0,0,0,0,0.046512,0.023256,0.046512,0,0.023256,0,0.023256,0.023256,0,0,0,0.046512,0.023256,0.11628,0.046512,0.046512,0.046512,0.023256
0,0,0,0.045455,0,0,0,0,0,0,0,0,0,0,0,0,0,0,0,0,0.045455,0,0,0,0,0,0,0.045455,0.045455,0.090909,0.045455,0,0,0,0,0,0.090909,0,0,0.045455,0,0.045455,0,0,0,0,0.045455,0,0,0,0,0,0,0,0.090909,0.045455,0,0.045455,0.045455,0,0,0.045455,0.13636,0.045455
0.020408,0,0.020408,0.020408,0.020408,0.040816,0.040816,0,0.040816,0,0.020408,0.020408,0,0.020408,0.020408,0.020408,0.020408,0,0.020408,0.020408,0,0.081633,0.040816,0,0,0,0,0,0.020408,0.020408,0,0.040816,0,0.020408,0.061224,0,0.020408,0.020408,0,0.020408,0,0,0,0.040816,0,0.020408,0,0,0,0,0.020408,0,0.020408,0,0.020408,0,0.020408,0.040816,0.020408,0,0,0.020408,0.020408,0.040816
0.043478,0,0,0.086957,0,0,0,0,0,0,0,0,0,0,0,0.043478,0.043478,0,0.043478,0,0,0,0,0,0,0.043478,0,0.043478,0,0.13043,0.086957,0,0,0,0,0,0,0.043478,0.043478,0,0,0,0,0,0,0.043478,0.043478,0,0,0,0,0,0,0.086957,0,0,0,0,0.043478,0,0,0,0.13043,0
0.055556,0,0,0,0.11111,0,0,0,0.055556,0,0,0,0.055556,0,0,0,0,0.055556,0.055556,0,0.055556,0,0,0,0.055556,0,0.055556,0,0,0,0,0,0.055556,0,0.055556,0,0,0,0,0,0,0.055556,0,0,0,0,0.11111,0,0,0,0,0,0.055556,0,0,0,0.055556,0,0,0,0,0,0.055556,0
0.1,0,0,0,0.1,0.05,0,0,0,0.1,0,0,0,0,0,0,0.1,0,0,0,0,0,0.05,0.05,0,0,0,0,0,0,0,0,0,0,0,0,0.05,0,0,0,0,0,0.05,0,0,0,0.15,0,0.1,0,0,0,0,0,0,0,0,0.05,0,0.05,0,0,0,0
0.11429,0.028571,0.057143,0,0.057143,0,0,0,0,0.085714,0,0,0,0.028571,0,0,0,0.028571,0.028571,0,0,0.028571,0,0,0.085714,0,0.057143,0,0.028571,0,0.028571,0,0,0,0,0.028571,0,0,0.057143,0,0,0,0,0,0,0,0,0,0.028571,0,0,0.057143,0,0,0.028571,0,0,0.028571,0,0,0,0,0.057143,0.057143
0,0.033333,0.033333,0,0,0.033333,0,0,0,0.066667,0,0,0.033333,0.033333,0,0.033333,0,0.033333,0.033333,0,0,0,0,0.033333,0.033333,0,0.033333,0,0,0.033333,0.033333,0,0.033333,0.033333,0,0.033333,0,0.033333,0.033333,0.033333,0,0.033333,0,0,0,0,0,0,0,0.033333,0,0,0,0.1,0,0,0,0.066667,0,0,0,0.033333,0.033333,0
0,0.027778,0.027778,0,0.083333,0,0,0.027778,0,0.027778,0.027778,0,0,0,0,0.027778,0.055556,0.027778,0.11111,0,0,0,0,0,0,0.027778,0,0,0,0.027778,0.083333,0.027778,0,0.027778,0,0,0,0.055556,0.083333,0,0,0.055556,0,0,0,0,0,0.027778,0,0,0,0,0,0,0,0,0,0,0,0.027778,0.083333,0,0,0.027778
0,0,0,0,0.043478,0,0.043478,0.043478,0,0,0.043478,0,0,0.043478,0,0,0,0.086957,0.086957,0,0,0,0,0,0,0,0,0,0,0,0.043478,0,0.043478,0,0,0,0,0.043478,0.043478,0,0,0,0.043478,0.043478,0,0,0.043478,0,0.043478,0,0,0,0,0,0,0,0.043478,0.13043,0,0.043478,0,0,0,0.043478
0.046512,0,0.023256,0.046512,0.046512,0.046512,0.023256,0.023256,0,0.046512,0,0,0.023256,0.023256,0.023256,0,0.023256,0.023256,0.023256,0.023256,0.023256,0,0,0,0.023256,0,0,0,0,0.023256,0,0.046512,0,0.023256,0,0,0.046512,0.046512,0,0,0,0.023256,0,0,0.023256,0,0.046512,0,0,0,0.023256,0.023256,0.046512,0,0.023256,0.023256,0.046512,0,0.023256,0,0,0,0,0
0.090909,0,0,0.090909,0,0,0,0,0,0,0,0,0,0,0,0,0.090909,0,0,0,0,0,0.090909,0,0,0,0,0,0,0,0,0.090909,0,0.090909,0,0,0,0.090909,0,0.090909,0,0,0,0,0,0,0,0,0,0,0,0,0,0,0,0,0,0,0,0.090909,0,0,0,0.18182
0,0.029412,0,0.058824,0,0.029412,0,0.029412,0,0,0,0,0,0.029412,0.029412,0.029412,0,0,0,0,0.029412,0.029412,0,0.029412,0,0,0.058824,0,0,0.029412,0,0.058824,0,0.029412,0,0,0,0.029412,0.058824,0,0,0,0,0.029412,0.029412,0,0,0.029412,0.058824,0,0,0.029412,0.058824,0.029412,0,0,0.029412,0,0.058824,0,0,0,0.029412,0.029412
0.090909,0,0,0,0,0,0,0,0,0,0,0,0,0,0,0.090909,0.090909,0,0,0,0.090909,0,0,0,0.090909,0,0.090909,0.090909,0,0,0,0.090909,0,0,0,0,0,0,0,0,0,0,0,0,0,0,0,0,0,0,0,0.090909,0,0,0,0,0,0,0,0,0,0.090909,0,0.090909
0,0,0.05,0,0.05,0,0,0,0.1,0.05,0,0.1,0.05,0.05,0,0,0.05,0.05,0,0,0.05,0,0,0.05,0,0,0,0,0.05,0.05,0,0.05,0,0,0,0,0,0,0,0,0,0,0.05,0,0,0,0,0,0,0.05,0,0,0,0.05,0,0,0,0,0,0,0,0,0.05,0
0.15385,0,0.076923,0,0,0,0,0,0.076923,0,0,0,0,0,0,0,0.15385,0.076923,0,0,0.076923,0,0,0,0,0,0,0,0,0,0,0,0,0,0,0,0,0,0,0,0,0,0.076923,0,0,0,0,0,0,0,0,0,0,0,0,0.076923,0.076923,0.076923,0,0,0,0.076923,0,0
0,0,0,0,0,0,0,0,0,0.083333,0,0,0,0,0,0.083333,0,0,0.083333,0,0,0.083333,0,0,0,0,0,0,0,0,0.083333,0,0,0,0,0,0,0,0,0,0,0,0,0.083333,0,0.083333,0,0,0,0.083333,0.16667,0,0,0,0,0,0,0.083333,0,0.083333,0,0,0,0
0.05,0,0.05,0.05,0.05,0.1,0,0,0,0,0,0,0,0.05,0.1,0,0.05,0,0,0,0,0,0,0,0,0,0,0,0,0.05,0.05,0,0,0,0,0,0,0.05,0,0,0,0,0,0,0,0,0,0,0.05,0,0,0,0,0,0.05,0.05,0,0.05,0.05,0,0,0.05,0,0.05
0,0,0,0,0,0,0,0,0.375,0,0,0,0,0,0,0,0,0,0.125,0,0,0,0,0,0,0,0.125,0,0,0,0,0.125,0,0,0,0,0,0,0,0,0,0,0,0,0,0,0,0,0,0,0,0,0,0,0.125,0,0,0,0,0,0.125,0,0,0
0.035714,0,0,0,0,0,0.071429,0,0,0,0,0.035714,0.035714,0,0,0.035714,0,0,0.071429,0,0,0.035714,0,0.035714,0,0.071429,0,0,0,0,0.035714,0,0,0.035714,0,0,0,0,0,0,0,0.035714,0.071429,0.071429,0,0,0,0,0.035714,0.035714,0,0.035714,0.035714,0,0.035714,0,0.035714,0,0.035714,0,0,0.035714,0,0.035714
0,0,0,0,0.076923,0,0,0,0,0,0,0,0,0,0,0.076923,0,0,0,0,0,0,0,0,0,0,0,0,0,0,0,0.076923,0,0,0,0,0.15385,0,0,0,0,0,0,0,0,0,0,0.15385,0.076923,0,0,0.15385,0,0,0,0,0,0.076923,0,0,0,0,0,0.15385
0.023256,0,0,0,0,0,0,0.023256,0.046512,0,0.023256,0.023256,0,0,0.046512,0,0.023256,0.023256,0,0.023256,0.046512,0.023256,0,0.023256,0,0,0,0,0.023256,0,0,0,0,0,0,0,0.023256,0.023256,0,0,0.093023,0.046512,0,0,0,0,0.046512,0.023256,0,0.046512,0,0.023256,0,0.046512,0,0.046512,0,0.023256,0,0,0.023256,0.046512,0.093023,0.023256
0,0,0,0,0,0,0.076923,0,0,0,0,0,0,0,0,0.15385,0,0,0,0.15385,0,0,0,0,0,0,0,0,0,0.076923,0,0,0,0,0,0,0,0,0,0,0,0,0,0.076923,0.076923,0,0,0,0,0.076923,0,0.076923,0,0,0,0,0,0,0,0,0.23077,0,0,0
0.030769,0.015385,0,0.015385,0.030769,0,0,0,0.030769,0.015385,0,0.030769,0.015385,0,0.015385,0.046154,0.046154,0.030769,0.030769,0,0.015385,0,0,0,0.030769,0,0,0,0.015385,0,0.015385,0,0.015385,0,0.015385,0,0.046154,0.030769,0.015385,0.015385,0.015385,0.046154,0.015385,0,0.030769,0.015385,0.015385,0.015385,0.046154,0.030769,0.015385,0.015385,0,0.015385,0.015385,0.015385,0,0,0,0.046154,0.015385,0,0,0.061538
0.058824,0,0,0.058824,0,0,0,0,0.058824,0,0,0,0,0.058824,0,0,0.058824,0.058824,0,0,0.058824,0,0,0,0.058824,0,0,0,0,0,0,0.058824,0,0.058824,0,0,0,0.058824,0,0,0,0,0,0.058824,0.058824,0,0,0,0,0,0,0,0,0.058824,0,0,0.11765,0,0,0,0,0,0,0.058824
0.039216,0,0.058824,0.058824,0,0.039216,0.019608,0.019608,0.039216,0,0.058824,0.019608,0,0.039216,0.039216,0,0,0,0.058824,0,0,0.019608,0.019608,0.019608,0,0,0,0,0.019608,0,0,0,0.019608,0.019608,0.019608,0,0.019608,0.019608,0,0,0.019608,0,0,0,0,0,0,0,0,0,0.039216,0,0,0.019608,0.019608,0,0.058824,0,0.17647,0,0,0,0,0
0.020833,0.0625,0.041667,0,0,0,0,0,0.041667,0,0,0.041667,0,0,0,0,0,0,0,0.041667,0.041667,0.020833,0.020833,0.020833,0.020833,0,0.041667,0,0,0,0,0.020833,0,0,0.020833,0,0.0625,0.0625,0,0.0625,0.020833,0.041667,0,0.020833,0,0.020833,0.020833,0.020833,0,0,0,0,0,0.041667,0,0,0.020833,0.020833,0,0.041667,0.0625,0,0.020833,0
0.11111,0,0.055556,0,0.055556,0,0,0,0.11111,0.055556,0,0.055556,0,0,0,0,0,0,0,0,0.055556,0,0.055556,0.055556,0,0,0,0,0,0,0,0,0,0,0,0,0.055556,0.055556,0.055556,0,0.11111,0,0,0,0,0,0,0,0.055556,0,0,0,0,0,0,0,0,0,0,0.055556,0,0,0,0
0.11111,0.037037,0,0,0.037037,0,0,0,0,0,0,0,0,0,0.074074,0.037037,0,0,0,0,0.037037,0,0,0,0.037037,0,0,0.037037,0,0,0,0,0.037037,0,0,0,0.037037,0,0.074074,0,0,0,0,0,0,0.037037,0.037037,0.037037,0,0.037037,0.037037,0.037037,0,0,0.037037,0.037037,0,0.037037,0,0,0.037037,0.037037,0.037037,0
0,0.04,0,0.04,0,0,0.04,0,0,0.04,0.04,0.04,0.08,0,0,0,0.04,0,0,0,0,0,0.04,0,0,0,0,0,0,0,0,0,0.04,0.04,0,0,0.04,0.08,0,0.08,0,0,0,0,0,0,0.04,0,0,0,0,0,0.12,0,0,0,0.04,0.04,0.04,0,0,0,0.04,0
0,0,0,0.055556,0,0,0,0.055556,0,0,0,0,0,0,0,0,0,0,0.055556,0.055556,0.055556,0,0,0,0,0,0.055556,0,0,0,0,0.055556,0,0,0,0,0,0,0,0,0,0,0,0,0.055556,0,0,0,0,0.055556,0,0,0.055556,0,0.055556,0.11111,0,0.055556,0,0,0,0.11111,0,0.11111
0.023256,0.023256,0,0.023256,0.023256,0.023256,0,0.023256,0,0.023256,0.023256,0.023256,0.023256,0,0.023256,0.023256,0.023256,0.023256,0.046512,0.023256,0,0,0.023256,0,0.046512,0,0.023256,0,0,0,0.023256,0.023256,0,0.023256,0.046512,0.023256,0,0,0,0,0,0.023256,0,0,0,0,0.023256,0.023256,0,0,0,0,0,0.023256,0,0,0.023256,0.046512,0.023256,0,0.023256,0.046512,0.046512,0.069767
0.15909,0,0,0.045455,0,0.045455,0,0,0.022727,0,0,0,0.045455,0,0,0,0.045455,0,0.022727,0,0,0,0.045455,0,0,0,0,0,0.022727,0.022727,0,0,0.022727,0,0.045455,0,0.045455,0.022727,0,0,0,0,0,0.022727,0,0,0.022727,0,0.045455,0.022727,0.022727,0,0.022727,0,0,0,0,0.022727,0,0.045455,0.068182,0,0.045455,0.045455
0.1,0.02,0.04,0,0.04,0.02,0.04,0.02,0,0.02,0,0.02,0.04,0.02,0,0.06,0.02,0,0,0,0,0,0.02,0,0.02,0,0,0.02,0,0.02,0,0.02,0.06,0.02,0,0.02,0.04,0,0,0,0,0,0,0,0,0,0.02,0,0.02,0.02,0.02,0,0,0.02,0.04,0.04,0.04,0.02,0,0.04,0.02,0,0,0
0,0,0,0.076923,0.038462,0.038462,0,0,0.038462,0,0,0.038462,0.076923,0,0,0,0.038462,0,0,0,0,0,0,0,0,0,0,0,0,0,0,0,0,0,0,0.038462,0,0,0,0,0,0.038462,0,0,0.076923,0,0,0,0,0.11538,0.11538,0,0.038462,0,0,0,0,0,0,0.038462,0.076923,0.076923,0,0.038462
0.037037,0,0,0,0,0,0,0,0,0,0,0.037037,0.11111,0,0,0.074074,0.037037,0,0,0,0,0,0.074074,0,0,0.037037,0,0,0.037037,0,0,0.037037,0.074074,0,0,0,0,0,0,0,0.037037,0,0,0,0,0,0.11111,0,0.074074,0,0,0,0,0.037037,0.037037,0,0,0,0.037037,0.037037,0,0,0.037037,0.037037
0.0625,0,0,0.03125,0,0,0,0,0,0,0,0,0.125,0,0,0.0625,0,0,0,0,0,0,0,0,0,0,0,0,0,0,0,0,0,0,0,0,0.0625,0,0.03125,0,0,0.03125,0,0,0,0,0.03125,0,0.09375,0,0.03125,0,0.03125,0.03125,0.03125,0.03125,0,0,0,0.03125,0.03125,0.0625,0.03125,0.15625
0.054054,0,0,0.027027,0,0.027027,0,0,0.081081,0.027027,0,0.027027,0.054054,0,0,0,0,0,0.027027,0,0,0.027027,0,0,0.027027,0.054054,0,0,0,0.054054,0,0.027027,0,0,0.027027,0.027027,0,0,0.054054,0,0,0,0,0,0,0.054054,0.027027,0.027027,0.027027,0.054054,0,0,0,0,0.054054,0,0,0.027027,0,0.027027,0.027027,0.027027,0,0.027027
0.16129,0,0,0.032258,0,0,0,0,0,0.064516,0,0.032258,0.032258,0.032258,0,0.032258,0,0.032258,0.032258,0,0,0,0.032258,0,0,0,0,0,0.032258,0,0,0,0.032258,0,0,0,0,0.032258,0,0,0,0.032258,0,0,0,0,0.096774,0.064516,0.032258,0,0,0,0,0,0.032258,0,0,0.096774,0,0.064516,0,0,0,0
0,0,0,0,0.076923,0,0,0,0,0,0.076923,0,0,0,0,0,0,0,0,0,0,0,0,0,0,0,0,0,0,0,0,0,0,0,0,0.076923,0.076923,0,0,0,0,0,0,0,0,0.076923,0.15385,0,0,0,0,0,0,0.076923,0.076923,0,0,0.076923,0,0.076923,0,0.076923,0,0.076923
0.02,0.02,0.02,0,0.02,0,0.02,0.02,0,0.04,0.04,0.02,0.04,0,0.02,0.04,0,0,0.02,0,0.02,0,0,0,0,0.02,0.02,0,0.02,0,0.06,0.02,0,0.02,0,0.02,0.02,0.02,0,0,0,0,0,0.02,0.02,0.02,0,0,0.08,0.04,0,0,0.02,0.04,0.02,0,0.04,0,0.02,0,0.08,0,0.02,0
0.083333,0,0,0,0,0,0.041667,0,0,0,0,0,0.041667,0,0,0.041667,0,0,0.041667,0.041667,0.083333,0,0.041667,0.041667,0,0.041667,0.041667,0.041667,0,0.125,0.041667,0.041667,0,0,0,0,0,0.041667,0,0,0,0.041667,0,0,0,0.041667,0.041667,0,0,0,0,0,0,0,0,0,0,0.041667,0,0,0,0,0,0
0,0.1,0,0,0,0,0.1,0,0.1,0,0,0,0,0,0,0,0.1,0.1,0,0,0,0,0,0,0,0.1,0,0,0,0,0,0,0,0,0,0,0,0,0.1,0,0,0,0,0,0,0,0,0,0,0,0,0,0.1,0,0,0,0,0.2,0,0,0,0,0,0
0.076923,0,0.076923,0,0.076923,0,0,0,0,0,0,0,0.15385,0,0.076923,0.076923,0,0.076923,0,0,0,0,0,0,0,0,0,0,0,0,0,0,0,0,0,0,0.15385,0.076923,0,0,0,0,0,0,0,0,0,0,0.076923,0,0,0,0,0,0,0,0,0,0,0,0,0,0,0.076923
0.085714,0,0,0.028571,0,0,0,0.057143,0,0,0,0,0.057143,0.028571,0,0.028571,0.028571,0,0,0,0.028571,0,0,0,0.028571,0,0.028571,0,0.028571,0,0,0,0,0,0,0,0.085714,0.028571,0,0.028571,0,0,0,0.028571,0,0,0.028571,0,0.085714,0.028571,0,0,0.028571,0,0,0,0.057143,0,0.028571,0,0.028571,0,0.057143,0.057143
0.083333,0,0.041667,0,0,0,0,0.041667,0.041667,0.041667,0,0,0,0,0,0.041667,0,0.083333,0,0,0,0,0,0,0,0.041667,0,0,0,0.041667,0,0,0,0,0,0.083333,0,0,0.041667,0,0,0,0,0,0.041667,0.041667,0,0,0,0,0,0,0,0.041667,0,0.041667,0.041667,0.083333,0.041667,0,0.041667,0,0,0.041667
0,0,0,0,0.058824,0,0,0,0,0,0,0.058824,0,0.11765,0,0,0.11765,0,0,0,0,0,0.058824,0,0,0.058824,0,0.058824,0,0,0,0,0,0,0,0,0,0,0,0,0.11765,0.058824,0,0,0,0,0.058824,0,0,0.058824,0,0,0,0,0.058824,0.058824,0,0.058824,0,0,0,0,0,0
0,0,0,0,0,0,0,0,0,0.047619,0.095238,0,0,0,0,0,0,0,0.19048,0.047619,0.047619,0,0.047619,0.047619,0,0,0,0,0,0,0.047619,0,0.047619,0,0,0,0,0.095238,0,0,0,0,0,0,0,0.047619,0,0.047619,0,0,0,0,0,0,0,0,0,0,0,0.047619,0,0.047619,0.047619,0.047619
0,0,0.23077,0,0,0,0,0,0,0,0,0,0,0,0,0.15385,0.15385,0,0,0,0,0,0.076923,0,0,0.076923,0,0,0,0,0.076923,0,0,0,0,0,0.076923,0,0.076923,0,0,0,0,0,0,0,0,0,0,0,0,0,0,0,0,0,0,0,0.076923,0,0,0,0,0
0.071429,0,0,0,0,0.035714,0,0,0,0.035714,0,0,0.071429,0,0,0,0.035714,0,0.035714,0,0.071429,0,0,0,0.035714,0,0,0,0,0,0,0,0,0,0.035714,0,0,0.035714,0,0,0,0,0,0,0,0,0.035714,0,0,0.035714,0,0.035714,0,0,0,0,0.035714,0.10714,0,0.071429,0.035714,0,0.10714,0.071429
0.21429,0.071429,0,0,0.071429,0,0,0,0,0,0,0,0,0.071429,0.14286,0,0,0,0,0,0,0,0,0,0,0,0,0,0.071429,0,0,0.071429,0.071429,0,0,0,0,0,0,0,0,0,0,0,0,0,0.14286,0,0,0.071429,0,0,0,0,0,0,0,0,0,0,0,0,0,0
0.13333,0.066667,0,0.033333,0.033333,0.033333,0,0,0.033333,0.033333,0,0.066667,0.033333,0.033333,0,0,0.066667,0,0,0,0.033333,0.033333,0,0,0,0,0,0,0.033333,0,0,0.033333,0,0,0,0,0,0,0,0,0,0.033333,0,0,0,0,0.033333,0,0.033333,0,0,0.033333,0.066667,0,0,0,0.033333,0.033333,0,0,0.033333,0,0,0
0.0625,0.03125,0,0.078125,0,0.03125,0,0.015625,0.015625,0.015625,0,0.015625,0.078125,0.03125,0.015625,0.015625,0.015625,0.015625,0,0.015625,0.03125,0,0.015625,0.015625,0,0,0.015625,0.015625,0,0.015625,0,0,0,0,0,0.015625,0,0.015625,0,0,0,0,0.03125,0,0,0,0.015625,0.03125,0.03125,0.03125,0,0,0.015625,0.0625,0.015625,0,0.03125,0.015625,0,0.015625,0.03125,0.015625,0.015625,0.046875
0,0,0.1,0,0,0,0,0,0,0,0,0,0.1,0.1,0,0,0,0,0,0,0,0,0,0.1,0,0,0,0,0,0,0,0,0,0,0,0,0,0,0,0,0,0,0,0,0,0,0.1,0.1,0.1,0,0,0,0,0,0,0,0,0.1,0,0.1,0,0.1,0,0
0.074074,0,0,0.037037,0.037037,0,0.037037,0.037037,0,0.037037,0,0,0.037037,0,0.037037,0.074074,0.037037,0,0,0.037037,0,0,0,0,0,0,0,0,0,0,0,0.037037,0.037037,0,0,0,0,0,0,0,0,0,0,0,0,0,0,0.074074,0.11111,0,0.037037,0,0,0,0,0,0,0,0,0,0.074074,0.074074,0.037037,0.037037
0,0,0,0,0,0.04,0,0,0,0,0,0.04,0,0.08,0,0,0.04,0,0.04,0,0.04,0.04,0.04,0,0.04,0,0.04,0,0,0.04,0,0,0,0,0,0,0.08,0,0,0.04,0,0.04,0,0.04,0,0,0,0.04,0,0,0,0,0,0,0,0,0.04,0,0.04,0.04,0.04,0.04,0.08,0
0.058824,0.058824,0,0.058824,0,0,0,0,0,0.058824,0,0,0,0,0,0,0,0,0,0,0,0,0.058824,0,0.058824,0,0,0,0,0,0.058824,0,0,0,0,0,0,0,0,0,0,0,0,0,0,0,0.058824,0.058824,0,0,0,0.058824,0.11765,0,0.058824,0,0.058824,0.058824,0,0.058824,0.058824,0,0,0
0.041667,0.041667,0.125,0,0.041667,0,0,0,0,0,0,0.041667,0,0,0,0,0.041667,0,0.041667,0,0,0,0,0.041667,0,0,0.041667,0,0,0.041667,0,0,0,0,0,0,0,0,0,0,0,0,0.041667,0,0,0,0,0,0.041667,0,0.041667,0.041667,0,0,0.041667,0,0.041667,0,0,0.041667,0.083333,0,0.041667,0.083333
0.052632,0,0,0.052632,0,0,0,0,0.052632,0,0.052632,0,0,0,0,0,0.15789,0.052632,0,0,0,0,0,0.052632,0,0,0,0,0,0,0.052632,0.052632,0,0,0,0,0,0,0,0,0,0,0,0,0.10526,0.052632,0,0,0.15789,0,0,0,0,0,0,0,0,0,0.052632,0.052632,0,0,0,0
0.051282,0.076923,0.025641,0.051282,0.025641,0,0.051282,0,0,0,0,0,0.025641,0,0,0.025641,0.025641,0.025641,0.025641,0,0,0,0.025641,0,0.051282,0.025641,0.025641,0,0,0,0.025641,0,0,0,0,0,0.076923,0,0,0.025641,0.051282,0,0,0,0,0,0,0.025641,0.025641,0.10256,0,0,0,0,0.025641,0,0.025641,0.051282,0.025641,0,0,0,0,0
0.076923,0,0,0,0,0,0,0,0,0,0,0.076923,0,0.076923,0,0.15385,0,0,0,0,0,0,0,0,0,0,0.076923,0,0.076923,0,0,0,0.076923,0,0,0,0,0.076923,0,0,0.076923,0,0,0,0,0,0,0,0,0,0,0,0.076923,0,0.076923,0,0,0,0,0,0,0,0.076923,0
0.16667,0,0,0,0.083333,0,0,0,0,0,0.16667,0,0,0,0.083333,0.083333,0,0,0,0,0,0,0,0,0,0,0,0,0,0,0,0,0,0,0,0,0,0.083333,0,0,0,0,0,0,0,0,0.083333,0,0.083333,0,0,0,0,0,0,0,0,0.083333,0.083333,0,0,0,0,0
0,0,0,0.052632,0,0,0,0,0,0,0,0,0,0.10526,0.10526,0,0.052632,0.052632,0,0,0.052632,0,0,0,0,0.052632,0,0,0.052632,0,0,0.052632,0,0,0,0,0.052632,0.052632,0,0,0,0.052632,0.052632,0.052632,0,0,0,0,0,0,0,0,0,0,0,0,0.052632,0.052632,0,0,0,0,0,0.052632
0,0.02,0.06,0.02,0.02,0,0.02,0,0.02,0.02,0.02,0.02,0,0,0.06,0.04,0.04,0,0.06,0.02,0,0.04,0.02,0,0,0.02,0,0,0,0.02,0.02,0.02,0,0.02,0,0,0.02,0.02,0.02,0,0,0,0.02,0,0,0,0.02,0,0.02,0,0,0,0.02,0.02,0,0.04,0.02,0.04,0,0.04,0.04,0,0.02,0.04
0.055556,0,0.11111,0.055556,0,0,0.055556,0.055556,0,0,0,0,0.055556,0.055556,0,0.055556,0,0,0,0,0,0,0,0,0,0,0,0,0,0,0,0,0,0,0,0,0,0,0,0,0,0.055556,0,0,0,0,0,0.055556,0.055556,0.11111,0,0,0,0,0,0,0.055556,0,0,0,0.055556,0.055556,0.055556,0
0.055556,0,0.16667,0,0.055556,0,0,0.055556,0,0,0,0,0.11111,0,0,0,0.055556,0.055556,0,0,0,0,0,0,0,0.055556,0,0,0,0,0,0,0,0.055556,0,0,0,0,0,0,0,0,0,0,0,0,0.055556,0,0.055556,0,0,0,0.055556,0,0,0,0.055556,0.055556,0,0.055556,0,0,0,0
0,0,0.043478,0,0,0,0,0,0,0,0,0,0,0,0,0.043478,0,0.043478,0,0.043478,0,0,0,0,0,0.043478,0,0,0,0,0,0,0,0.043478,0,0,0.043478,0,0.043478,0,0,0.043478,0.13043,0,0,0.043478,0.086957,0.043478,0,0,0,0,0,0.043478,0,0.043478,0,0,0.086957,0,0,0,0.086957,0.043478
0,0,0.052632,0.052632,0,0,0.052632,0,0,0,0,0,0,0,0.15789,0,0.10526,0.052632,0.052632,0,0,0.052632,0,0,0.10526,0,0,0,0.052632,0,0,0,0,0,0,0,0,0,0,0,0,0,0,0,0,0,0,0,0,0,0,0,0,0,0,0,0.10526,0.052632,0.052632,0,0,0,0.052632,0
0,0,0,0,0,0,0,0,0.060606,0,0,0,0.030303,0,0,0.030303,0,0,0,0,0.030303,0,0,0,0.030303,0.030303,0.030303,0,0,0,0.060606,0,0,0,0,0,0,0,0,0,0.030303,0,0,0,0.030303,0,0,0.030303,0.030303,0,0.030303,0,0,0,0,0,0.18182,0.090909,0.030303,0,0.030303,0,0.15152,0.060606
0.017544,0,0.017544,0.035088,0.035088,0.052632,0.017544,0,0,0.017544,0,0.017544,0,0.017544,0.017544,0.035088,0.035088,0.017544,0.017544,0.017544,0.070175,0.035088,0,0.017544,0.052632,0.017544,0,0.017544,0.017544,0.017544,0.035088,0.017544,0.017544,0,0,0,0,0.017544,0,0,0.017544,0,0,0.017544,0,0.017544,0,0,0.017544,0,0,0.017544,0.070175,0.017544,0.017544,0.017544,0,0,0.017544,0,0,0.035088,0.017544,0.017544
0.035088,0,0,0.017544,0.017544,0,0,0.017544,0,0.017544,0,0,0,0.035088,0.035088,0.035088,0.070175,0.087719,0,0,0.035088,0,0.017544,0,0.017544,0.035088,0,0,0.017544,0,0.017544,0.035088,0,0.035088,0,0.017544,0.017544,0,0.035088,0,0,0.017544,0,0.017544,0,0,0,0.070175,0,0.017544,0,0,0.070175,0.017544,0.035088,0,0.017544,0.017544,0.017544,0,0,0,0.017544,0.035088
0,0,0,0.05,0,0,0.05,0,0.05,0.05,0,0,0,0,0,0,0,0.1,0,0,0,0,0,0,0.05,0,0.1,0,0,0,0.05,0,0,0,0,0.05,0,0,0,0,0,0,0,0,0,0.05,0,0,0,0.05,0,0.05,0.05,0.05,0.05,0.05,0,0,0,0,0.05,0,0.05,0
0,0,0,0,0,0,0.083333,0,0,0,0,0.083333,0,0.083333,0,0,0,0,0.083333,0,0,0,0,0,0,0,0,0,0,0,0,0.083333,0,0,0,0,0,0,0,0,0,0,0.083333,0.083333,0,0.083333,0,0,0,0,0,0,0,0,0.083333,0.16667,0,0,0,0,0,0,0,0.083333
0.027027,0.027027,0,0,0.027027,0.054054,0.027027,0,0.054054,0,0,0,0,0,0,0.054054,0.054054,0,0.027027,0.027027,0.027027,0.027027,0,0,0,0,0,0,0,0,0,0.027027,0,0.054054,0.027027,0,0,0.027027,0,0,0,0,0,0.054054,0.054054,0.027027,0,0,0.027027,0,0.027027,0.027027,0.027027,0,0.054054,0.027027,0,0.027027,0,0,0,0,0.081081,0
0,0,0,0,0,0,0,0,0,0,0,0,0.090909,0,0,0,0,0,0,0,0,0,0,0,0,0,0,0,0,0.090909,0.090909,0,0,0,0,0.090909,0,0,0,0.090909,0,0,0,0,0,0,0,0,0.090909,0,0,0,0,0,0,0,0,0,0,0,0.18182,0.090909,0,0.18182
0.038462,0,0,0,0.038462,0,0,0,0,0,0,0,0.076923,0,0.076923,0,0.038462,0,0,0.038462,0.076923,0,0,0.038462,0,0.038462,0,0,0,0,0.038462,0,0,0,0,0,0,0,0,0.038462,0,0.038462,0,0,0.038462,0,0.038462,0,0,0.038462,0.038462,0.11538,0.038462,0,0,0,0,0,0,0.038462,0,0,0.038462,0.038462
0,0,0,0.045455,0,0,0.045455,0,0,0,0,0.090909,0,0,0,0.045455,0,0,0.045455,0,0.045455,0,0,0.045455,0.090909,0.045455,0,0,0,0,0,0,0,0,0,0.045455,0.045455,0,0.045455,0.045455,0,0.045455,0,0,0,0.045455,0,0,0,0,0,0,0,0,0,0,0.090909,0,0,0,0.045455,0,0.045455,0.045455
0.1,0,0,0,0,0,0,0.1,0,0,0,0.1,0,0,0,0,0,0,0.1,0,0,0,0,0,0,0,0,0,0,0,0,0,0.1,0,0,0,0,0.1,0,0,0,0,0.1,0,0,0,0,0,0,0,0.1,0,0,0,0,0,0.1,0,0,0,0,0,0.1,0
0,0.058824,0,0,0,0.058824,0,0,0,0,0,0,0.11765,0.058824,0,0,0.058824,0,0.058824,0.058824,0,0.058824,0,0,0.058824,0,0,0,0,0,0,0,0,0,0,0,0,0.058824,0,0,0,0,0,0,0,0.058824,0.058824,0,0.058824,0,0.058824,0,0,0,0.058824,0,0,0,0,0,0.058824,0,0,0
0.037037,0,0,0,0,0,0,0.037037,0,0,0,0.037037,0,0,0.037037,0,0,0,0.037037,0,0,0,0,0,0,0.074074,0.037037,0,0,0,0.037037,0,0,0.037037,0,0,0.037037,0.037037,0,0,0,0,0,0,0,0,0.11111,0,0.037037,0.037037,0,0,0.074074,0,0,0.037037,0,0,0,0,0,0.074074,0.11111,0.074074
0.1,0.05,0,0,0.05,0,0,0,0.05,0.05,0,0,0.05,0,0,0.05,0.05,0,0,0,0,0,0,0,0,0.05,0,0.05,0,0,0,0,0.05,0,0,0,0,0,0,0,0,0,0,0,0,0.05,0,0,0.1,0,0,0,0,0,0,0,0.05,0,0,0.1,0.05,0.05,0,0
0.21875,0,0.03125,0,0.03125,0,0,0,0,0,0.03125,0.03125,0,0,0,0,0.125,0.03125,0,0.03125,0,0,0,0,0,0.03125,0.03125,0,0,0,0,0,0,0.0625,0,0,0,0,0,0,0,0,0,0,0,0.03125,0.03125,0,0.03125,0,0,0,0,0,0,0,0.03125,0.03125,0,0,0.03125,0.03125,0.125,0
0.090909,0,0,0,0,0,0,0,0.045455,0.090909,0,0,0.045455,0,0,0,0,0,0.045455,0,0,0,0,0,0,0,0,0,0.090909,0,0.090909,0,0,0,0,0.045455,0.045455,0,0,0,0.045455,0,0,0.045455,0,0,0.045455,0,0.045455,0.090909,0,0,0,0,0,0,0,0,0,0.090909,0,0,0,0.045455
0,0,0,0,0,0.052632,0.026316,0,0.026316,0,0,0.026316,0,0,0.052632,0.026316,0.052632,0,0.026316,0.052632,0,0,0,0,0,0.026316,0,0,0.026316,0,0,0.052632,0.052632,0,0,0.052632,0.026316,0,0,0,0,0,0.052632,0.026316,0.026316,0,0,0,0.026316,0,0.052632,0.052632,0.026316,0.026316,0,0,0,0,0,0,0.026316,0.026316,0.078947,0
0,0.11765,0,0.058824,0,0,0,0,0,0.058824,0,0,0.058824,0,0.058824,0.058824,0,0,0,0,0,0.058824,0.058824,0,0.058824,0,0,0,0,0,0,0,0,0,0,0,0,0,0,0.058824,0,0,0,0,0,0.058824,0,0.058824,0,0,0,0,0,0,0,0,0.058824,0,0.058824,0,0.058824,0,0,0.058824
0.066667,0,0,0.066667,0.066667,0,0,0,0,0.13333,0,0,0,0,0,0.066667,0.066667,0,0,0,0,0,0,0,0,0,0,0.066667,0,0,0.066667,0,0,0,0,0,0,0,0.066667,0,0,0,0.066667,0,0.066667,0,0.066667,0,0,0,0,0,0,0,0,0.066667,0,0,0,0,0,0.066667,0,0
0,0,0,0,0,0,0,0,0,0,0,0,0,0,0.041667,0,0,0,0,0,0.041667,0,0,0.041667,0,0,0,0,0.041667,0,0.083333,0,0,0,0,0.083333,0.041667,0.041667,0.041667,0.041667,0.041667,0,0,0,0,0.083333,0.041667,0,0,0.041667,0,0,0,0,0,0,0.041667,0.041667,0,0.083333,0,0,0,0.125
0,0,0,0,0.1,0,0,0,0,0,0.1,0,0,0,0,0.2,0,0,0.1,0,0,0,0.1,0,0,0,0,0,0,0,0.1,0,0,0,0,0,0,0,0,0,0,0,0,0.1,0,0,0,0,0,0,0,0,0,0,0,0,0,0.1,0.1,0,0,0,0,0
0.035714,0.035714,0,0.035714,0,0.035714,0,0,0,0.035714,0,0,0,0,0.035714,0,0.071429,0.035714,0.035714,0.035714,0,0,0,0.035714,0.035714,0,0.035714,0,0,0,0.035714,0.035714,0,0,0,0,0,0,0,0,0,0,0,0,0.035714,0,0,0,0.071429,0,0,0.071429,0,0,0,0.035714,0,0,0,0,0,0.10714,0.035714,0.071429
0.034483,0.034483,0,0,0.034483,0.034483,0.034483,0,0,0,0,0.034483,0.034483,0.034483,0.034483,0,0,0.068966,0,0.034483,0.068966,0,0,0,0,0,0.034483,0,0,0,0.034483,0,0.034483,0,0,0,0.034483,0,0,0,0,0,0,0.034483,0.034483,0,0,0.034483,0,0,0.034483,0,0.034483,0.034483,0,0.034483,0,0,0,0.034483,0,0.034483,0.034483,0.034483
0.15,0.05,0.1,0,0,0,0,0,0.05,0,0,0,0,0,0.05,0.05,0.1,0,0,0,0,0,0,0,0.05,0,0,0,0,0,0,0,0,0,0,0,0,0,0,0,0,0,0,0,0,0,0,0,0.05,0,0.05,0,0,0,0,0,0,0,0.05,0.05,0.05,0.05,0.05,0.05
0,0,0,0,0.066667,0,0,0,0.066667,0,0,0,0.13333,0,0,0,0,0,0,0,0,0,0,0,0,0,0,0,0,0,0,0,0.066667,0,0,0,0,0,0,0,0,0.066667,0,0,0,0,0,0,0,0.066667,0,0.066667,0.066667,0,0.066667,0,0.13333,0,0,0.066667,0,0,0.066667,0.066667
0.072727,0.018182,0.018182,0.018182,0.018182,0.036364,0,0.018182,0.036364,0,0,0,0.036364,0.036364,0,0.018182,0.054545,0.036364,0,0,0,0.054545,0,0.018182,0,0,0,0,0,0.018182,0,0.018182,0.018182,0,0,0.018182,0,0.018182,0,0,0.036364,0,0.018182,0.018182,0,0,0.018182,0.018182,0.036364,0.036364,0,0.018182,0.036364,0,0.018182,0.018182,0.018182,0.018182,0,0,0.054545,0.018182,0,0.036364
0.034483,0.034483,0,0.068966,0,0,0,0,0,0,0,0.10345,0.034483,0,0,0,0.034483,0,0,0.034483,0.034483,0,0,0,0,0,0,0,0.034483,0,0,0,0,0,0.034483,0,0.034483,0,0,0.034483,0.034483,0,0,0,0.068966,0,0,0.034483,0,0,0,0.034483,0.034483,0,0,0,0.034483,0.034483,0,0,0.034483,0.034483,0.034483,0.10345
0.15152,0,0.030303,0.090909,0,0,0,0.030303,0,0.060606,0,0,0,0,0.090909,0,0.030303,0,0.030303,0,0,0,0,0,0.030303,0,0,0,0,0,0.030303,0,0.030303,0,0,0,0,0,0,0,0,0,0,0,0.030303,0.030303,0.090909,0,0,0,0.030303,0,0,0,0,0,0,0,0,0.12121,0.030303,0.030303,0.030303,0
0.071429,0,0.14286,0,0,0,0,0,0.21429,0,0,0,0,0,0,0,0,0,0,0,0,0,0,0.071429,0,0.071429,0,0,0,0,0.071429,0,0,0,0,0.071429,0,0,0.14286,0,0.071429,0,0,0,0,0,0.071429,0,0,0,0,0,0,0,0,0,0,0,0,0,0,0,0,0
0.032787,0.016393,0.032787,0.016393,0.04918,0,0,0,0.016393,0,0,0.016393,0.032787,0.016393,0,0.04918,0,0.032787,0.016393,0.016393,0,0,0.016393,0,0.016393,0.016393,0.032787,0.016393,0,0.016393,0.032787,0,0.032787,0,0.016393,0,0.032787,0.016393,0.04918,0.016393,0.032787,0.016393,0,0,0,0,0.016393,0.016393,0.04918,0.016393,0,0.016393,0.032787,0,0,0,0,0.016393,0,0.04918,0,0.04918,0,0.032787
0.047619,0,0,0,0,0,0,0.047619,0,0,0,0,0,0,0.047619,0,0.095238,0,0.047619,0,0.047619,0,0.14286,0,0,0,0,0,0,0,0,0,0,0,0,0,0,0.047619,0,0,0.047619,0,0.047619,0,0,0,0.047619,0,0,0,0,0,0,0.047619,0.047619,0,0.047619,0,0.047619,0.047619,0,0.095238,0,0
0.066667,0.066667,0,0,0,0,0,0,0,0,0,0,0,0,0,0,0,0,0.066667,0.066667,0,0,0,0,0.066667,0,0,0.13333,0,0,0,0,0,0,0.066667,0,0,0,0,0,0,0.066667,0,0,0,0.066667,0,0,0,0,0,0,0.066667,0.066667,0.13333,0,0,0,0,0,0,0,0,0.066667
0,0.022222,0.022222,0,0.022222,0,0,0,0,0,0.022222,0,0.022222,0.022222,0.022222,0,0.044444,0,0.044444,0.044444,0.022222,0,0,0.022222,0.044444,0.022222,0,0,0,0.066667,0,0,0.022222,0.022222,0,0,0,0,0,0.022222,0,0,0,0,0.022222,0,0,0.066667,0.044444,0.022222,0.022222,0,0.022222,0.022222,0,0.066667,0,0.022222,0,0,0,0.022222,0.022222,0.11111
0,0,0.14286,0.071429,0,0,0,0,0.071429,0,0,0,0,0,0,0.071429,0,0,0,0,0,0,0,0,0,0,0,0.071429,0.071429,0,0,0.071429,0.071429,0,0,0,0,0,0.071429,0,0,0,0,0,0,0,0,0.14286,0.071429,0,0,0,0,0,0,0,0,0,0,0,0,0,0.071429,0
0.1875,0,0,0,0,0,0,0,0.0625,0,0,0,0.0625,0,0,0.125,0,0,0.0625,0,0,0,0,0,0,0.0625,0,0,0,0,0,0,0,0,0,0,0,0,0,0.0625,0.0625,0,0,0,0,0.0625,0,0,0.1875,0,0,0,0,0.0625,0,0,0,0,0,0,0,0,0,0
0,0,0,0,0,0,0.083333,0,0.083333,0,0,0.083333,0,0,0,0,0.083333,0,0.083333,0,0,0,0,0,0,0,0,0,0,0,0,0,0,0,0,0,0.083333,0.083333,0.083333,0,0,0,0,0,0,0,0,0,0,0,0,0,0.25,0,0,0,0,0,0,0.083333,0,0,0,0
0,0.034483,0,0,0,0.034483,0,0,0.034483,0,0,0,0.034483,0,0,0,0,0,0,0.034483,0,0,0.034483,0.068966,0,0,0.068966,0.034483,0,0,0.068966,0,0.034483,0,0.034483,0,0,0,0,0.034483,0.13793,0.068966,0,0,0,0,0,0,0,0.034483,0,0,0,0,0,0.034483,0.034483,0.034483,0.068966,0,0,0.034483,0,0
0,0.032258,0,0,0,0,0,0,0,0,0,0,0,0,0,0.064516,0.064516,0.032258,0,0,0,0,0,0.032258,0,0,0.032258,0,0,0.032258,0,0.032258,0,0,0,0.064516,0,0.032258,0,0.032258,0,0,0,0,0,0.096774,0.032258,0,0.032258,0.032258,0,0,0,0,0,0.032258,0.096774,0.032258,0.032258,0.032258,0.064516,0.032258,0,0.032258
0.047619,0.047619,0,0,0.047619,0,0,0.047619,0.047619,0,0,0,0,0,0,0.095238,0.047619,0,0,0,0.047619,0.047619,0,0.047619,0,0.047619,0,0,0,0,0,0.047619,0,0,0,0.047619,0,0.047619,0.047619,0.047619,0,0,0,0,0,0,0,0,0,0,0,0,0.047619,0,0,0,0,0.047619,0,0,0,0.047619,0.047619,0
0,0,0,0,0,0,0,0.066667,0,0,0,0.033333,0.033333,0.033333,0,0.033333,0,0,0.033333,0,0.033333,0,0,0,0,0,0,0,0,0.066667,0.033333,0,0,0.033333,0,0,0.066667,0,0,0,0.066667,0,0,0.033333,0.1,0,0,0,0.033333,0.066667,0,0,0.033333,0.1,0,0,0,0,0,0.033333,0.033333,0.033333,0,0
0,0.055556,0,0,0,0,0,0,0.055556,0,0.055556,0,0,0,0.055556,0.11111,0,0,0.055556,0.055556,0,0,0,0,0,0,0.055556,0,0,0,0.055556,0,0.11111,0,0,0,0.16667,0,0.055556,0,0,0,0,0,0,0,0,0,0,0,0,0,0.055556,0,0,0,0,0,0,0,0,0,0.055556,0
0.081081,0.027027,0.054054,0,0,0,0.027027,0,0.027027,0.027027,0,0,0,0.027027,0.027027,0,0.027027,0.081081,0.081081,0,0.027027,0,0.027027,0,0,0,0.027027,0,0.027027,0,0.027027,0,0.054054,0,0,0,0,0.027027,0,0,0,0.054054,0.027027,0,0,0.027027,0,0,0.027027,0,0,0,0,0,0,0,0,0.027027,0.027027,0,0.027027,0,0.054054,0.027027
0.022727,0.045455,0,0.022727,0.022727,0.022727,0.022727,0.022727,0.022727,0,0,0.045455,0.045455,0,0,0.022727,0,0,0,0.045455,0.022727,0,0,0.022727,0.068182,0.022727,0,0.045455,0,0,0.022727,0.022727,0.022727,0.022727,0,0,0.022727,0,0,0.022727,0,0,0,0.022727,0,0,0,0.022727,0.022727,0.022727,0,0.022727,0.022727,0.022727,0.022727,0.022727,0.045455,0,0.022727,0,0.022727,0.022727,0,0
0.045455,0,0,0.22727,0,0,0,0,0.045455,0,0,0,0,0,0,0,0.045455,0,0.045455,0,0.045455,0.045455,0.045455,0,0.090909,0,0.045455,0,0,0.045455,0,0,0,0,0,0,0.045455,0.045455,0,0,0,0.045455,0.045455,0,0,0,0,0,0,0,0.045455,0,0,0,0.045455,0,0,0,0,0,0,0,0,0
0.1,0,0,0,0,0,0,0,0,0,0,0,0.1,0,0,0.1,0,0,0,0.1,0,0,0,0,0,0,0,0,0,0,0,0,0,0,0,0,0,0,0,0,0,0,0,0,0.1,0,0,0.2,0,0,0.1,0.1,0,0,0,0,0,0,0,0.1,0,0,0,0
0,0,0,0,0,0,0,0.033333,0,0,0,0,0.033333,0,0,0,0,0,0,0,0,0,0,0.033333,0,0,0,0.033333,0.033333,0,0.033333,0,0.033333,0,0.033333,0,0,0.033333,0.033333,0,0.033333,0.066667,0,0.033333,0,0,0.033333,0.033333,0,0.066667,0,0,0.066667,0,0.033333,0,0,0.033333,0.1,0,0.033333,0,0.1,0.033333
0,0,0,0,0.023256,0.023256,0.023256,0.046512,0,0,0,0,0,0,0.069767,0,0.023256,0.023256,0.023256,0.023256,0.023256,0.023256,0,0.023256,0.023256,0,0.023256,0,0,0.023256,0,0,0,0.023256,0,0.023256,0.023256,0.023256,0.023256,0,0,0,0,0.023256,0.023256,0.023256,0.069767,0.046512,0.023256,0,0,0.046512,0.023256,0,0.023256,0,0,0,0.023256,0.093023,0,0,0.023256,0.023256
0,0,0,0,0,0.085714,0,0,0,0.028571,0,0,0.028571,0,0,0.028571,0,0.028571,0.057143,0,0,0.028571,0.028571,0.057143,0.028571,0,0,0.028571,0.028571,0.028571,0.028571,0.028571,0,0,0,0,0,0,0,0,0,0.028571,0,0,0,0,0.11429,0,0.028571,0.028571,0.028571,0,0,0,0.057143,0,0,0.028571,0,0.028571,0.028571,0,0.057143,0.028571
0,0,0,0.05,0,0,0,0.05,0,0.05,0,0,0,0,0,0,0,0.1,0,0,0.05,0.05,0,0,0.05,0,0.05,0.05,0.05,0,0.05,0,0,0.05,0,0,0,0.05,0,0,0,0,0,0,0,0,0,0,0.05,0.05,0.05,0,0.05,0,0,0,0,0,0,0.05,0.05,0,0,0
0,0,0,0,0,0,0,0.071429,0,0,0,0,0,0,0,0,0,0,0,0,0.071429,0,0,0,0,0.071429,0,0,0.071429,0,0.071429,0,0,0,0.14286,0,0.071429,0.071429,0,0,0,0,0,0,0,0.071429,0,0.071429,0,0,0,0,0,0,0,0,0,0,0,0,0,0.071429,0.14286,0
0,0.033333,0.066667,0,0.066667,0.033333,0,0.033333,0,0,0,0,0.066667,0,0.033333,0,0,0.033333,0.033333,0.066667,0.033333,0,0,0,0.033333,0,0,0.066667,0,0,0,0,0.033333,0,0,0.033333,0.033333,0,0.033333,0,0,0.033333,0,0,0,0,0,0,0.033333,0,0,0.066667,0,0,0,0,0,0,0,0.033333,0.033333,0,0.033333,0.033333
0,0,0,0,0,0,0,0,0,0,0,0,0,0.16667,0,0.083333,0.083333,0,0,0,0,0,0,0,0,0,0,0.083333,0,0,0,0,0,0,0.083333,0.083333,0.083333,0,0,0,0,0,0,0,0,0,0,0,0,0,0,0,0,0,0,0,0,0,0.16667,0.083333,0,0,0.083333,0
0,0,0,0,0,0,0,0,0.083333,0,0,0,0,0,0,0,0.083333,0,0.083333,0,0,0,0.083333,0,0,0,0,0.083333,0.083333,0,0,0,0.083333,0,0.083333,0,0,0,0.083333,0,0,0,0,0,0,0,0.083333,0.083333,0,0,0,0,0,0.083333,0,0,0,0,0,0,0,0,0,0
0,0.043478,0.043478,0,0,0,0,0,0.021739,0,0,0.021739,0.043478,0,0,0,0.021739,0,0,0,0,0.021739,0.021739,0,0,0.043478,0,0.043478,0,0,0,0.021739,0.021739,0,0.021739,0.021739,0,0.043478,0.065217,0,0.065217,0.043478,0,0.021739,0,0,0.043478,0,0.021739,0,0,0,0,0.021739,0.043478,0,0.021739,0.021739,0.021739,0,0,0.086957,0.043478,0.021739
0,0,0.0625,0,0,0,0,0,0.0625,0,0,0,0,0.0625,0.0625,0,0,0.0625,0,0,0,0,0.125,0,0,0.0625,0,0,0,0.125,0.125,0,0,0,0,0,0,0,0,0,0,0,0,0,0,0,0.0625,0,0,0,0,0,0,0.0625,0.0625,0,0.0625,0,0,0,0,0,0,0
0,0,0,0,0,0,0,0,0,0,0.029412,0,0,0,0.029412,0,0,0,0,0.029412,0.029412,0.029412,0,0.029412,0.029412,0.029412,0.029412,0,0.029412,0,0.029412,0.029412,0,0.029412,0.029412,0.029412,0.11765,0,0.029412,0.029412,0,0,0,0,0,0,0,0,0,0,0,0,0.029412,0.058824,0.029412,0,0,0,0.088235,0,0.058824,0.029412,0.029412,0.058824
0,0.032258,0.032258,0.032258,0,0,0,0.032258,0,0,0,0,0.12903,0,0.064516,0,0,0.032258,0,0.096774,0.032258,0,0,0,0,0,0,0,0,0.064516,0.032258,0,0,0,0,0,0.032258,0,0,0.032258,0,0,0,0,0,0,0.032258,0.032258,0,0,0,0,0,0,0.032258,0,0.064516,0.032258,0,0,0.032258,0.032258,0.064516,0.032258
0.076923,0,0,0,0,0,0,0,0,0.076923,0,0,0,0,0.076923,0,0.076923,0.076923,0,0,0,0,0,0,0,0.076923,0.076923,0,0,0,0.076923,0,0.076923,0,0,0,0,0,0,0,0.076923,0.076923,0,0,0.076923,0,0,0,0,0,0,0,0,0,0,0,0,0.076923,0,0,0,0,0,0
0.035714,0,0,0.035714,0,0,0.035714,0,0.017857,0.017857,0.017857,0,0,0.017857,0,0.053571,0,0.017857,0.017857,0.017857,0.035714,0,0,0,0,0.017857,0.035714,0.017857,0,0,0.035714,0,0.053571,0,0.017857,0.017857,0.071429,0.017857,0.053571,0,0.017857,0,0,0.017857,0,0.017857,0.035714,0,0.017857,0.035714,0,0.017857,0.017857,0,0.017857,0,0,0.017857,0.017857,0,0,0.071429,0.017857,0.017857
0.083333,0,0,0,0.083333,0,0,0,0,0,0.083333,0.083333,0,0,0,0,0.083333,0,0,0.083333,0,0,0.083333,0,0,0,0,0,0,0,0,0,0,0,0,0,0,0.083333,0.083333,0,0,0,0,0,0,0.083333,0,0,0,0,0,0,0,0.083333,0,0,0,0,0,0.083333,0,0,0,0
0,0.046512,0.023256,0,0,0.069767,0.023256,0,0.093023,0.023256,0,0,0.023256,0,0.023256,0.023256,0,0,0.069767,0.023256,0.046512,0,0,0,0.023256,0.023256,0,0,0,0.023256,0,0,0.093023,0,0,0,0,0.023256,0,0,0,0,0,0,0,0,0.023256,0.023256,0.023256,0,0.023256,0.046512,0,0,0,0,0,0.023256,0,0,0.046512,0.023256,0.069767,0.023256
0,0,0,0,0.055556,0,0,0,0,0.055556,0,0.055556,0,0,0,0.055556,0,0,0,0,0.055556,0,0,0,0.055556,0,0,0,0,0.055556,0,0,0,0,0,0,0,0,0.055556,0,0,0.055556,0,0,0,0,0,0.22222,0,0,0,0,0,0,0,0,0.055556,0,0.055556,0,0,0,0.055556,0.11111
0.057143,0,0,0,0,0,0,0,0.028571,0,0.028571,0,0.085714,0.028571,0,0,0.085714,0,0.028571,0,0,0,0,0.028571,0,0.028571,0,0,0,0,0,0.028571,0,0.028571,0.028571,0,0,0,0,0,0,0,0,0,0.028571,0,0,0.057143,0,0.028571,0,0.028571,0.028571,0,0.057143,0,0,0,0,0.085714,0.085714,0,0.085714,0.028571
0,0,0,0,0,0,0.04,0,0.08,0.04,0,0.04,0,0,0,0,0.04,0,0,0.04,0.04,0.04,0.04,0.04,0.04,0,0,0,0.04,0.04,0.08,0.08,0,0,0,0,0,0,0.04,0.04,0,0,0.04,0,0,0,0,0,0,0,0,0.04,0,0,0,0,0.04,0,0,0,0,0,0.08,0
0,0.071429,0,0,0.071429,0,0.071429,0.071429,0,0,0,0,0.14286,0,0,0.071429,0,0.071429,0,0,0,0,0,0,0,0,0,0,0,0.071429,0,0,0.14286,0,0,0,0,0,0,0,0,0,0,0,0,0,0,0,0.14286,0,0,0,0,0,0,0,0,0,0,0,0.071429,0,0,0
0.0625,0.0625,0.0625,0,0,0.0625,0,0,0,0,0,0,0.0625,0,0,0,0.0625,0,0,0,0,0,0,0,0.0625,0,0,0,0.0625,0,0,0,0,0,0.0625,0,0,0,0,0.0625,0,0,0.0625,0,0,0.0625,0.0625,0,0,0,0,0.0625,0,0,0,0,0,0,0,0.0625,0,0.0625,0,0
0.066667,0,0.2,0,0.066667,0,0,0.066667,0,0,0,0,0,0,0,0,0,0,0,0,0.066667,0,0,0,0,0,0,0.066667,0,0,0,0,0,0,0,0,0,0,0,0,0,0.066667,0.13333,0,0.066667,0,0,0,0.066667,0,0,0,0,0,0,0,0,0.066667,0,0.066667,0,0,0,0
0,0.032787,0.016393,0.016393,0.016393,0.032787,0.016393,0,0.016393,0.016393,0,0.016393,0.016393,0,0,0,0.04918,0,0.032787,0.016393,0.065574,0.04918,0.032787,0,0.032787,0,0,0,0.016393,0.032787,0.032787,0,0.016393,0,0,0,0.016393,0,0,0.016393,0,0.032787,0.032787,0.016393,0.016393,0,0,0,0.016393,0.032787,0.016393,0.081967,0,0,0,0,0,0.016393,0,0.04918,0.032787,0.016393,0,0.032787
0.23077,0,0,0,0.076923,0,0,0,0,0,0,0,0,0,0,0,0.15385,0,0,0,0,0,0,0,0,0,0,0,0,0,0.076923,0.076923,0,0,0,0,0.076923,0,0,0,0,0,0,0,0,0,0,0,0.15385,0,0,0,0,0,0,0,0,0,0,0,0.076923,0,0,0.076923
0.18182,0,0,0,0,0,0.090909,0,0,0,0.090909,0,0,0,0,0,0.36364,0,0.090909,0,0,0,0,0,0,0,0,0,0,0,0,0,0,0,0,0,0,0,0,0,0,0,0,0,0,0,0,0,0.090909,0,0,0,0,0,0,0,0,0,0.090909,0,0,0,0,0
0,0,0,0.10526,0,0,0,0,0.052632,0,0,0,0,0,0,0.052632,0,0,0.052632,0,0,0,0,0,0,0,0.052632,0,0.052632,0,0.052632,0,0,0.052632,0,0,0.052632,0,0,0,0.052632,0,0.10526,0,0,0,0,0,0.052632,0,0,0,0,0.052632,0,0.052632,0,0,0,0.052632,0,0.10526,0,0
0.086957,0,0,0.043478,0,0,0,0,0.043478,0.043478,0,0,0.043478,0.043478,0.043478,0.043478,0.043478,0,0,0,0.043478,0,0,0,0.043478,0,0,0,0,0.043478,0,0,0,0,0,0,0.043478,0,0,0,0,0,0,0,0.043478,0.043478,0,0,0.086957,0,0.043478,0,0.043478,0,0,0,0.043478,0,0,0,0.043478,0,0.043478,0
0,0,0.027027,0,0,0,0,0,0,0,0,0,0.027027,0.027027,0,0.054054,0,0,0.054054,0,0,0,0,0.027027,0,0.027027,0,0.027027,0,0.027027,0,0,0,0,0,0,0.027027,0.027027,0.054054,0.027027,0,0,0,0.027027,0.027027,0,0.054054,0.081081,0.027027,0,0,0.081081,0.027027,0,0,0.054054,0.027027,0.027027,0.027027,0.027027,0.054054,0.027027,0,0
0.071429,0,0,0,0,0.071429,0,0,0,0,0,0,0,0,0,0,0.071429,0.14286,0,0,0,0,0,0.071429,0,0,0,0,0,0.071429,0,0,0,0,0,0,0.071429,0,0,0,0,0,0,0,0,0,0,0,0,0.071429,0,0,0,0.14286,0,0.071429,0,0,0,0,0,0,0.14286,0
0.058824,0,0,0.058824,0.058824,0.058824,0,0,0,0.058824,0,0,0,0,0,0.058824,0,0.058824,0,0,0,0.058824,0,0,0.058824,0,0,0,0,0,0,0,0.058824,0,0.058824,0,0.058824,0,0.058824,0,0.058824,0.058824,0,0,0,0,0,0,0.058824,0,0,0,0,0,0,0,0,0,0,0,0.058824,0,0,0
0.027027,0.027027,0,0,0.16216,0,0.027027,0,0,0,0.027027,0.027027,0.027027,0.027027,0.027027,0,0.081081,0.027027,0.054054,0.054054,0.027027,0,0.054054,0,0,0,0,0,0,0.027027,0,0,0,0,0,0.027027,0.081081,0,0,0.027027,0,0,0,0,0.027027,0,0,0,0,0.027027,0.054054,0,0,0,0,0,0,0.027027,0,0,0,0.027027,0,0
0.13333,0,0,0,0,0,0,0,0.13333,0,0,0,0,0,0,0,0.066667,0,0,0,0.066667,0,0,0,0.066667,0,0,0,0,0,0,0,0,0,0.066667,0,0,0,0,0,0,0,0,0,0.066667,0,0,0,0.066667,0.066667,0,0.066667,0,0,0,0,0,0,0,0,0.066667,0.066667,0,0.066667
0.029412,0.058824,0,0.11765,0.029412,0.029412,0,0.029412,0,0.029412,0.029412,0,0.058824,0,0,0.058824,0.029412,0.029412,0,0.029412,0,0.029412,0,0.029412,0,0,0,0,0,0,0,0.029412,0.029412,0.029412,0,0,0.058824,0,0,0.029412,0,0,0.029412,0,0,0.029412,0,0,0.029412,0,0.029412,0,0,0,0,0,0.029412,0,0.029412,0,0.029412,0,0,0
0.043478,0,0,0,0,0,0,0.043478,0,0,0,0,0,0,0,0,0,0,0.043478,0,0.043478,0,0.043478,0.043478,0,0,0.043478,0.043478,0,0.086957,0,0.043478,0,0,0,0,0,0.043478,0,0.043478,0,0.043478,0,0,0,0,0.043478,0.043478,0,0,0,0,0,0.043478,0.043478,0,0,0.043478,0.043478,0,0,0.043478,0,0.086957
0,0.076923,0,0,0,0,0,0,0,0,0,0,0,0.076923,0,0,0.076923,0.076923,0,0,0.076923,0.076923,0.076923,0,0,0,0,0.076923,0,0,0,0,0,0,0,0.076923,0,0,0,0.076923,0,0,0,0,0,0,0,0,0,0,0,0,0.076923,0,0,0,0,0,0,0,0,0.076923,0.076923,0
0,0.090909,0.090909,0,0,0,0,0.090909,0,0,0,0,0.090909,0,0,0,0,0,0,0,0,0,0,0,0.090909,0,0,0,0,0.090909,0,0,0,0,0,0,0,0,0.090909,0,0,0,0,0,0,0,0,0.18182,0,0,0,0,0,0,0,0,0.090909,0,0,0,0.090909,0,0,0
0,0.029412,0,0.088235,0,0,0,0,0.058824,0,0.029412,0.029412,0,0.058824,0.058824,0,0,0.029412,0.058824,0,0.029412,0,0.029412,0,0,0,0.058824,0,0,0,0,0,0,0,0.029412,0,0,0.029412,0.11765,0.058824,0.029412,0.058824,0.029412,0,0,0,0,0,0,0,0,0.029412,0,0,0,0,0.029412,0,0,0.029412,0,0,0,0
0.0625,0.0625,0,0,0.03125,0,0,0,0,0,0,0,0,0.03125,0,0.03125,0.03125,0,0,0,0,0,0,0,0,0.03125,0.125,0,0,0.03125,0,0,0.03125,0,0.03125,0,0,0,0.03125,0,0,0.03125,0,0,0,0,0.03125,0.03125,0.125,0.03125,0,0,0,0.03125,0.03125,0,0.0625,0,0.03125,0,0,0.03125,0,0.03125
0.038462,0,0.038462,0,0.038462,0.038462,0,0,0.038462,0.038462,0.038462,0.038462,0,0,0,0,0.076923,0,0,0,0,0,0.038462,0,0,0,0,0,0.038462,0,0,0,0.038462,0,0,0,0,0,0.038462,0,0,0,0,0.038462,0,0,0,0,0,0,0,0,0.038462,0,0.076923,0.038462,0,0,0.038462,0.038462,0.038462,0,0.076923,0.076923
0.11111,0,0,0,0,0.055556,0,0,0,0,0,0,0,0,0.055556,0,0,0.055556,0,0,0,0.11111,0,0,0,0,0,0,0,0.11111,0.055556,0.055556,0,0,0,0,0,0,0,0,0,0,0.055556,0.055556,0,0,0,0,0,0,0,0,0,0.055556,0,0.055556,0,0.055556,0,0,0,0.055556,0,0.055556
0,0,0.125,0,0,0,0,0,0.03125,0.03125,0.0625,0,0,0.03125,0,0,0.0625,0.03125,0.125,0.03125,0.0625,0,0.0625,0.03125,0,0,0,0.0625,0,0,0,0,0,0,0,0,0,0.03125,0,0,0,0.03125,0,0,0,0,0,0,0,0,0,0,0,0,0,0,0.03125,0,0,0.03125,0,0.0625,0,0.0625
0.066667,0.066667,0,0.033333,0.033333,0,0,0,0,0.033333,0,0,0,0,0,0.1,0.033333,0.033333,0,0,0.033333,0,0,0,0.066667,0.066667,0.033333,0.033333,0.033333,0,0,0.033333,0.066667,0,0.033333,0,0,0,0,0,0,0,0.033333,0,0,0,0,0.033333,0,0.033333,0,0.033333,0,0,0.033333,0,0,0,0,0,0.033333,0,0,0
0.066667,0.066667,0,0.066667,0,0,0,0,0,0.066667,0,0,0,0,0,0,0,0,0,0,0,0,0,0,0.066667,0.13333,0,0,0,0,0,0,0,0,0,0,0.066667,0,0.066667,0,0,0,0,0,0,0,0,0,0,0.066667,0,0,0.066667,0,0.066667,0,0,0.13333,0,0.066667,0,0,0,0
0,0,0,0.090909,0,0,0,0,0,0,0,0,0,0,0,0.090909,0,0,0,0.090909,0,0,0,0,0,0.090909,0,0,0,0,0,0,0,0,0,0,0,0,0.18182,0,0,0,0,0,0,0,0,0.090909,0.090909,0,0,0,0,0,0,0,0,0,0,0,0.090909,0,0.090909,0.090909
0,0,0,0,0,0,0.058824,0,0,0,0,0.058824,0,0,0,0,0,0,0.058824,0,0,0,0,0.058824,0,0,0,0,0,0,0.058824,0.17647,0,0,0,0,0,0,0,0,0,0,0,0,0,0,0,0.058824,0.058824,0.058824,0,0,0,0,0,0,0,0,0.058824,0,0.11765,0.058824,0.058824,0.058824
0,0,0,0.066667,0.066667,0,0,0,0,0,0,0,0,0,0,0,0,0,0,0,0,0,0,0,0,0,0,0,0,0,0,0,0,0,0,0,0.26667,0,0,0,0,0,0,0,0.13333,0,0.066667,0,0,0,0,0,0,0.4,0,0,0,0,0,0,0,0,0,0
0.041667,0.041667,0,0.041667,0.041667,0,0,0,0,0.041667,0,0.041667,0.083333,0.041667,0,0,0,0,0.083333,0.041667,0,0,0,0,0,0,0,0,0,0,0,0.041667,0,0,0,0.041667,0,0,0,0.041667,0,0,0,0.041667,0,0.041667,0,0,0.083333,0,0,0.083333,0,0,0,0,0.041667,0,0,0,0,0.041667,0,0.041667
0.22222,0.037037,0,0.037037,0.037037,0.037037,0,0.037037,0.037037,0,0,0,0,0,0.037037,0,0.037037,0,0.037037,0,0,0,0,0,0,0,0,0,0,0,0.037037,0,0.037037,0,0.037037,0,0,0,0.037037,0,0,0.037037,0.037037,0,0,0,0,0,0.037037,0,0,0,0,0,0,0,0.037037,0.037037,0,0.074074,0.037037,0,0,0
0.35294,0,0,0,0.17647,0,0,0,0,0,0,0,0,0.058824,0,0,0,0,0,0,0,0,0,0,0,0,0,0,0.058824,0,0,0,0,0,0,0,0.058824,0,0,0,0,0,0,0,0,0,0,0,0,0.058824,0,0,0,0,0,0.058824,0,0,0,0,0.058824,0,0,0.11765
0.11765,0.058824,0,0,0,0.058824,0,0.058824,0,0,0,0,0.058824,0,0,0.058824,0.11765,0,0,0,0,0,0,0,0,0,0,0,0,0,0.058824,0,0,0.058824,0,0,0,0,0.058824,0,0,0,0,0,0,0,0,0.058824,0.058824,0.058824,0,0,0.058824,0,0,0.058824,0,0,0,0,0,0,0,0
0.066667,0,0,0,0.066667,0,0,0,0,0.066667,0,0.066667,0,0,0,0,0,0,0,0,0,0,0,0,0,0,0,0.066667,0.066667,0,0,0,0,0,0.066667,0,0,0.066667,0,0,0,0,0,0,0,0,0,0.066667,0.13333,0,0,0.066667,0,0,0,0.066667,0,0,0,0,0.13333,0,0,0
0,0,0,0,0,0,0,0,0.0625,0,0,0,0.0625,0.125,0,0.0625,0,0,0,0.125,0.0625,0,0,0,0,0,0,0.0625,0.0625,0,0,0,0,0,0,0.0625,0,0.0625,0,0,0,0.0625,0,0,0,0,0,0,0.125,0,0,0.0625,0,0,0,0,0,0,0,0,0,0,0,0
0.038462,0.019231,0.019231,0.038462,0.019231,0,0.019231,0.019231,0,0,0,0.019231,0.019231,0,0,0.057692,0.019231,0,0,0.019231,0.038462,0,0.038462,0,0,0.038462,0.019231,0.019231,0,0,0.019231,0,0,0,0,0,0.11538,0.019231,0.019231,0,0.019231,0.019231,0.019231,0,0,0,0.019231,0,0,0.038462,0.019231,0.019231,0.019231,0,0.019231,0.038462,0.019231,0.019231,0,0.038462,0.019231,0,0,0.038462
0,0,0,0.04,0,0,0.04,0,0,0,0,0,0.08,0,0,0.04,0,0.04,0,0.04,0,0.04,0,0,0,0,0,0,0,0.04,0,0,0,0,0,0,0.04,0.04,0,0,0.04,0,0,0,0.04,0,0,0,0.04,0.04,0.04,0.04,0,0,0,0.08,0,0,0,0,0.04,0.04,0,0.16
0.044118,0.029412,0,0.014706,0.014706,0.029412,0,0.014706,0.029412,0.029412,0.014706,0.044118,0.014706,0.014706,0.014706,0.014706,0.014706,0.029412,0.014706,0,0,0.014706,0.014706,0.014706,0.029412,0,0,0,0,0.014706,0,0.014706,0.073529,0,0.044118,0,0.044118,0.044118,0.029412,0,0,0.044118,0.014706,0.014706,0,0,0,0.014706,0.014706,0,0.014706,0.029412,0.014706,0.029412,0.014706,0,0.029412,0,0,0,0,0.014706,0.014706,0.014706
0.030769,0,0,0.046154,0.030769,0.030769,0,0.015385,0.030769,0.030769,0.015385,0.015385,0.015385,0.030769,0,0.030769,0.015385,0.061538,0.030769,0.015385,0.030769,0.030769,0.015385,0.015385,0.030769,0.015385,0,0.015385,0,0.030769,0.030769,0.015385,0.015385,0,0,0,0.030769,0.015385,0.015385,0,0,0,0.015385,0,0.015385,0,0.015385,0,0.015385,0,0.015385,0,0,0.030769,0,0,0,0.015385,0,0,0.030769,0.030769,0.030769,0.030769
0.0625,0,0,0,0,0,0,0,0,0.0625,0,0,0,0,0,0.0625,0,0,0.0625,0.0625,0,0,0,0,0.0625,0,0,0,0,0,0.125,0.0625,0,0,0,0,0,0,0,0,0,0,0,0,0,0,0,0,0.125,0,0,0.0625,0,0,0,0,0,0.0625,0,0,0,0,0.1875,0
0.1,0.2,0,0,0,0,0,0,0.1,0.1,0,0,0,0.1,0,0,0,0,0,0,0,0,0,0,0,0,0,0,0,0,0,0,0,0,0,0,0,0,0.1,0,0,0,0,0,0,0,0,0.1,0.1,0,0,0,0,0,0,0,0,0,0,0,0,0,0.1,0
0,0,0,0.032258,0,0,0,0.032258,0,0,0,0,0,0,0.032258,0.032258,0,0.032258,0,0,0.032258,0,0,0,0,0,0.032258,0.032258,0,0,0.032258,0,0,0.064516,0,0,0,0,0.064516,0,0,0.032258,0.032258,0,0,0,0.032258,0.096774,0.032258,0.032258,0,0,0.032258,0.032258,0,0,0,0.064516,0,0.032258,0.032258,0,0.064516,0.064516
0.071429,0,0,0,0.21429,0,0,0,0,0,0,0,0,0,0,0,0,0,0,0,0,0,0,0,0.071429,0,0,0,0,0,0,0,0,0,0,0,0.14286,0,0.28571,0,0,0,0,0,0,0,0,0,0,0,0,0,0.14286,0,0,0,0,0.071429,0,0,0,0,0,0
0.05,0,0,0.025,0,0.05,0,0.025,0,0,0,0.025,0,0,0,0,0.025,0.025,0,0.025,0.025,0,0,0.025,0,0,0,0.025,0,0.025,0.025,0,0,0,0,0,0.05,0.025,0,0,0.025,0,0,0.025,0,0,0.025,0,0.05,0.025,0,0,0.075,0.025,0.025,0.025,0.025,0.025,0.075,0,0,0.05,0,0.075
0,0,0,0.0625,0,0,0,0,0,0.0625,0,0.0625,0,0.0625,0,0,0.0625,0,0.0625,0,0,0,0,0,0,0.0625,0,0,0.0625,0,0,0,0,0,0,0,0,0,0,0,0,0,0,0.0625,0.0625,0,0.0625,0,0.0625,0,0,0,0.0625,0,0,0,0,0,0.0625,0.0625,0,0.0625,0,0
0,0.043478,0,0,0.043478,0,0,0,0,0,0.086957,0.043478,0,0,0,0,0,0,0.043478,0,0,0,0,0,0,0.043478,0,0,0,0.043478,0,0,0,0,0.043478,0,0.043478,0.043478,0.086957,0,0.086957,0.086957,0.043478,0,0,0.043478,0,0,0.043478,0,0,0,0,0,0,0,0,0,0.086957,0,0,0,0,0.043478
0,0.15385,0.15385,0,0,0.076923,0,0,0,0,0,0,0,0.15385,0,0,0,0,0,0,0.076923,0,0,0,0,0,0,0,0,0,0.076923,0,0,0,0,0,0,0,0.076923,0,0,0,0,0,0,0.076923,0,0,0,0,0,0,0,0,0.076923,0,0.076923,0,0,0,0,0,0,0
0,0,0.017544,0.017544,0.035088,0.017544,0.017544,0,0,0.017544,0,0.017544,0.017544,0,0.017544,0.017544,0.017544,0.035088,0.017544,0.017544,0.070175,0.017544,0,0,0.017544,0.017544,0,0.017544,0,0,0.052632,0,0.052632,0,0,0,0,0.017544,0,0.017544,0.035088,0,0.017544,0,0,0.052632,0,0.035088,0.017544,0.017544,0,0.035088,0,0,0.035088,0.017544,0.017544,0.035088,0,0,0.017544,0.017544,0.017544,0.070175
0.066667,0.016667,0,0,0.016667,0,0.016667,0.016667,0,0,0,0,0.016667,0.033333,0.016667,0.016667,0.05,0.033333,0.033333,0,0.066667,0,0.016667,0.033333,0,0.033333,0.016667,0.016667,0.016667,0.016667,0,0,0.016667,0,0,0,0.066667,0.066667,0,0.016667,0,0.016667,0,0,0,0,0.033333,0,0,0,0.016667,0.016667,0.05,0.016667,0,0,0,0.016667,0,0.016667,0.016667,0.016667,0.05,0.016667
0.071429,0,0.071429,0.071429,0,0.14286,0,0,0,0,0,0,0,0,0,0.071429,0,0,0,0,0.071429,0,0,0,0,0,0,0,0,0,0,0,0,0,0,0,0,0,0,0,0,0,0,0,0,0.071429,0,0,0,0,0.071429,0.071429,0.071429,0,0,0,0,0.071429,0,0,0,0,0,0.14286
0.081633,0.081633,0,0,0.020408,0,0.061224,0,0,0,0.020408,0,0,0,0,0.020408,0.040816,0.020408,0.020408,0,0,0.020408,0.040816,0,0.020408,0.040816,0.020408,0,0,0,0.040816,0,0.020408,0,0,0,0,0,0.020408,0,0.040816,0.040816,0,0,0,0.020408,0.020408,0,0,0.020408,0,0.020408,0,0.020408,0.040816,0,0,0.081633,0.020408,0.020408,0,0,0,0.061224
0.025641,0.025641,0.076923,0,0,0,0,0,0,0,0,0,0,0.051282,0.025641,0.051282,0.025641,0.025641,0,0,0.025641,0,0,0,0,0,0,0,0,0.051282,0.025641,0,0.051282,0,0,0,0,0,0.025641,0.025641,0.025641,0.051282,0,0,0.025641,0,0,0.025641,0,0,0.051282,0,0.076923,0.051282,0,0,0,0.051282,0.025641,0,0,0.025641,0.051282,0.025641
0.058824,0,0.11765,0.058824,0,0,0,0,0,0,0,0,0.23529,0,0,0,0,0,0,0,0,0,0,0,0,0,0,0,0,0,0,0,0,0,0,0,0,0,0,0.058824,0,0,0,0,0,0,0,0,0.058824,0,0,0.058824,0.17647,0,0,0,0.058824,0,0,0.058824,0,0,0.058824,0
0.04,0.08,0,0,0,0,0,0,0,0,0.04,0,0,0,0,0,0.04,0.08,0,0.04,0,0,0,0,0,0,0,0,0,0,0.04,0.04,0,0,0,0,0.04,0.04,0,0,0,0,0,0.08,0,0,0,0,0.04,0,0,0,0,0,0.12,0,0,0.04,0.04,0.04,0.04,0.04,0,0.08
0.18182,0,0.090909,0,0,0,0,0,0.090909,0,0,0.090909,0,0,0,0,0,0,0,0,0,0,0,0,0,0,0,0,0,0,0,0,0,0,0.090909,0,0,0.090909,0,0,0.090909,0.090909,0,0,0,0,0,0,0,0,0,0,0,0,0,0,0,0.090909,0,0,0.090909,0,0,0
0.04,0.04,0,0,0.04,0,0,0,0,0,0,0.04,0,0.04,0,0,0.04,0,0.04,0,0.04,0.04,0,0.04,0,0,0,0,0,0,0.04,0,0.04,0,0,0,0,0,0,0,0,0,0,0.08,0,0.04,0.12,0,0,0,0,0,0,0.08,0,0.04,0.08,0,0,0,0,0,0.04,0.04
0.047619,0,0,0.047619,0,0.047619,0,0,0,0,0.047619,0,0.095238,0,0,0,0,0,0,0,0,0,0.095238,0,0,0,0,0,0,0,0.047619,0.047619,0,0,0,0,0,0.095238,0,0,0.047619,0.047619,0.047619,0,0.047619,0,0.047619,0,0,0,0.047619,0,0,0,0,0,0,0,0.047619,0.095238,0,0,0,0
0,0,0,0,0,0,0,0,0,0,0,0,0,0.13333,0,0,0,0,0,0,0.066667,0,0,0,0,0,0,0.066667,0,0,0.066667,0,0,0,0,0,0.066667,0,0,0,0.13333,0,0,0,0,0.2,0,0,0.066667,0,0,0,0,0,0,0,0.066667,0,0.066667,0,0,0,0.066667,0
0,0,0,0.043478,0.043478,0,0.043478,0,0,0,0,0,0,0.043478,0.043478,0.086957,0.043478,0,0.043478,0,0,0.086957,0.043478,0.043478,0,0,0,0,0,0,0,0.043478,0,0,0,0,0,0,0,0,0,0.043478,0.043478,0,0,0,0,0,0,0,0.086957,0.043478,0,0,0,0,0,0,0,0.043478,0.043478,0,0.086957,0
0,0,0,0,0,0.052632,0,0,0,0.052632,0.052632,0.052632,0,0,0.052632,0,0.052632,0,0.052632,0,0,0,0.052632,0,0,0,0,0,0,0.052632,0,0,0,0,0,0,0,0.10526,0,0,0,0,0,0.052632,0.052632,0,0,0.052632,0,0,0.052632,0,0,0,0,0,0,0.052632,0.052632,0,0,0.052632,0.052632,0
0.076923,0.038462,0.076923,0,0,0,0,0,0.038462,0,0,0.038462,0,0.038462,0,0.038462,0,0.11538,0,0,0.038462,0.076923,0,0,0,0,0,0,0,0,0,0,0,0,0,0,0.038462,0,0,0.038462,0.038462,0,0.076923,0,0,0,0,0,0.038462,0,0,0.038462,0,0,0.038462,0,0,0.038462,0,0.076923,0,0,0,0
0.068966,0.034483,0.034483,0.034483,0.068966,0.068966,0,0,0,0.034483,0,0,0.034483,0.10345,0.034483,0,0,0.034483,0,0,0,0,0,0,0.068966,0.034483,0,0,0,0,0,0.034483,0,0,0,0,0.068966,0.034483,0.034483,0,0,0,0,0,0,0,0.034483,0,0,0,0,0,0,0,0.034483,0,0.034483,0,0,0.034483,0.034483,0,0,0
0.060606,0,0,0.030303,0.12121,0.030303,0,0,0.060606,0,0,0,0.030303,0,0,0,0,0,0.090909,0,0.030303,0.030303,0,0,0.030303,0,0.030303,0,0,0,0.090909,0,0.030303,0,0.030303,0,0.030303,0.030303,0,0,0,0,0,0,0,0,0,0.030303,0.060606,0,0,0,0,0.030303,0,0,0.030303,0,0,0,0.030303,0,0.060606,0
0,0,0.083333,0,0.125,0.041667,0,0,0,0.041667,0.083333,0,0.041667,0.041667,0,0,0.041667,0.041667,0,0,0,0.041667,0,0,0,0,0,0,0,0.041667,0.041667,0,0,0.041667,0,0,0,0,0.041667,0,0,0,0,0,0.041667,0,0,0,0,0,0,0,0,0,0,0.041667,0,0,0,0.041667,0,0.041667,0.041667,0.041667
0,0,0,0.11765,0,0,0,0,0.058824,0,0,0.058824,0.058824,0,0,0,0,0.058824,0,0,0,0,0,0,0.058824,0,0,0,0,0,0,0.058824,0.11765,0,0,0,0,0,0,0,0,0.058824,0,0,0,0,0,0,0.058824,0.058824,0,0.058824,0,0,0.058824,0,0,0.058824,0,0,0.058824,0,0,0
0.076923,0,0,0,0,0,0,0,0,0,0,0,0.076923,0,0,0.076923,0,0,0,0.076923,0,0,0.076923,0,0.15385,0,0,0,0,0,0,0,0.076923,0,0,0,0,0,0,0,0.076923,0,0,0,0,0,0,0,0.076923,0.076923,0,0,0,0,0,0,0,0,0,0.076923,0.076923,0,0,0
0.13043,0,0,0,0,0,0.043478,0.043478,0,0,0,0.043478,0.043478,0.043478,0,0.043478,0,0.043478,0,0.043478,0,0,0,0,0.086957,0,0.043478,0,0,0,0,0,0.043478,0.043478,0.043478,0.043478,0,0,0,0,0.043478,0.043478,0,0,0.043478,0,0,0,0,0,0,0,0,0,0,0,0,0,0,0.043478,0.043478,0,0,0
0,0,0.05,0,0,0,0,0.05,0,0,0,0.05,0.05,0,0,0.05,0.1,0.05,0,0,0,0,0,0,0,0.05,0.05,0.05,0,0,0.05,0,0,0,0,0,0,0,0,0,0,0,0,0,0,0,0.05,0.1,0.05,0,0,0.05,0,0,0,0,0,0.05,0,0,0,0,0.1,0
0,0.064516,0,0.032258,0,0,0.032258,0.032258,0,0.064516,0,0.032258,0.032258,0,0,0.096774,0.032258,0,0,0.032258,0.064516,0.032258,0.032258,0,0,0,0,0,0,0,0,0.032258,0.064516,0,0,0,0,0,0,0,0,0,0,0,0,0,0,0,0.032258,0,0,0,0.032258,0,0,0.032258,0.032258,0.032258,0,0.032258,0.032258,0.032258,0.064516,0
0.11111,0,0,0.11111,0,0,0,0,0,0,0,0,0.055556,0.055556,0.055556,0.055556,0,0.11111,0.055556,0,0,0,0,0,0,0,0,0,0,0,0,0,0,0,0,0,0.055556,0,0,0,0,0,0,0,0,0,0,0,0.055556,0,0.11111,0,0,0,0,0.055556,0,0,0,0,0,0.11111,0,0
0,0,0,0,0,0,0.033333,0,0,0,0,0.033333,0.066667,0,0.033333,0.066667,0.033333,0,0.033333,0,0.066667,0,0.033333,0.033333,0,0,0,0.033333,0,0,0,0,0.033333,0,0,0,0,0,0,0.033333,0,0.033333,0,0,0.066667,0.033333,0.033333,0,0,0,0,0.066667,0.066667,0,0,0.033333,0,0.066667,0,0.033333,0.033333,0,0,0
0,0,0,0,0,0,0.055556,0,0.055556,0,0,0.055556,0,0,0,0,0.055556,0.055556,0,0.055556,0,0.055556,0,0,0,0.055556,0.055556,0,0,0.055556,0.055556,0,0,0,0,0,0,0,0.055556,0,0,0,0.055556,0,0,0.055556,0.055556,0,0,0,0,0,0,0,0.055556,0,0,0.11111,0,0,0,0,0,0
0,0,0,0,0,0,0.055556,0,0,0,0,0,0,0,0,0,0.055556,0.055556,0,0,0.055556,0,0,0,0,0,0,0,0,0.11111,0.16667,0,0,0,0,0,0.055556,0,0,0.055556,0,0,0,0,0,0.055556,0,0,0,0,0,0,0.11111,0.055556,0.055556,0,0,0,0,0,0,0,0.055556,0.055556
0,0,0,0,0,0,0,0,0,0.064516,0,0.032258,0,0.032258,0.032258,0.032258,0,0.032258,0.032258,0.064516,0,0.032258,0,0,0.032258,0,0,0,0,0.064516,0,0,0,0,0.032258,0,0,0,0.064516,0.032258,0.032258,0,0.032258,0,0.032258,0,0,0.032258,0.064516,0,0,0,0,0.032258,0,0.032258,0,0,0.032258,0,0,0,0.064516,0.064516
0.1,0.033333,0.033333,0,0,0,0.033333,0.033333,0,0,0,0,0.033333,0.066667,0.033333,0,0.033333,0,0,0,0,0.033333,0,0.033333,0,0.033333,0,0,0,0,0,0,0,0,0,0,0,0,0,0,0,0.033333,0.033333,0,0.033333,0,0.066667,0,0.033333,0,0,0.033333,0.066667,0,0.033333,0,0.066667,0.066667,0,0.033333,0,0,0,0
0.078947,0,0,0.052632,0.026316,0,0,0,0,0.052632,0,0.026316,0.026316,0,0.026316,0.026316,0.078947,0,0,0.078947,0,0,0,0,0.026316,0.026316,0,0,0.026316,0,0,0,0,0,0,0,0,0.026316,0.026316,0,0,0.026316,0,0,0.026316,0.078947,0.052632,0.026316,0.026316,0,0,0,0,0,0.026316,0,0.026316,0,0,0,0.026316,0.026316,0.026316,0.026316
0.038462,0,0,0.038462,0.038462,0,0,0.038462,0,0,0,0,0,0.076923,0,0.076923,0.11538,0,0,0,0,0.038462,0,0,0,0,0,0.038462,0,0,0,0.038462,0,0,0,0,0.076923,0,0.038462,0,0,0,0,0,0,0,0,0.038462,0.038462,0,0,0.038462,0.038462,0,0,0,0.076923,0,0,0,0.038462,0,0.038462,0.038462
0,0,0,0,0,0,0,0,0,0.038462,0.038462,0.038462,0,0.038462,0.038462,0,0.076923,0,0,0,0,0,0,0,0,0,0.038462,0,0.038462,0,0.038462,0.076923,0,0.038462,0,0,0.038462,0.076923,0,0,0,0,0,0,0.038462,0,0.11538,0,0,0.038462,0,0,0.038462,0,0,0,0,0,0.038462,0.038462,0,0.076923,0,0
0,0.030303,0.030303,0,0.030303,0,0,0.060606,0,0.030303,0.030303,0,0.030303,0.060606,0,0,0.030303,0.060606,0,0,0,0,0,0.060606,0,0,0,0,0,0,0,0,0,0,0.030303,0,0,0.030303,0.090909,0,0.030303,0,0,0,0,0.060606,0,0.030303,0.030303,0,0.030303,0,0.060606,0.030303,0.030303,0,0,0.030303,0.060606,0,0,0,0,0
0.27273,0.090909,0,0,0.090909,0,0,0,0,0,0,0,0,0,0.090909,0,0,0,0,0,0,0,0,0,0,0,0,0,0.090909,0,0.090909,0,0,0,0,0,0,0,0,0,0,0,0,0,0,0,0,0,0,0,0,0,0.090909,0,0.090909,0,0,0,0,0.090909,0,0,0,0
0.058824,0,0.014706,0.029412,0.029412,0,0.014706,0,0,0.014706,0.014706,0,0.029412,0,0,0.044118,0,0.029412,0.014706,0.014706,0.014706,0.014706,0,0.014706,0.014706,0.014706,0.014706,0.014706,0,0.044118,0.044118,0.014706,0.029412,0,0,0,0,0.014706,0.029412,0.014706,0.014706,0.029412,0,0,0.014706,0.014706,0,0.014706,0.014706,0,0.014706,0.029412,0,0,0,0.058824,0,0.044118,0.014706,0.014706,0,0.029412,0.029412,0.058824
0.084746,0.033898,0.033898,0.016949,0.016949,0,0,0,0.050847,0.016949,0.016949,0,0.016949,0,0.016949,0,0.050847,0.033898,0,0,0.016949,0.016949,0,0,0.050847,0.016949,0,0.016949,0.016949,0.016949,0,0.016949,0,0,0,0,0.033898,0.033898,0.067797,0,0.016949,0,0.016949,0,0.016949,0,0,0.016949,0,0,0,0,0.033898,0,0.033898,0,0,0.050847,0.016949,0.050847,0,0.016949,0,0.033898
0.047619,0,0,0,0.047619,0,0.02381,0.02381,0,0,0,0,0.02381,0.02381,0.02381,0,0.02381,0.047619,0.02381,0,0,0.02381,0.02381,0,0.02381,0.071429,0,0,0,0,0,0.047619,0,0,0.047619,0.047619,0.047619,0.02381,0,0,0,0,0,0,0,0.02381,0,0,0,0,0,0,0.02381,0.047619,0,0.047619,0,0,0,0.047619,0.047619,0.047619,0.047619,0
0,0,0,0,0,0,0,0.058824,0,0.058824,0,0,0.058824,0.058824,0.058824,0,0,0,0,0,0.058824,0,0,0,0,0.058824,0,0.11765,0,0,0,0,0,0,0,0.058824,0,0,0.058824,0.058824,0,0.058824,0.058824,0,0,0,0,0,0,0,0,0.058824,0,0,0,0,0.058824,0,0.058824,0,0,0,0,0
0,0.1,0.033333,0,0.066667,0,0.033333,0,0,0,0,0.033333,0,0,0,0.033333,0.066667,0,0,0,0.033333,0.033333,0,0,0,0.066667,0,0,0,0,0,0,0,0,0,0.066667,0,0.033333,0.033333,0,0.033333,0.066667,0,0,0,0,0.033333,0,0,0.033333,0,0,0.033333,0.033333,0.033333,0,0,0.066667,0,0,0.033333,0,0,0
0,0.027778,0,0,0.027778,0,0.027778,0.055556,0,0,0,0.027778,0,0,0,0.027778,0.055556,0.027778,0.055556,0.027778,0,0,0,0,0,0.027778,0,0,0,0,0,0.027778,0.027778,0,0,0,0,0.083333,0.027778,0.055556,0.027778,0,0.027778,0,0,0.027778,0.027778,0.027778,0,0,0,0,0,0.055556,0,0,0,0.027778,0,0.027778,0,0.083333,0.055556,0
0.0625,0,0.125,0,0.0625,0,0,0.0625,0,0.0625,0,0,0,0,0,0,0.125,0.0625,0,0,0,0,0,0,0,0,0,0,0,0.0625,0,0,0,0,0,0,0,0.0625,0,0,0,0,0,0.0625,0,0,0,0,0,0,0,0,0,0.0625,0,0,0.0625,0,0.0625,0,0,0,0.0625,0
0.04,0,0,0.04,0.08,0.04,0,0,0,0,0,0,0,0.04,0,0,0.04,0.04,0,0,0.04,0,0.12,0,0,0,0.08,0,0.04,0,0,0,0,0,0,0,0.04,0,0,0,0.04,0,0,0,0,0,0,0,0,0,0.16,0.08,0,0,0,0,0,0,0.04,0,0,0,0,0.04
0,0,0,0,0,0.090909,0,0,0,0,0,0,0.090909,0,0,0,0,0,0.090909,0,0.090909,0,0,0,0,0,0,0.090909,0.090909,0,0.090909,0,0,0,0,0,0,0,0,0,0,0,0,0,0,0.090909,0,0,0,0,0,0,0.090909,0,0,0.090909,0,0.090909,0,0,0,0,0,0
0,0,0,0,0.086957,0,0.086957,0.043478,0.043478,0,0,0,0.13043,0,0,0,0,0.043478,0.043478,0.043478,0,0,0,0,0.043478,0.043478,0,0,0,0.043478,0,0,0,0,0.043478,0.13043,0,0,0.043478,0,0,0,0.043478,0,0,0,0,0,0,0,0,0,0,0.043478,0,0,0,0,0,0,0,0,0.043478,0
0,0.0625,0,0.0625,0,0,0,0,0,0,0,0,0.0625,0,0,0.125,0.0625,0,0,0,0.0625,0,0,0,0,0,0.0625,0,0,0,0,0,0,0,0,0,0,0,0,0,0,0,0,0,0,0,0,0.0625,0.1875,0,0,0.0625,0,0,0,0.0625,0,0.125,0,0,0,0,0,0
0,0.03125,0,0.0625,0,0,0,0,0,0,0,0,0.0625,0,0.03125,0.0625,0.03125,0.09375,0,0,0,0,0,0,0,0,0,0.03125,0,0.03125,0,0.0625,0,0,0,0,0,0,0,0,0,0,0,0.03125,0.03125,0,0.03125,0,0.0625,0.03125,0,0.0625,0,0.03125,0,0,0,0,0,0,0.0625,0.03125,0.03125,0.09375
0.11111,0.11111,0,0,0.11111,0.055556,0,0.055556,0,0,0,0,0.055556,0.055556,0,0.055556,0,0,0,0,0,0.055556,0,0,0,0,0,0,0,0,0,0,0,0,0,0,0.055556,0,0,0,0,0,0,0,0,0,0,0,0,0,0,0.11111,0,0,0.055556,0,0,0,0,0,0.055556,0,0,0.055556
0,0.018868,0.018868,0,0.037736,0.056604,0.037736,0,0,0,0,0.037736,0,0,0,0,0,0.018868,0,0.018868,0.018868,0.018868,0,0,0.018868,0.018868,0,0,0,0,0.018868,0,0,0.018868,0.018868,0,0.018868,0.037736,0,0.018868,0.037736,0,0,0.037736,0,0.018868,0,0.056604,0.037736,0,0.037736,0.018868,0.018868,0.018868,0,0.018868,0,0.037736,0,0.018868,0.018868,0.018868,0,0.15094
0,0,0,0,0,0,0,0.1,0,0,0,0,0,0.1,0,0,0,0,0,0,0,0,0,0.1,0,0,0,0.1,0,0,0,0,0,0.1,0,0,0,0,0,0,0,0.2,0,0,0,0,0,0.1,0,0,0,0,0,0,0,0,0,0.1,0,0,0,0,0.1,0
0,0.055556,0.027778,0,0.027778,0,0.027778,0.055556,0.055556,0.027778,0.027778,0,0,0,0,0,0.055556,0,0.083333,0,0.083333,0,0,0,0.027778,0,0.027778,0,0.027778,0,0,0,0,0,0.083333,0,0.027778,0,0.055556,0.027778,0,0,0.027778,0,0,0,0.083333,0,0,0,0,0,0,0.027778,0,0,0,0,0,0,0.027778,0.027778,0,0
0,0.055556,0,0,0,0,0.11111,0.055556,0,0,0,0,0,0,0,0.055556,0,0.055556,0,0.055556,0,0.055556,0.055556,0,0,0,0.055556,0.055556,0,0,0,0.11111,0,0,0,0.055556,0.055556,0,0,0,0,0.11111,0,0,0,0,0,0,0,0,0,0,0,0,0,0,0,0,0,0,0,0,0.055556,0
0,0.03125,0.0625,0,0.03125,0,0,0,0.0625,0.0625,0.03125,0,0,0,0,0.03125,0,0,0,0,0,0,0,0,0,0,0.03125,0.03125,0,0,0.0625,0,0,0.03125,0.03125,0,0,0,0.03125,0.03125,0.03125,0,0.03125,0,0,0.03125,0.03125,0.03125,0,0.03125,0.03125,0,0,0,0,0.03125,0,0.0625,0,0,0.0625,0.03125,0,0.03125
0.066667,0,0.066667,0,0,0,0.066667,0,0.066667,0,0.066667,0,0,0,0,0,0,0,0.066667,0,0,0,0,0,0.066667,0,0.13333,0.066667,0,0,0.066667,0,0,0,0,0,0,0.066667,0,0,0,0,0,0,0,0,0.066667,0,0,0,0.066667,0,0,0,0,0,0,0,0,0,0,0,0.066667,0
0.035714,0.071429,0,0.035714,0,0,0,0,0,0,0,0,0.035714,0,0,0,0.035714,0.035714,0.035714,0,0.035714,0,0.035714,0,0.035714,0.035714,0,0.035714,0,0.035714,0.035714,0,0,0,0.035714,0.035714,0,0,0,0,0,0.035714,0,0,0.035714,0,0.035714,0.035714,0,0.035714,0,0,0.035714,0,0,0,0,0,0,0,0,0.10714,0.035714,0.035714
0.042553,0,0,0.06383,0.021277,0.021277,0,0,0.021277,0,0,0.021277,0.085106,0.042553,0.021277,0.042553,0.06383,0,0.042553,0.021277,0.021277,0.042553,0,0,0,0,0,0,0.021277,0,0.021277,0.021277,0,0,0,0,0.021277,0,0.021277,0,0,0,0.021277,0,0.021277,0,0,0.021277,0.042553,0.042553,0,0.021277,0,0,0,0.042553,0.021277,0,0.021277,0.042553,0.021277,0,0,0
0.013514,0.027027,0,0.027027,0,0.013514,0.040541,0.013514,0.040541,0.027027,0.027027,0.013514,0,0.013514,0.013514,0,0,0.013514,0.013514,0.027027,0.067568,0.013514,0.067568,0.013514,0.013514,0.013514,0.027027,0.027027,0,0,0.027027,0,0,0.027027,0.013514,0.013514,0.027027,0.013514,0.013514,0.054054,0.013514,0.027027,0.027027,0,0,0.013514,0.013514,0,0,0.013514,0.013514,0,0.013514,0,0.054054,0.013514,0,0.013514,0.013514,0,0,0,0.013514,0
0.17647,0,0.058824,0.058824,0,0,0,0,0,0,0,0.058824,0,0,0,0.058824,0,0,0,0,0,0,0,0,0.058824,0,0,0.058824,0.058824,0.058824,0.058824,0,0,0,0,0,0,0,0,0,0.058824,0,0,0,0,0,0,0.058824,0,0,0,0.058824,0,0,0,0,0.11765,0,0,0,0,0,0,0
0.035088,0.035088,0,0,0.017544,0.017544,0.017544,0.017544,0,0,0.017544,0.017544,0,0.017544,0,0,0,0.017544,0,0,0.070175,0.052632,0,0.017544,0.017544,0.035088,0.017544,0,0,0.017544,0,0.017544,0,0,0.017544,0,0,0.070175,0.017544,0.017544,0,0,0,0,0,0,0,0,0.017544,0,0,0.017544,0.052632,0.070175,0,0.017544,0.087719,0.017544,0.052632,0,0,0.017544,0.017544,0.052632
0,0,0.027778,0,0.027778,0.083333,0.027778,0,0.027778,0,0,0,0,0,0,0.083333,0.027778,0.027778,0.055556,0,0.027778,0,0,0.083333,0.027778,0.027778,0,0,0,0,0,0.055556,0.055556,0.055556,0.027778,0,0.055556,0,0,0,0,0,0,0,0,0,0.027778,0,0,0,0,0,0,0,0.027778,0,0,0.027778,0.027778,0,0,0,0.083333,0
0.043478,0.021739,0.021739,0.021739,0.043478,0.043478,0,0,0,0,0,0.021739,0,0.043478,0,0.021739,0,0.043478,0.021739,0.043478,0.021739,0,0,0.021739,0.043478,0,0,0,0,0.021739,0,0,0.021739,0,0.021739,0,0.021739,0.021739,0,0.021739,0.065217,0,0,0,0.043478,0,0,0.021739,0,0.065217,0,0,0,0,0.021739,0.043478,0.021739,0,0,0.043478,0,0,0,0.065217
0.021739,0,0.021739,0,0.021739,0.021739,0.021739,0,0,0.021739,0.021739,0.021739,0.043478,0.021739,0.021739,0.043478,0,0.065217,0,0.021739,0.021739,0,0.021739,0,0.021739,0,0.065217,0.021739,0,0,0.021739,0,0.021739,0,0,0.043478,0,0,0.021739,0,0.043478,0.021739,0,0.021739,0,0,0.021739,0,0.021739,0,0.021739,0.021739,0,0,0,0,0,0.021739,0.021739,0,0,0.021739,0.065217,0.043478
0,0,0.066667,0,0.066667,0,0,0,0.066667,0,0.066667,0,0.066667,0.066667,0,0,0.066667,0,0,0,0,0,0,0,0,0,0,0,0,0,0,0,0,0.066667,0,0.066667,0,0.066667,0.066667,0,0,0.066667,0,0,0,0,0.066667,0,0,0,0.066667,0,0.066667,0,0,0,0,0,0,0,0,0,0,0
0.090909,0,0,0.090909,0,0,0,0,0,0,0,0,0.090909,0,0.18182,0,0,0,0,0,0,0,0,0,0,0,0,0,0,0,0,0,0,0,0,0,0,0,0,0,0.090909,0.090909,0,0,0,0,0,0.090909,0,0,0,0.090909,0,0,0,0,0,0,0,0,0.090909,0,0,0.090909
0.066667,0,0,0.066667,0,0,0,0,0,0,0,0,0,0,0,0,0.066667,0,0,0,0.066667,0,0,0,0,0,0,0.066667,0.066667,0,0,0,0,0,0,0,0.2,0,0.066667,0,0,0,0,0,0.13333,0,0,0,0,0,0,0,0,0,0,0,0.066667,0,0.066667,0,0,0,0,0.066667
0.071429,0,0,0.071429,0,0,0,0,0.071429,0,0,0,0,0.071429,0,0,0,0,0,0,0,0,0,0,0,0,0,0,0,0,0,0,0.071429,0,0,0,0,0,0,0,0.071429,0.071429,0.14286,0.071429,0,0.071429,0.071429,0,0,0,0,0,0,0,0,0,0,0.071429,0,0.071429,0,0,0,0
0.11765,0.058824,0,0,0,0,0,0,0,0,0,0,0,0.058824,0,0,0,0.058824,0,0,0.058824,0,0.058824,0,0.058824,0.058824,0.058824,0,0,0,0,0,0.11765,0,0.058824,0,0.058824,0,0,0,0,0.11765,0,0,0,0,0,0,0,0.058824,0,0,0,0,0,0,0,0,0,0,0,0,0,0
0.0625,0,0,0,0,0,0,0.0625,0,0,0,0,0,0,0,0,0,0,0,0,0,0,0,0,0,0,0,0.0625,0,0.125,0,0,0,0,0,0,0,0.0625,0,0,0,0,0,0,0,0.0625,0.1875,0,0,0.0625,0,0,0,0,0,0,0,0.0625,0,0.1875,0.0625,0,0,0
0.16667,0,0,0,0,0,0.083333,0,0.083333,0.083333,0,0,0,0,0,0,0,0,0,0,0.083333,0,0,0,0,0,0.083333,0,0,0,0,0,0,0,0,0,0,0,0,0,0,0,0,0,0,0,0.083333,0,0,0,0,0,0,0,0,0,0,0,0.083333,0,0.083333,0.083333,0,0.083333
0,0,0,0,0,0,0,0,0,0,0,0,0,0.076923,0,0.076923,0,0,0,0,0.076923,0,0,0,0,0.076923,0,0,0,0,0,0,0.15385,0,0,0,0,0,0.076923,0,0,0,0,0,0,0,0.076923,0,0.076923,0,0,0,0,0,0,0,0,0.076923,0,0,0.076923,0,0.076923,0.076923
0.090909,0.090909,0.090909,0,0.090909,0,0,0,0,0.18182,0,0,0,0,0,0,0,0,0.090909,0,0,0,0,0,0,0,0,0.090909,0,0,0,0,0,0,0,0,0,0,0,0,0.090909,0,0,0,0,0,0,0,0.090909,0,0,0,0,0,0,0,0.090909,0,0,0,0,0,0,0
0.14286,0.047619,0,0,0.2381,0,0.095238,0,0,0,0,0,0,0,0,0.095238,0,0,0.047619,0,0,0,0,0,0.047619,0,0,0,0,0,0,0,0,0,0.047619,0,0.047619,0,0,0,0,0,0,0,0.047619,0,0,0,0,0,0,0,0,0,0,0,0.047619,0,0,0,0.047619,0,0,0.047619
0.023256,0,0.023256,0.023256,0,0.023256,0,0,0.023256,0.046512,0,0,0,0.046512,0,0,0.023256,0.046512,0.023256,0,0.023256,0.046512,0.069767,0,0.023256,0.046512,0,0,0,0.046512,0,0,0.046512,0.023256,0,0.023256,0.023256,0,0,0,0,0.023256,0,0,0,0,0,0.023256,0,0,0,0,0.046512,0.023256,0.046512,0.023256,0.023256,0.023256,0.023256,0,0,0.023256,0.046512,0
0,0.038462,0,0,0,0,0,0,0,0.038462,0,0,0,0.038462,0,0,0.038462,0,0.038462,0,0,0,0.038462,0,0.038462,0,0.038462,0,0,0.038462,0,0,0.076923,0,0,0,0,0,0.076923,0.076923,0,0,0,0,0.038462,0,0,0,0.038462,0,0,0,0,0,0,0,0.038462,0.038462,0,0.038462,0.076923,0.038462,0.038462,0.076923
0,0,0,0,0.047619,0.047619,0,0,0,0.095238,0,0,0,0,0,0.047619,0,0,0,0,0,0,0,0,0,0.047619,0,0,0,0,0,0.14286,0,0,0,0.047619,0.047619,0.047619,0,0.095238,0.047619,0,0,0.047619,0,0,0.047619,0,0,0,0,0,0,0,0,0,0,0.047619,0,0.047619,0,0.047619,0,0.047619
0,0,0.025,0.025,0.025,0,0,0,0,0.025,0,0,0,0.025,0,0.05,0.05,0,0,0.025,0.025,0,0,0,0,0.025,0,0,0.025,0,0.025,0.025,0,0,0,0,0,0.05,0.05,0,0.025,0,0,0.025,0,0.05,0.025,0.05,0,0.025,0.025,0.025,0,0.025,0,0.075,0.025,0,0,0.025,0,0,0.05,0.075
0,0,0.038462,0.076923,0.038462,0,0.038462,0,0,0,0,0,0.038462,0.038462,0.038462,0,0.038462,0.038462,0,0.038462,0,0,0,0,0,0.076923,0,0,0,0,0,0.076923,0,0,0,0.038462,0,0,0,0,0,0.076923,0.038462,0,0,0,0,0,0,0,0,0,0.038462,0.076923,0.038462,0,0,0,0,0,0,0.076923,0,0.038462
0,0.058824,0,0.058824,0,0,0,0,0,0,0.058824,0,0,0,0.11765,0,0,0.058824,0,0,0,0,0.058824,0,0,0,0,0,0.058824,0,0,0.058824,0.058824,0,0.058824,0,0,0,0,0,0,0,0,0,0,0.058824,0,0,0,0,0,0,0.058824,0,0,0,0.058824,0.11765,0,0,0,0.058824,0,0
0,0,0,0,0,0,0,0,0,0,0,0.125,0,0,0,0,0,0,0,0,0.125,0,0.25,0,0,0,0,0,0,0,0,0,0,0,0,0,0,0,0,0,0,0,0,0.125,0,0,0,0,0,0,0,0,0,0,0,0,0.125,0,0.125,0,0.125,0,0,0
0,0,0.030303,0.030303,0,0,0,0,0,0,0,0,0,0,0.060606,0.030303,0.090909,0,0.060606,0,0,0,0.030303,0,0,0.030303,0.030303,0,0,0,0.030303,0,0,0,0,0.030303,0.060606,0,0,0,0.030303,0,0,0,0.030303,0,0.090909,0,0,0,0,0,0,0,0.030303,0.030303,0.060606,0.030303,0.060606,0.030303,0,0,0.060606,0.030303
0.05,0.15,0,0.05,0.05,0,0,0,0,0.15,0,0,0,0,0.05,0,0,0.05,0,0,0.05,0,0,0,0,0.05,0,0,0,0,0,0,0.05,0,0,0,0,0,0.05,0.05,0,0.05,0,0,0.05,0,0,0,0,0,0,0,0,0,0,0,0.05,0,0,0,0,0.05,0,0
0.020408,0,0,0,0.020408,0,0.020408,0,0,0.040816,0,0.040816,0.040816,0.040816,0,0.10204,0,0,0.040816,0,0,0,0.020408,0,0,0,0,0,0.061224,0.020408,0.061224,0.040816,0,0.020408,0.020408,0,0,0.020408,0.020408,0,0.020408,0,0,0.020408,0.020408,0,0,0.020408,0.020408,0.020408,0,0,0.020408,0,0.040816,0,0.020408,0.040816,0,0.020408,0.020408,0.020408,0,0.040816
0.096774,0,0,0.032258,0.064516,0,0,0,0.032258,0.032258,0.032258,0,0,0.032258,0.032258,0,0.064516,0,0.032258,0.032258,0.032258,0,0,0,0.032258,0.032258,0.032258,0,0,0,0.032258,0,0,0,0,0,0.032258,0,0,0.032258,0.032258,0,0.032258,0,0,0,0.032258,0,0.032258,0,0,0,0.032258,0,0.064516,0.032258,0,0,0,0,0.032258,0,0,0
0,0.076923,0,0,0.019231,0,0.038462,0,0,0.038462,0,0.076923,0,0,0,0.038462,0,0,0.019231,0.019231,0,0,0,0,0.019231,0.057692,0,0.038462,0,0.038462,0.019231,0.038462,0,0,0.019231,0,0.038462,0.057692,0.019231,0,0.019231,0,0.019231,0,0.019231,0,0,0,0,0,0,0,0.019231,0.019231,0.076923,0.019231,0.019231,0,0.019231,0,0.019231,0.038462,0.038462,0
0,0,0,0,0,0,0,0.071429,0,0,0,0,0,0,0,0,0.071429,0,0,0.071429,0,0,0,0,0,0,0,0,0,0,0.071429,0,0,0,0,0,0,0,0.071429,0,0,0,0,0,0,0,0.071429,0,0,0,0,0.14286,0.071429,0,0,0,0.071429,0,0,0.071429,0.071429,0,0,0.14286
0,0.05,0,0,0.025,0,0,0,0.025,0.025,0.025,0,0,0.025,0,0.05,0.025,0,0,0,0,0.05,0,0.025,0,0.05,0,0,0,0.075,0,0.05,0.025,0.05,0,0,0.025,0,0,0,0,0.025,0,0,0,0.025,0.025,0.075,0,0.05,0,0,0,0,0,0.025,0.025,0.05,0.025,0,0.025,0.025,0,0.025
0,0.048387,0.016129,0.016129,0.048387,0,0,0,0,0,0,0,0,0,0.016129,0.048387,0,0,0.016129,0.016129,0,0.016129,0.016129,0,0.032258,0,0,0,0,0.032258,0.032258,0.080645,0,0.016129,0,0,0.016129,0,0.016129,0.016129,0,0.032258,0,0,0.016129,0.032258,0.032258,0.016129,0.048387,0.016129,0,0.032258,0.032258,0.032258,0.016129,0,0.032258,0.032258,0.016129,0,0.016129,0.048387,0,0.048387
0.0625,0.03125,0,0,0.0625,0,0,0.03125,0,0,0,0,0.03125,0.03125,0.125,0,0.03125,0,0,0.0625,0,0,0,0.03125,0.03125,0.03125,0,0.03125,0,0.0625,0,0,0,0.03125,0,0,0,0,0,0.03125,0,0,0,0.03125,0,0.03125,0,0,0.0625,0,0,0,0,0,0,0.03125,0,0.03125,0,0,0.0625,0,0.03125,0
0.071429,0.02381,0,0.047619,0.02381,0,0.02381,0,0,0,0,0,0.071429,0,0.071429,0,0.047619,0.02381,0,0,0,0.02381,0,0,0,0,0,0,0,0.02381,0,0,0.071429,0,0,0,0,0.047619,0.02381,0,0,0,0,0,0.02381,0.02381,0.047619,0.02381,0.02381,0,0,0.02381,0,0,0.02381,0,0.02381,0,0.047619,0.02381,0.047619,0.02381,0.02381,0.02381
0,0,0,0,0,0,0,0,0,0,0,0.052632,0,0,0,0,0,0,0,0,0,0,0,0,0,0,0.052632,0.052632,0,0.052632,0,0,0,0,0,0,0.052632,0,0,0,0,0,0,0,0,0,0.10526,0.052632,0,0,0,0,0.052632,0,0,0,0,0,0.052632,0.21053,0.052632,0.052632,0.15789,0
0.045455,0,0,0,0.090909,0,0.045455,0,0,0,0.090909,0,0,0.045455,0,0,0.045455,0,0,0,0,0,0,0,0.090909,0.045455,0.045455,0.045455,0.045455,0,0,0,0,0,0.045455,0.045455,0,0,0,0,0.045455,0,0,0,0,0,0,0,0,0,0,0,0.045455,0,0,0,0.045455,0.090909,0,0,0.045455,0,0,0
0.083333,0,0.083333,0,0.083333,0,0,0,0,0.083333,0,0,0,0,0,0,0,0,0,0,0,0,0,0,0,0,0,0,0,0,0,0,0,0,0,0.083333,0,0,0.083333,0,0.083333,0,0,0,0,0,0,0,0,0,0,0,0.083333,0,0,0,0.16667,0,0.083333,0,0.083333,0,0,0
0.047619,0,0.047619,0,0,0.095238,0.095238,0,0.095238,0,0.095238,0.047619,0,0.047619,0,0,0.095238,0,0,0.047619,0.047619,0,0,0.047619,0,0,0,0,0,0,0.047619,0,0.047619,0,0,0,0,0.047619,0,0,0,0,0,0,0,0,0,0,0,0,0,0,0,0.047619,0,0,0,0,0,0,0,0,0,0
0,0,0,0,0.064516,0,0,0.064516,0,0,0,0.032258,0,0.064516,0,0.032258,0,0.032258,0,0.032258,0,0.032258,0,0,0,0.032258,0.032258,0,0.032258,0,0.032258,0,0.032258,0.032258,0,0,0.032258,0.032258,0.032258,0.064516,0,0,0.096774,0,0,0,0,0,0,0,0,0,0,0,0,0,0.096774,0,0,0,0,0.032258,0,0.064516
0,0,0,0.10526,0.10526,0,0,0,0,0,0,0,0.052632,0,0.052632,0,0.052632,0.052632,0,0,0.052632,0,0,0,0,0,0,0.052632,0,0,0,0,0,0,0,0,0.052632,0.052632,0,0,0,0,0,0,0,0,0.10526,0,0,0,0,0,0.052632,0,0.052632,0,0.052632,0,0,0.052632,0.052632,0,0,0
0.04,0,0.04,0.04,0.04,0,0,0,0.08,0,0.04,0,0.04,0,0.08,0.04,0,0,0,0.04,0.04,0,0,0,0,0,0,0,0.04,0.04,0,0,0.04,0,0,0.04,0,0,0.04,0,0.04,0,0,0,0,0,0,0,0,0,0.04,0.04,0,0,0,0.04,0.04,0,0,0,0,0,0.04,0.04
0.028571,0,0.028571,0.028571,0.057143,0.028571,0.028571,0.057143,0,0.028571,0,0.028571,0,0,0,0.057143,0.057143,0.028571,0,0,0.028571,0,0,0,0.057143,0.028571,0,0.028571,0.028571,0,0,0.028571,0,0,0,0,0,0.028571,0,0.057143,0,0,0.028571,0.028571,0,0,0,0,0.057143,0,0,0,0.028571,0,0,0,0,0,0,0,0,0,0.057143,0.057143
0,0,0,0.033333,0.033333,0,0,0,0,0,0,0.033333,0.1,0,0.033333,0.1,0,0,0,0.033333,0,0,0,0.033333,0,0,0,0,0,0,0.033333,0,0,0,0,0,0,0,0,0,0,0,0,0.033333,0.066667,0.066667,0,0,0.033333,0.033333,0.033333,0,0.033333,0,0,0.033333,0.033333,0.033333,0,0,0.033333,0,0,0.13333
0,0.013333,0.013333,0,0.026667,0,0.026667,0.013333,0.013333,0.026667,0,0.04,0.013333,0,0,0.026667,0.013333,0.04,0,0.026667,0.013333,0.013333,0,0.013333,0,0.026667,0.013333,0,0,0.053333,0.04,0.026667,0,0.013333,0.013333,0.013333,0.013333,0.026667,0.026667,0.026667,0,0.026667,0.013333,0.013333,0,0.013333,0.026667,0.026667,0,0,0,0.026667,0,0.026667,0.013333,0.026667,0.013333,0.026667,0,0.013333,0.026667,0,0.013333,0.066667
0,0.030303,0,0.030303,0,0,0,0.030303,0,0.030303,0,0.030303,0,0.060606,0.030303,0,0.030303,0,0.060606,0.060606,0.030303,0,0,0,0,0,0.090909,0,0,0.030303,0,0,0.030303,0,0,0,0,0,0.030303,0,0.030303,0,0,0.030303,0,0,0,0,0,0.030303,0,0.030303,0,0.030303,0,0.030303,0,0.060606,0.030303,0,0.030303,0.060606,0,0.030303
0.064516,0.032258,0,0,0.032258,0.032258,0,0,0,0.032258,0,0.064516,0,0.064516,0.032258,0,0,0,0,0.032258,0.064516,0,0,0,0.032258,0,0,0,0,0,0.032258,0.032258,0,0,0,0,0.032258,0,0.032258,0,0,0.064516,0.032258,0,0,0.032258,0,0,0.032258,0,0,0.032258,0.064516,0,0,0,0,0.032258,0.032258,0,0.032258,0.032258,0,0
0.22222,0.055556,0.055556,0.055556,0.055556,0.055556,0,0,0.055556,0,0,0,0,0,0,0,0.055556,0,0,0,0,0,0,0,0.055556,0,0,0,0,0,0,0,0,0,0,0,0.16667,0,0,0,0,0.055556,0,0,0,0,0,0,0,0,0,0,0.055556,0,0,0,0.055556,0,0,0,0,0,0,0
0,0.083333,0,0,0,0,0,0,0,0,0,0,0,0,0.083333,0,0.083333,0,0,0,0.083333,0,0,0,0.25,0,0,0.083333,0,0.083333,0,0.083333,0,0,0,0,0,0,0,0.083333,0,0,0.083333,0,0,0,0,0,0,0,0,0,0,0,0,0,0,0,0,0,0,0,0,0
0,0.047619,0.047619,0,0,0,0.047619,0.047619,0,0,0,0,0,0,0,0,0.047619,0.047619,0.095238,0,0,0.047619,0,0,0,0,0,0,0,0,0,0,0.047619,0.047619,0,0,0,0,0.095238,0,0,0,0,0,0.095238,0.047619,0,0,0,0,0,0,0.095238,0,0,0,0.047619,0,0,0,0,0.047619,0,0.047619
0.064516,0.096774,0,0.096774,0,0,0.064516,0.032258,0.032258,0,0,0,0,0,0,0.032258,0,0,0,0,0,0.032258,0,0,0,0.032258,0,0.064516,0,0,0,0,0,0,0,0,0.032258,0,0,0,0,0.032258,0,0.032258,0,0,0.032258,0,0.064516,0,0,0,0.032258,0,0.032258,0,0.032258,0.032258,0.032258,0,0,0.032258,0.032258,0.032258
0.088235,0.088235,0.029412,0,0.088235,0.029412,0,0,0,0,0,0.029412,0.029412,0,0.058824,0,0.058824,0,0,0.029412,0.029412,0,0.029412,0,0.029412,0,0,0,0.029412,0,0,0,0.088235,0,0,0,0.029412,0,0,0,0,0,0,0,0,0,0,0,0.088235,0,0,0,0,0.058824,0,0,0,0,0,0.058824,0.029412,0,0,0
0,0,0,0.030303,0,0,0.030303,0,0,0,0,0.030303,0,0,0,0.060606,0,0,0.030303,0,0,0,0.030303,0,0,0.090909,0.030303,0,0,0.030303,0,0,0,0,0,0.030303,0,0,0,0.030303,0.15152,0.030303,0,0.030303,0,0.030303,0,0,0.030303,0,0.030303,0,0.030303,0,0,0.030303,0.030303,0,0.030303,0.030303,0,0.060606,0,0.060606
0.019608,0,0.039216,0.019608,0,0,0.019608,0.019608,0,0,0.019608,0.019608,0,0.019608,0,0.019608,0,0.019608,0,0.039216,0.019608,0,0.039216,0,0.019608,0.058824,0.039216,0,0.019608,0,0.039216,0.019608,0,0.019608,0,0,0,0,0.019608,0.019608,0.039216,0.019608,0,0.019608,0,0.019608,0.039216,0,0.019608,0.039216,0,0.039216,0.019608,0,0.039216,0,0,0,0,0.058824,0.019608,0.019608,0.039216,0
0.090909,0,0,0,0,0,0,0,0.090909,0,0,0,0,0,0.090909,0.090909,0,0,0,0,0,0,0,0,0,0,0,0,0,0,0,0,0.090909,0,0,0,0,0.090909,0,0,0.18182,0.090909,0.090909,0,0,0,0,0,0,0,0,0.090909,0,0,0,0,0,0,0,0,0,0,0,0
0,0,0.1,0,0,0,0,0,0,0,0,0,0,0.1,0.1,0,0,0,0,0,0,0,0.1,0,0,0,0,0,0,0,0,0,0.2,0,0.1,0.1,0,0,0,0,0,0,0.1,0,0,0,0,0,0,0,0,0,0,0,0,0,0,0,0,0,0.1,0,0,0
0.076923,0.046154,0.030769,0.046154,0,0.046154,0.030769,0,0.015385,0,0,0.015385,0,0.015385,0.030769,0,0.015385,0,0.015385,0,0,0.015385,0.030769,0,0,0,0.030769,0,0,0.030769,0,0.015385,0,0,0.030769,0,0.030769,0.061538,0.015385,0.015385,0,0.076923,0,0,0,0,0.015385,0,0,0,0,0,0,0,0.030769,0,0.046154,0.076923,0.030769,0,0.030769,0.015385,0,0.015385
0.058824,0,0,0,0.11765,0,0.058824,0,0,0,0,0.058824,0,0,0,0.058824,0,0,0,0,0.058824,0,0,0,0,0.058824,0,0,0.058824,0,0,0,0,0,0,0.17647,0.11765,0,0,0.058824,0,0,0,0,0.058824,0,0,0.058824,0,0,0,0,0,0,0,0,0,0,0,0,0,0,0,0
0.071429,0,0,0,0,0,0,0,0,0,0,0,0,0,0,0,0,0,0,0.071429,0.071429,0,0,0,0.071429,0,0,0.071429,0,0.071429,0,0.071429,0,0.071429,0,0.071429,0,0,0,0,0,0,0,0,0,0.071429,0,0,0.071429,0,0,0,0,0,0,0,0.071429,0,0.14286,0,0,0,0,0
0.041667,0.041667,0.041667,0,0.020833,0.0625,0,0.020833,0,0.041667,0,0,0,0,0.020833,0,0.041667,0.020833,0,0,0,0.041667,0,0,0,0,0,0,0.020833,0.020833,0,0.020833,0.020833,0,0.020833,0,0,0,0,0,0.041667,0,0,0.020833,0.020833,0.020833,0,0.020833,0.020833,0,0,0.020833,0.020833,0,0,0.020833,0.083333,0.041667,0,0,0,0,0.14583,0.020833
0.15385,0.076923,0,0,0,0,0,0,0,0.076923,0,0,0.076923,0.076923,0,0.076923,0,0,0,0,0,0,0,0,0.076923,0,0,0,0,0,0,0,0.076923,0,0,0,0.076923,0,0.076923,0,0,0,0,0,0,0,0,0,0,0,0,0,0,0,0.076923,0,0,0,0,0,0.076923,0,0,0
0,0,0,0,0,0,0.055556,0.027778,0.027778,0.027778,0.027778,0.027778,0.055556,0.027778,0,0,0.027778,0.027778,0,0,0.027778,0,0,0,0,0.027778,0.055556,0,0,0.055556,0.027778,0.027778,0,0,0,0,0.027778,0,0.027778,0.083333,0.11111,0,0,0,0,0,0.055556,0,0.027778,0,0,0,0.027778,0,0,0.027778,0,0.027778,0.027778,0,0,0,0,0
0,0,0,0,0.14286,0,0,0,0.071429,0,0,0,0,0,0,0.071429,0,0,0,0,0,0,0,0.071429,0,0,0,0,0,0,0,0,0.071429,0,0,0,0,0,0,0,0,0,0,0,0,0,0.071429,0.071429,0.071429,0.071429,0,0.071429,0,0,0,0,0.071429,0,0,0,0.071429,0,0,0.071429
0.095238,0,0.047619,0,0,0,0,0,0.047619,0.047619,0,0,0,0,0.047619,0,0,0.047619,0,0,0,0.047619,0,0,0,0,0,0.047619,0,0,0,0,0,0,0,0,0,0,0.14286,0,0.047619,0,0,0.047619,0.047619,0,0,0.047619,0.14286,0.047619,0,0,0,0,0,0,0,0,0,0.047619,0,0,0,0
0.10714,0,0,0,0.035714,0,0,0,0.035714,0,0.035714,0,0,0,0,0.035714,0,0,0,0.035714,0,0,0.035714,0,0,0.035714,0.071429,0,0,0,0.10714,0,0,0,0,0,0,0,0,0,0.035714,0,0,0,0,0.035714,0.035714,0,0,0,0,0,0,0,0,0,0,0.035714,0,0.035714,0.071429,0,0.17857,0.035714
0.015385,0.015385,0.046154,0.015385,0,0.015385,0,0.015385,0.015385,0.015385,0,0.030769,0.015385,0,0.015385,0.015385,0.015385,0,0.015385,0,0.030769,0,0.015385,0,0.030769,0.015385,0.030769,0,0.015385,0.030769,0,0,0.030769,0.015385,0,0,0.046154,0,0.015385,0.030769,0,0.015385,0.015385,0,0,0,0,0.015385,0,0.015385,0,0.015385,0.076923,0.015385,0.030769,0.030769,0.030769,0.061538,0.061538,0.015385,0,0,0.030769,0
0,0,0,0,0,0,0,0,0.083333,0,0,0,0,0,0.083333,0.083333,0,0,0,0,0,0,0,0,0,0,0.083333,0,0,0,0.083333,0,0,0,0,0.083333,0,0,0,0.083333,0,0,0,0,0,0.083333,0,0,0,0,0.083333,0,0,0.083333,0,0,0,0.083333,0.083333,0,0,0,0,0
0,0,0,0,0,0.041667,0,0.041667,0.041667,0,0,0.041667,0,0.041667,0.041667,0,0.083333,0,0,0,0,0,0,0,0,0,0,0,0.041667,0,0.041667,0.041667,0,0.041667,0,0,0.083333,0.041667,0,0,0,0,0,0,0.041667,0,0,0.041667,0.041667,0,0.041667,0,0,0,0.041667,0.041667,0.041667,0,0,0,0.083333,0,0,0
0,0.047619,0,0.047619,0,0,0,0.047619,0,0,0,0,0,0.047619,0,0.14286,0.095238,0,0,0.047619,0,0,0.047619,0,0,0,0,0,0,0.047619,0,0,0,0,0,0,0.047619,0.047619,0,0,0,0,0,0,0,0,0.14286,0.047619,0,0,0,0,0,0,0.095238,0,0,0.047619,0,0,0,0,0,0
0.042553,0,0,0,0.06383,0,0,0,0.021277,0,0.042553,0,0.021277,0,0.042553,0.042553,0.021277,0,0.021277,0.06383,0,0,0,0,0,0.021277,0,0,0.021277,0,0.021277,0.042553,0,0,0,0,0.042553,0,0,0,0.021277,0,0,0,0,0.021277,0.021277,0,0.021277,0.042553,0,0.042553,0.021277,0,0,0.021277,0,0.042553,0.021277,0.10638,0.042553,0,0.021277,0.021277
0,0.11111,0,0.11111,0.11111,0,0,0,0,0,0,0,0,0,0.11111,0,0,0,0,0,0,0,0,0,0,0,0.11111,0,0,0,0,0,0,0,0,0,0,0,0,0,0,0.11111,0,0,0.11111,0,0,0,0.11111,0,0,0,0,0,0,0,0,0,0,0,0,0,0,0.11111
0,0,0,0.064516,0,0,0,0,0.064516,0,0,0,0.12903,0.032258,0.032258,0.064516,0.064516,0,0,0.032258,0,0,0,0,0,0,0,0,0.032258,0,0,0.032258,0,0,0,0,0,0,0,0,0.032258,0,0.032258,0,0.032258,0.032258,0,0,0,0.032258,0,0.032258,0,0,0,0,0,0,0.096774,0.096774,0.032258,0.032258,0,0
0.073171,0,0,0.073171,0.073171,0,0,0,0,0.02439,0,0,0.04878,0,0.02439,0.02439,0.02439,0.02439,0,0,0,0,0,0,0,0.02439,0,0.02439,0,0,0,0.02439,0.02439,0,0,0,0,0,0,0,0.02439,0.02439,0.02439,0.02439,0.02439,0,0,0.02439,0.073171,0.04878,0,0.02439,0,0.02439,0,0.073171,0,0.02439,0,0.02439,0.02439,0.02439,0,0.02439
0,0,0.052632,0,0,0,0,0,0.052632,0,0,0,0.052632,0,0,0,0,0,0,0,0,0,0,0.052632,0,0,0,0,0,0,0.052632,0.052632,0,0,0,0,0,0,0,0,0,0,0,0,0.15789,0,0,0.10526,0.052632,0,0.052632,0.052632,0.052632,0.052632,0,0,0,0,0,0,0,0.052632,0,0.10526
0,0,0,0,0,0,0,0,0,0.090909,0,0,0,0,0,0,0,0,0,0,0,0,0,0,0,0.090909,0,0.18182,0.090909,0,0,0,0,0,0,0,0,0,0,0,0,0,0,0,0,0,0.36364,0,0,0,0,0,0,0,0,0,0,0.090909,0,0,0,0,0.090909,0
0.0625,0,0.0625,0,0.0625,0,0,0,0.0625,0,0,0,0.0625,0,0.0625,0.0625,0,0,0,0,0,0.0625,0,0,0,0,0,0,0,0.0625,0,0,0,0,0,0,0.125,0.0625,0,0,0,0,0,0,0,0,0,0,0.0625,0,0,0.125,0,0,0,0,0,0,0,0,0,0,0,0.0625
0.074074,0.11111,0.037037,0.074074,0.037037,0.037037,0,0,0,0.037037,0,0.037037,0.037037,0,0,0.037037,0.11111,0.037037,0,0,0.074074,0,0,0,0,0,0,0,0.037037,0,0.037037,0,0,0,0,0,0,0.037037,0,0,0,0,0,0,0,0.037037,0,0,0.037037,0,0.037037,0,0,0,0,0,0,0.037037,0,0,0,0,0,0
0.088235,0,0,0,0.058824,0,0.058824,0.029412,0.029412,0,0,0,0,0,0.058824,0,0,0,0,0,0.029412,0,0,0.058824,0,0,0.029412,0,0,0,0,0.029412,0.029412,0,0,0,0.029412,0.029412,0,0.058824,0,0.029412,0.029412,0,0,0,0,0,0.029412,0,0,0,0,0.029412,0,0,0.029412,0.11765,0.029412,0,0,0,0.029412,0.058824
0.030303,0.030303,0,0.060606,0,0,0,0,0,0,0,0,0,0,0,0.030303,0.060606,0,0,0,0,0,0.030303,0.030303,0,0,0.030303,0.060606,0,0.060606,0.030303,0.030303,0.060606,0,0,0,0.060606,0,0,0.030303,0.060606,0.030303,0,0,0,0,0,0.030303,0,0,0,0.030303,0,0,0,0,0.030303,0,0.030303,0,0.060606,0,0.030303,0.060606
0.030303,0.060606,0.030303,0,0.030303,0,0.030303,0.030303,0.060606,0.030303,0,0.030303,0.060606,0,0,0.030303,0,0,0.030303,0,0.060606,0,0,0.030303,0.030303,0.060606,0,0.030303,0,0.030303,0,0.030303,0.030303,0,0,0,0.060606,0.030303,0,0,0,0,0,0,0,0,0,0,0,0,0,0,0.030303,0.030303,0,0,0.030303,0,0,0,0,0,0,0.060606
0.02439,0,0,0,0,0.02439,0,0,0,0,0,0.02439,0.02439,0.02439,0.04878,0.02439,0,0.04878,0,0,0.04878,0.02439,0.02439,0.02439,0,0.02439,0,0,0,0,0.02439,0.02439,0.02439,0,0.073171,0,0,0.02439,0,0.04878,0.02439,0.02439,0,0.02439,0,0,0,0,0.073171,0,0,0,0,0.02439,0,0.02439,0.02439,0.02439,0,0,0.02439,0.02439,0.02439,0.073171
0,0,0,0,0,0,0,0,0,0.0625,0.0625,0.0625,0,0,0,0,0,0,0,0,0.0625,0,0,0,0.0625,0,0,0,0.0625,0.0625,0,0,0,0,0,0,0,0,0.0625,0.0625,0,0.0625,0,0,0,0,0,0,0,0.0625,0,0.0625,0,0.0625,0,0,0,0,0.0625,0,0,0.0625,0.0625,0
0,0,0.066667,0,0.066667,0,0,0.066667,0,0,0,0,0,0,0,0.13333,0,0.066667,0,0,0,0,0,0,0,0,0,0,0,0,0,0.066667,0,0,0,0,0,0,0,0,0,0,0,0.066667,0,0,0,0.066667,0,0,0,0,0,0.066667,0,0,0,0.066667,0,0.066667,0,0,0.066667,0.13333
0.035714,0,0,0.035714,0.14286,0.035714,0,0.035714,0,0.035714,0,0.035714,0,0,0,0.035714,0,0.071429,0,0.071429,0,0.035714,0.035714,0,0,0,0,0,0,0,0.071429,0,0,0,0,0.035714,0.035714,0,0,0.035714,0,0,0,0,0,0,0,0,0,0,0,0,0,0,0.035714,0.035714,0.035714,0.10714,0,0,0,0,0,0
0,0,0,0,0,0,0,0.2,0,0,0,0,0,0,0.1,0,0,0.1,0,0,0,0,0,0,0,0,0,0,0.1,0,0,0,0,0,0,0,0,0.1,0,0,0,0,0,0,0,0,0,0,0,0,0,0,0.1,0,0,0,0.1,0,0,0,0,0.1,0,0.1
0.11765,0,0,0.058824,0,0,0,0,0.058824,0,0,0,0.11765,0,0.058824,0.11765,0,0,0,0,0,0,0,0,0,0,0,0,0,0,0,0,0,0,0,0,0,0,0,0.058824,0,0,0,0,0.058824,0,0,0.058824,0,0,0,0,0.058824,0,0.058824,0,0.058824,0,0,0,0.11765,0,0,0
0,0,0,0,0,0.1,0,0,0,0,0,0,0,0,0,0,0.2,0,0,0,0,0.1,0,0,0,0,0,0,0,0,0,0,0,0,0,0,0,0.1,0,0.1,0,0.1,0,0,0,0,0,0,0.2,0,0,0,0,0,0,0.1,0,0,0,0,0,0,0,0
0,0,0.076923,0,0.076923,0,0,0,0,0,0,0.076923,0.076923,0,0,0,0,0,0,0,0.076923,0,0,0,0,0,0,0,0,0,0.076923,0,0,0,0.076923,0,0,0,0.076923,0,0,0,0,0,0,0.076923,0,0,0,0.076923,0,0,0,0,0,0,0,0,0,0.076923,0,0,0,0.15385
0,0,0,0,0,0,0,0.076923,0,0,0,0,0,0.076923,0,0.076923,0.076923,0,0,0,0,0,0,0,0.076923,0,0,0,0,0.076923,0,0,0,0,0,0.076923,0,0.076923,0.076923,0,0,0,0,0,0,0,0,0.076923,0,0.076923,0.076923,0,0,0,0,0,0,0,0,0,0,0,0,0.076923
0.09375,0.03125,0.0625,0,0,0,0,0,0,0.03125,0,0,0.03125,0,0.03125,0,0.15625,0.03125,0.1875,0,0,0,0,0,0,0,0.03125,0,0.0625,0,0,0,0.0625,0,0.03125,0,0,0,0,0,0,0,0,0,0.03125,0,0,0,0.03125,0,0,0,0,0,0,0,0,0.0625,0,0,0,0,0,0.03125
0,0.04,0,0.04,0,0.04,0,0,0,0,0,0.08,0,0.04,0.04,0,0,0,0,0,0.04,0,0,0,0,0,0,0,0,0,0.04,0,0,0,0,0,0.04,0,0.04,0,0,0,0,0.04,0,0.04,0.12,0,0,0,0.04,0,0,0,0,0,0.04,0.04,0.04,0.04,0,0,0.12,0.04
0.047619,0,0,0,0.02381,0,0,0,0,0.02381,0,0,0.047619,0,0,0.071429,0,0.02381,0.02381,0.02381,0.02381,0.095238,0.02381,0.047619,0,0.047619,0,0.02381,0,0,0.047619,0,0,0,0,0.02381,0.095238,0,0,0,0,0.047619,0,0,0,0,0.02381,0.047619,0,0,0,0,0,0,0,0,0,0.095238,0.02381,0,0,0.02381,0,0.02381
0.043478,0,0,0,0.043478,0,0.043478,0,0,0,0.043478,0,0.043478,0,0.043478,0,0.17391,0,0,0.043478,0,0.043478,0.043478,0,0,0,0,0,0,0,0,0.043478,0.043478,0,0,0,0,0,0,0,0,0,0,0,0,0,0,0,0,0,0,0,0.043478,0,0,0,0,0.043478,0.043478,0.086957,0.043478,0.043478,0.043478,0
0.078947,0.026316,0.026316,0,0,0.026316,0,0.026316,0,0.026316,0.026316,0,0,0.052632,0,0,0,0,0,0,0,0.026316,0.052632,0,0.052632,0.052632,0,0.052632,0.026316,0,0,0.026316,0,0,0,0,0,0.026316,0.026316,0,0.052632,0,0.026316,0,0.026316,0.026316,0.026316,0,0,0,0,0,0,0.026316,0.026316,0,0,0.078947,0.026316,0,0,0,0.026316,0.026316
0,0.047619,0.047619,0.047619,0,0,0,0,0,0,0,0,0,0,0,0.095238,0.095238,0.047619,0,0,0,0.047619,0.047619,0,0.047619,0,0.047619,0,0,0,0,0,0,0,0,0.047619,0,0,0.047619,0,0,0,0,0,0,0,0,0.047619,0,0,0,0,0,0,0,0,0,0,0,0.047619,0,0.14286,0.047619,0.047619
0.1,0,0.05,0,0,0.05,0,0,0.05,0,0.05,0,0,0,0.05,0.05,0,0,0,0,0,0,0,0,0,0,0,0.05,0,0,0,0,0.05,0,0,0,0.05,0,0,0.1,0,0,0,0,0,0,0,0,0,0,0.05,0,0,0,0.05,0,0.05,0,0,0.05,0,0,0.1,0.05
0,0,0,0,0.076923,0,0.038462,0,0.038462,0.038462,0,0.038462,0.15385,0,0,0,0.076923,0,0,0,0,0,0,0,0,0,0,0,0.038462,0,0,0,0,0,0,0,0,0,0,0,0,0,0.038462,0,0,0,0.038462,0,0.038462,0.038462,0,0.076923,0,0,0,0,0.038462,0.038462,0,0.076923,0.038462,0.076923,0,0
0,0,0,0.04,0,0.04,0,0,0,0,0,0.04,0,0,0,0.04,0,0,0.04,0.04,0,0.04,0,0,0,0,0,0.04,0.04,0,0,0,0,0,0,0,0,0,0,0.04,0,0,0.04,0,0,0.04,0.08,0,0,0,0.04,0,0,0,0.04,0,0.04,0.04,0,0.08,0,0,0.04,0.16
0.041667,0.041667,0.041667,0,0,0.083333,0,0,0,0,0,0.041667,0.083333,0,0,0.041667,0,0,0.041667,0.041667,0.041667,0,0,0,0,0,0,0,0,0,0,0,0.125,0,0.041667,0,0.041667,0.041667,0.041667,0,0,0,0,0,0,0,0,0,0.041667,0,0,0,0,0,0.041667,0,0,0.083333,0,0,0,0.041667,0,0
0,0.043478,0,0.043478,0,0,0,0,0,0,0.043478,0,0,0,0.043478,0,0,0.086957,0.043478,0.043478,0.043478,0,0.13043,0.086957,0,0,0,0,0,0,0,0,0,0,0,0,0,0,0,0,0,0,0,0,0,0,0.043478,0,0,0,0,0,0.086957,0.043478,0,0,0,0.043478,0,0,0,0,0.086957,0.086957
0,0,0,0,0,0,0,0,0.076923,0.076923,0,0,0,0,0,0,0,0,0,0,0.076923,0,0,0,0,0,0,0,0,0,0,0,0,0,0,0,0.076923,0.076923,0.076923,0,0,0.076923,0,0,0,0,0,0,0.076923,0,0,0,0,0,0,0,0,0.15385,0.076923,0.076923,0.076923,0,0,0
0,0,0,0.05,0.05,0,0,0,0,0,0,0,0.1,0,0,0.05,0,0.05,0,0,0,0,0,0,0,0,0,0,0,0,0.05,0,0,0,0.1,0.05,0,0.05,0,0.05,0.05,0,0,0,0.15,0,0.05,0,0,0,0,0,0,0,0,0.1,0,0,0,0,0.05,0,0,0
0.038462,0,0.038462,0,0,0,0,0,0,0,0,0,0,0,0,0.19231,0,0,0,0,0,0.038462,0.11538,0,0.038462,0.038462,0,0.038462,0,0.038462,0,0.038462,0,0,0,0,0,0.038462,0,0,0,0,0,0,0,0,0,0.076923,0,0,0,0,0.038462,0,0,0,0.038462,0,0,0,0,0.076923,0.038462,0.076923
0,0,0.021739,0.021739,0,0,0,0.043478,0.043478,0,0,0.021739,0,0.021739,0,0.043478,0,0,0,0.021739,0.086957,0,0,0.021739,0.021739,0,0.021739,0.021739,0,0,0.043478,0.021739,0,0,0,0.021739,0.043478,0,0,0,0.021739,0,0.021739,0,0,0.021739,0,0.021739,0.043478,0,0.021739,0,0.021739,0.021739,0,0,0.043478,0.021739,0.021739,0,0,0.065217,0.021739,0.086957
0.23077,0.076923,0,0,0,0,0,0.076923,0,0,0,0,0,0,0,0,0,0,0,0,0,0.076923,0,0,0.076923,0,0,0,0,0,0,0,0,0,0,0,0,0.076923,0,0.076923,0,0,0,0,0,0,0,0,0,0,0,0,0,0,0,0.076923,0,0.076923,0,0,0,0.076923,0,0.076923
0,0,0,0,0,0,0.052632,0,0,0,0,0,0,0,0.052632,0.15789,0,0.052632,0,0,0,0,0,0,0,0,0,0,0,0,0,0,0,0,0,0.10526,0.052632,0,0,0,0,0,0,0,0,0,0,0.052632,0,0,0.10526,0.10526,0.052632,0,0,0,0,0,0.052632,0,0.052632,0,0,0.10526
0,0,0,0,0,0.052632,0,0,0,0.10526,0,0,0.052632,0,0,0,0,0,0.10526,0.052632,0,0.052632,0,0,0,0,0,0,0,0.052632,0,0.052632,0.052632,0,0,0,0.052632,0,0.052632,0,0,0.052632,0,0,0,0,0,0,0.052632,0,0,0.052632,0,0,0,0,0,0,0,0.052632,0,0,0,0.10526
0.017544,0,0.017544,0,0.052632,0,0,0,0.017544,0.017544,0.035088,0,0.017544,0,0,0.017544,0.017544,0,0.052632,0,0,0,0.017544,0,0.017544,0.035088,0,0.035088,0.035088,0.070175,0,0,0.035088,0.017544,0.017544,0.017544,0.052632,0.052632,0.017544,0,0,0,0.017544,0,0,0.017544,0,0.017544,0.017544,0,0,0.017544,0,0,0.017544,0,0,0.035088,0.017544,0.10526,0,0.035088,0.017544,0
